160.000000	160.000000	291843344	2914	291843344	0.500000	0000000000111111111111111111111111111111111111111100000000001111111111111111111100000000000000000000111111111100000000001111111111000000000011111111110000000000111111111100000000000000000000111111111100000000001111111111000000000000000000001111111111000000000000000000000000000000000000000000000000000000000000111111111111111111111111111111111111111111111111110000000000000000000011111111111111111111	2914	1571767210
160.000000	160.000000	346888528	3618	346888528	0.500000	0000000000111111111111111111111111111111000000000000000000000000000000111111111100000000000000000000000000000011111111110000000000111111111111111111111111111111000000000000000000001111111111000000000011111111111111111111111111111100000000000000000000111111111111111111111111111111111111111111111111110000000000000000000000000000000000000000000000000000000000001111111111111111111111111111110000000000	3618	1571767215
160.000000	160.000000	201243270	1573	201243270	0.550000	1111111111111111111111111111111111111111000000000000000000000000000000111111111100000000001111111111000000000000000000001111111111111111111111111111110000000000000000000000000000001111111111000000000000000000001111111111111111111100000000000000000000111111111111111111111111111111111111111111111111111111111111111111111100000000000000000000000000000000000000001111111111000000000011111111111111111111	1573	1571767220
160.000000	160.000000	224001534	1755	224001534	0.700000	1111111111111111111111111111110000000000111111111111111111111111111111000000000011111111111111111111000000000011111111111111111111000000000011111111110000000000000000000011111111111111111111111111111111111111110000000000111111111100000000001111111111111111111100000000001111111111111111111100000000001111111111000000000011111111111111111111111111111111111111111111111111111111111111111111110000000000	1755	1571767225
160.000000	160.000000	168456816	1104	168456816	0.425000	1111111111000000000000000000001111111111000000000000000000001111111111111111111111111111110000000000111111111111111111110000000000000000000011111111110000000000111111111100000000001111111111000000000011111111110000000000111111111111111111110000000000111111111100000000000000000000000000000000000000000000000000000000000000000000001111111111111111111100000000000000000000000000000011111111110000000000	1104	1571767230
160.000000	160.000000	342387261	3818	342387261	0.325000	0000000000111111111111111111110000000000000000000000000000001111111111000000000011111111111111111111000000000011111111110000000000000000000000000000000000000000000000000011111111110000000000111111111100000000001111111111111111111100000000000000000000000000000011111111110000000000000000000000000000000000000000000000000011111111110000000000000000000000000000001111111111000000000000000000000000000000	3819	1571767235
160.000000	160.000000	332734783	3747	332734783	0.525000	1111111111000000000011111111111111111111111111111100000000000000000000111111111100000000001111111111111111111111111111111111111111000000000011111111110000000000000000000011111111110000000000111111111111111111111111111111111111111100000000000000000000111111111111111111110000000000000000000000000000000000000000000000000011111111110000000000111111111100000000000000000000111111111100000000001111111111	3747	1571767240
160.000000	160.000000	195480224	1465	195480224	0.525000	1111111111111111111100000000000000000000111111111100000000001111111111111111111100000000000000000000000000000000000000001111111111111111111100000000001111111111111111111111111111110000000000111111111100000000001111111111000000000000000000001111111111000000000000000000001111111111111111111111111111110000000000111111111100000000001111111111000000000011111111110000000000111111111100000000001111111111	1465	1571767245
160.000000	160.000000	228415402	1595	228415402	0.525000	0000000000111111111100000000001111111111111111111100000000000000000000000000000000000000000000000000000000000011111111110000000000000000000011111111111111111111111111111111111111110000000000111111111111111111111111111111000000000011111111110000000000000000000000000000000000000000111111111111111111111111111111111111111100000000001111111111111111111100000000001111111111000000000011111111111111111111	1595	1571767250
160.000000	160.000000	197871863	1382	197871863	0.450000	1111111111000000000011111111110000000000000000000011111111110000000000000000000000000000001111111111111111111100000000001111111111111111111100000000001111111111000000000000000000000000000000000000000000000000000000000000111111111111111111111111111111000000000000000000000000000000000000000011111111110000000000111111111100000000000000000000000000000011111111111111111111111111111111111111111111111111	1382	1571767255
160.000000	160.000000	347787613	3905	347787613	0.425000	0000000000111111111111111111111111111111000000000011111111110000000000111111111100000000000000000000000000000011111111111111111111111111111111111111110000000000000000000011111111110000000000000000000000000000000000000000111111111100000000001111111111000000000011111111110000000000000000000000000000000000000000000000000000000000001111111111111111111111111111111111111111000000000000000000000000000000	3905	1571767260
160.000000	160.000000	199397488	1409	199397488	0.475000	1111111111000000000000000000001111111111111111111111111111111111111111000000000000000000001111111111111111111100000000000000000000111111111100000000000000000000000000000011111111110000000000111111111111111111110000000000000000000000000000000000000000111111111111111111110000000000000000000011111111110000000000111111111100000000001111111111111111111100000000001111111111111111111100000000000000000000	1409	1571767265
160.000000	160.000000	228566406	2037	228566406	0.475000	0000000000000000000000000000001111111111111111111111111111110000000000000000000011111111110000000000111111111100000000000000000000000000000000000000000000000000000000000000000000000000000000111111111100000000001111111111000000000011111111111111111111111111111100000000001111111111111111111100000000000000000000111111111111111111111111111111111111111111111111111111111111111111111100000000000000000000	2037	1571767270
160.000000	160.000000	294563389	2651	294563389	0.550000	0000000000000000000011111111110000000000111111111111111111111111111111111111111111111111111111111111111111111111111111110000000000000000000000000000001111111111000000000000000000001111111111111111111100000000001111111111000000000011111111110000000000111111111100000000001111111111000000000011111111111111111111000000000000000000001111111111111111111100000000000000000000111111111111111111110000000000	2651	1571767275
160.000000	160.000000	137129708	761	137129708	0.475000	0000000000111111111111111111110000000000111111111100000000000000000000111111111111111111111111111111000000000011111111111111111111000000000000000000000000000000111111111100000000000000000000111111111111111111110000000000000000000000000000001111111111111111111111111111110000000000000000000011111111110000000000111111111100000000001111111111111111111100000000000000000000111111111100000000000000000000	761	1571767280
160.000000	160.000000	349154340	3877	349154340	0.525000	0000000000111111111111111111111111111111111111111100000000000000000000000000000000000000001111111111000000000000000000000000000000111111111111111111110000000000000000000011111111111111111111000000000011111111110000000000000000000011111111111111111111111111111111111111111111111111111111111111111111111111111111000000000000000000000000000000000000000011111111111111111111000000000011111111110000000000	3877	1571767285
160.000000	160.000000	336883834	3865	336883834	0.450000	1111111111111111111100000000001111111111000000000011111111110000000000000000000000000000001111111111000000000000000000001111111111000000000011111111111111111111111111111100000000000000000000111111111111111111111111111111000000000000000000000000000000000000000000000000001111111111000000000000000000000000000000000000000011111111110000000000111111111100000000001111111111000000000011111111111111111111	3865	1571767290
160.000000	160.000000	228258284	1987	228258284	0.400000	0000000000000000000011111111110000000000000000000000000000001111111111111111111111111111110000000000000000000000000000000000000000000000000000000000001111111111111111111111111111111111111111111111111100000000001111111111111111111100000000001111111111111111111100000000001111111111000000000011111111110000000000000000000000000000000000000000000000000000000000001111111111000000000000000000000000000000	1987	1571767295
160.000000	160.000000	111235098	473	111235098	0.475000	0000000000111111111100000000001111111111111111111111111111110000000000111111111111111111110000000000111111111100000000000000000000000000000011111111111111111111000000000000000000000000000000000000000011111111111111111111111111111100000000001111111111111111111111111111110000000000000000000000000000001111111111000000000000000000000000000000000000000011111111110000000000111111111111111111110000000000	473	1571767300
160.000000	160.000000	334268703	3689	334268703	0.425000	0000000000111111111111111111110000000000000000000000000000000000000000000000000011111111110000000000000000000011111111111111111111000000000011111111110000000000000000000000000000001111111111111111111111111111111111111111000000000011111111110000000000000000000011111111111111111111000000000000000000000000000000000000000011111111111111111111000000000000000000001111111111000000000000000000001111111111	3689	1571767305
160.000000	160.000000	168602385	1153	168602385	0.525000	1111111111000000000011111111111111111111111111111100000000001111111111111111111100000000001111111111000000000011111111110000000000111111111111111111111111111111000000000000000000000000000000000000000011111111111111111111111111111100000000000000000000111111111100000000000000000000000000000000000000001111111111000000000011111111111111111111111111111100000000000000000000111111111100000000001111111111	1153	1571767310
160.000000	160.000000	330962164	2999	330962164	0.400000	1111111111000000000000000000000000000000111111111111111111111111111111000000000011111111111111111111000000000000000000000000000000111111111100000000000000000000000000000000000000000000000000111111111111111111110000000000000000000000000000001111111111000000000000000000001111111111000000000000000000001111111111111111111100000000000000000000000000000000000000001111111111000000000011111111111111111111	2999	1571767315
160.000000	160.000000	224890942	2011	224890942	0.425000	0000000000111111111100000000000000000000000000000000000000000000000000000000000011111111111111111111111111111100000000001111111111111111111100000000001111111111111111111100000000000000000000000000000011111111110000000000111111111100000000001111111111000000000000000000000000000000000000000011111111110000000000000000000011111111110000000000111111111100000000001111111111000000000011111111111111111111	2011	1571767320
160.000000	160.000000	227852269	1959	227852269	0.525000	1111111111111111111100000000000000000000111111111111111111111111111111111111111100000000000000000000111111111100000000000000000000111111111100000000001111111111000000000000000000001111111111000000000011111111111111111111111111111111111111110000000000000000000011111111110000000000111111111100000000000000000000111111111100000000000000000000111111111100000000001111111111111111111111111111110000000000	1959	1571767774
160.000000	160.000000	228912269	1959	228912269	0.425000	1111111111000000000011111111110000000000000000000000000000000000000000000000000011111111111111111111111111111100000000000000000000111111111111111111111111111111111111111100000000001111111111000000000011111111110000000000111111111111111111110000000000111111111100000000000000000000000000000000000000000000000000000000000000000000001111111111111111111100000000000000000000000000000011111111110000000000	1959	1571768042
160.000000	160.000000	343778317	3330	343778317	0.550000	0000000000111111111100000000001111111111111111111111111111111111111111111111111100000000000000000000000000000000000000000000000000111111111111111111110000000000111111111100000000001111111111000000000000000000001111111111111111111100000000001111111111111111111111111111110000000000111111111111111111110000000000000000000011111111110000000000111111111111111111110000000000111111111100000000001111111111	3330	1571768336
160.000000	160.000000	343813537	3244	343813537	0.425000	0000000000000000000000000000000000000000111111111100000000001111111111111111111111111111110000000000000000000000000000000000000000000000000000000000001111111111111111111100000000001111111111111111111111111111110000000000000000000011111111111111111111111111111111111111110000000000111111111100000000000000000000111111111100000000001111111111000000000011111111110000000000000000000000000000000000000000	3244	1571768465
160.000000	160.000000	291923793	905	291923793	0.475000	0000000000111111111111111111110000000000000000000000000000000000000000000000000011111111111111111111111111111100000000001111111111000000000000000000000000000000111111111100000000000000000000111111111100000000000000000000111111111100000000001111111111111111111111111111111111111111111111111111111111110000000000000000000011111111111111111111000000000000000000000000000000111111111111111111110000000000	905	1571768638
160.000000	160.000000	202207051	1686	202207051	0.500000	0000000000111111111111111111111111111111000000000011111111111111111111000000000000000000000000000000000000000011111111110000000000111111111100000000000000000000000000000000000000001111111111111111111111111111110000000000111111111100000000000000000000111111111111111111110000000000000000000011111111111111111111000000000011111111110000000000111111111111111111110000000000111111111100000000001111111111	1686	1571768676
160.000000	160.000000	227043467	1963	227043467	0.400000	0000000000111111111100000000000000000000000000000011111111111111111111000000000011111111110000000000000000000011111111110000000000000000000000000000001111111111000000000011111111110000000000111111111100000000001111111111111111111100000000000000000000111111111111111111110000000000000000000000000000000000000000111111111100000000000000000000111111111100000000001111111111000000000011111111110000000000	1963	1571768712
