160.000000	160.000000	19819609	84	19819609	0.675000	0000000000111111111111111111111111111111111111111111111111110000000000111111111111111111111111111111000000000000000000001111111111111111111111111111110000000000111111111111111111110000000000111111111111111111110000000000111111111111111111111111111111111111111100000000001111111111111111111111111111111111111111000000000011111111110000000000000000000011111111110000000000111111111100000000001111111111	84	1539320168
160.000000	160.000000	20484202	81	20484202	0.425000	0000000000000000000011111111110000000000000000000000000000001111111111111111111111111111110000000000000000000000000000000000000000111111111100000000001111111111111111111111111111110000000000000000000000000000000000000000000000000011111111110000000000000000000000000000001111111111111111111100000000001111111111000000000011111111110000000000000000000011111111111111111111111111111111111111110000000000	81	1539320254
160.000000	160.000000	16600510	69	16600510	0.600000	0000000000111111111111111111110000000000000000000011111111111111111111111111111111111111111111111111111111111111111111111111111111000000000000000000001111111111000000000011111111110000000000000000000011111111111111111111111111111100000000001111111111111111111111111111110000000000000000000011111111110000000000111111111111111111111111111111000000000011111111110000000000111111111100000000000000000000	69	1539320337
160.000000	160.000000	21681234	86	21681234	0.575000	1111111111111111111100000000001111111111000000000011111111111111111111111111111111111111111111111111111111111100000000000000000000111111111100000000000000000000000000000000000000001111111111000000000000000000001111111111111111111100000000001111111111111111111111111111111111111111000000000011111111110000000000000000000000000000001111111111000000000011111111111111111111111111111111111111110000000000	86	1539320408
160.000000	160.000000	34566178	120	34566178	0.450000	0000000000111111111111111111110000000000111111111100000000001111111111111111111111111111110000000000000000000000000000001111111111000000000011111111111111111111000000000000000000001111111111111111111111111111111111111111111111111100000000001111111111000000000000000000001111111111000000000000000000000000000000000000000000000000000000000000000000000011111111110000000000111111111100000000000000000000	120	1539320494
160.000000	160.000000	20669832	94	20669832	0.650000	1111111111111111111111111111111111111111111111111111111111110000000000111111111100000000001111111111111111111111111111111111111111111111111111111111111111111111000000000011111111111111111111111111111111111111110000000000111111111100000000001111111111000000000011111111110000000000000000000000000000001111111111000000000011111111110000000000000000000000000000001111111111111111111111111111110000000000	94	1539320616
160.000000	160.000000	14431783	61	14431783	0.450000	0000000000000000000011111111110000000000111111111111111111110000000000111111111100000000001111111111000000000011111111111111111111000000000000000000000000000000111111111100000000000000000000000000000000000000000000000000000000000000000000001111111111111111111100000000001111111111000000000000000000001111111111111111111111111111111111111111000000000011111111111111111111000000000000000000001111111111	61	1539320711
160.000000	160.000000	15828910	90	15828910	0.575000	1111111111111111111100000000000000000000111111111100000000000000000000000000000011111111111111111111000000000000000000000000000000000000000000000000001111111111111111111100000000001111111111111111111111111111110000000000111111111111111111111111111111000000000011111111111111111111111111111111111111111111111111000000000000000000001111111111111111111111111111110000000000111111111100000000001111111111	90	1539320773
160.000000	160.000000	20134606	93	20134606	0.475000	1111111111000000000011111111110000000000111111111111111111110000000000111111111111111111111111111111000000000000000000000000000000111111111100000000000000000000111111111100000000000000000000111111111100000000001111111111000000000000000000001111111111111111111100000000000000000000000000000011111111111111111111000000000011111111110000000000000000000011111111110000000000111111111111111111110000000000	93	1539320865
160.000000	160.000000	19214415	80	19214415	0.475000	0000000000000000000000000000001111111111000000000011111111111111111111000000000000000000001111111111111111111100000000000000000000111111111111111111110000000000111111111111111111110000000000111111111100000000001111111111000000000011111111111111111111111111111100000000001111111111000000000000000000000000000000111111111111111111110000000000000000000000000000000000000000111111111100000000001111111111	80	1539320960
160.000000	160.000000	10750365	51	10750365	0.475000	0000000000111111111111111111110000000000000000000000000000001111111111000000000011111111111111111111000000000011111111111111111111111111111100000000001111111111111111111111111111110000000000000000000011111111110000000000000000000011111111110000000000111111111100000000001111111111000000000000000000001111111111111111111111111111110000000000000000000000000000000000000000111111111100000000000000000000	51	1539321041
160.000000	160.000000	15362515	61	15362515	0.600000	0000000000111111111100000000000000000000111111111111111111110000000000111111111111111111111111111111000000000000000000001111111111111111111111111111111111111111000000000000000000001111111111111111111100000000000000000000111111111111111111111111111111000000000011111111110000000000111111111100000000001111111111111111111111111111111111111111111111111111111111111111111111000000000000000000000000000000	61	1539321094
160.000000	160.000000	20956827	80	20956827	0.400000	1111111111111111111100000000000000000000000000000000000000001111111111000000000000000000001111111111000000000011111111111111111111000000000000000000000000000000000000000011111111110000000000000000000000000000000000000000000000000011111111111111111111000000000011111111110000000000000000000000000000001111111111111111111111111111110000000000000000000011111111111111111111111111111100000000000000000000	80	1539321156
160.000000	160.000000	17818263	71	17818263	0.375000	0000000000000000000000000000000000000000111111111100000000001111111111111111111111111111111111111111000000000000000000001111111111111111111100000000001111111111000000000000000000001111111111000000000000000000000000000000000000000000000000001111111111000000000000000000000000000000000000000011111111110000000000111111111111111111110000000000000000000000000000000000000000000000000011111111111111111111	71	1539321236
160.000000	160.000000	17962940	66	17962940	0.600000	1111111111111111111111111111110000000000000000000000000000001111111111000000000000000000001111111111111111111111111111110000000000000000000011111111110000000000111111111111111111111111111111000000000011111111110000000000111111111111111111111111111111111111111100000000000000000000111111111111111111111111111111000000000000000000000000000000111111111111111111111111111111000000000011111111111111111111	66	1539321307
160.000000	160.000000	17868544	65	17868544	0.500000	1111111111111111111111111111110000000000000000000000000000001111111111111111111111111111111111111111000000000011111111111111111111111111111100000000000000000000111111111111111111111111111111000000000000000000000000000000111111111100000000000000000000000000000000000000000000000000000000000011111111110000000000111111111111111111110000000000111111111100000000001111111111000000000000000000001111111111	65	1539321375
160.000000	160.000000	17879904	67	17879904	0.400000	0000000000111111111100000000000000000000111111111100000000000000000000000000000011111111111111111111000000000011111111111111111111111111111111111111110000000000000000000000000000001111111111111111111100000000000000000000111111111100000000000000000000000000000000000000000000000000111111111111111111110000000000111111111111111111110000000000000000000000000000001111111111000000000000000000000000000000	67	1539321440
160.000000	160.000000	17191428	66	17191428	0.525000	0000000000111111111100000000000000000000111111111111111111111111111111111111111111111111111111111111111111111111111111110000000000000000000000000000001111111111111111111100000000001111111111111111111100000000000000000000000000000011111111111111111111000000000000000000000000000000000000000000000000001111111111111111111111111111110000000000111111111100000000000000000000111111111100000000001111111111	66	1539321508
160.000000	160.000000	15163504	57	15163504	0.525000	0000000000111111111100000000000000000000111111111111111111110000000000111111111100000000000000000000111111111111111111111111111111111111111100000000000000000000111111111111111111111111111111000000000011111111111111111111111111111100000000001111111111111111111111111111111111111111000000000000000000001111111111111111111100000000000000000000111111111100000000000000000000000000000000000000000000000000	58	1539321576
160.000000	160.000000	14853734	61	14853734	0.500000	0000000000000000000011111111111111111111111111111100000000001111111111111111111100000000000000000000111111111100000000000000000000000000000011111111110000000000000000000011111111110000000000111111111100000000000000000000111111111111111111110000000000111111111111111111110000000000111111111100000000001111111111111111111100000000001111111111111111111111111111110000000000000000000011111111110000000000	61	1539321636
160.000000	160.000000	15688381	63	15688381	0.475000	0000000000000000000011111111111111111111000000000011111111111111111111000000000011111111110000000000000000000000000000000000000000111111111111111111111111111111000000000011111111110000000000111111111111111111111111111111111111111100000000000000000000000000000000000000000000000000111111111100000000001111111111000000000000000000001111111111111111111111111111111111111111000000000000000000000000000000	63	1539321698
160.000000	160.000000	20180573	79	20180573	0.575000	0000000000111111111111111111111111111111111111111100000000001111111111111111111111111111111111111111000000000000000000001111111111000000000011111111110000000000000000000011111111111111111111000000000011111111111111111111000000000000000000000000000000111111111111111111111111111111111111111111111111111111111111111111111111111111110000000000000000000000000000000000000000000000000000000000001111111111	79	1539321763
160.000000	160.000000	14261702	61	14261702	0.400000	0000000000000000000000000000000000000000000000000011111111110000000000111111111100000000000000000000111111111111111111111111111111111111111100000000000000000000111111111100000000001111111111000000000011111111111111111111000000000000000000000000000000000000000000000000001111111111000000000000000000001111111111000000000011111111110000000000000000000011111111110000000000000000000011111111111111111111	61	1539321843
160.000000	160.000000	19373126	79	19373126	0.475000	0000000000111111111100000000000000000000111111111100000000001111111111111111111100000000001111111111111111111100000000000000000000000000000000000000000000000000111111111100000000001111111111000000000000000000001111111111000000000000000000001111111111111111111111111111110000000000111111111111111111111111111111111111111111111111110000000000111111111111111111110000000000000000000000000000000000000000	79	1539321905
160.000000	160.000000	16742839	63	16742839	0.500000	1111111111000000000011111111111111111111111111111111111111110000000000000000000011111111110000000000000000000000000000000000000000000000000000000000000000000000111111111111111111110000000000000000000011111111110000000000111111111100000000001111111111111111111100000000001111111111111111111111111111110000000000000000000011111111110000000000111111111100000000001111111111111111111111111111110000000000	63	1539321985
160.000000	160.000000	15342497	58	15342497	0.625000	1111111111000000000000000000000000000000111111111111111111111111111111111111111111111111111111111111111111111100000000000000000000111111111111111111111111111111000000000000000000000000000000000000000011111111111111111111111111111111111111111111111111111111111100000000000000000000000000000011111111111111111111000000000000000000000000000000111111111111111111111111111111111111111111111111111111111111	58	1539322050
160.000000	160.000000	12219299	54	12219299	0.525000	0000000000111111111111111111111111111111000000000000000000000000000000111111111100000000001111111111111111111100000000001111111111000000000011111111111111111111111111111100000000001111111111111111111111111111111111111111000000000011111111110000000000111111111111111111110000000000000000000000000000000000000000111111111100000000000000000000000000000011111111111111111111000000000011111111110000000000	54	1539322109
160.000000	160.000000	35333261	122	35333261	0.550000	0000000000000000000011111111111111111111000000000011111111111111111111000000000011111111111111111111000000000000000000000000000000000000000000000000001111111111111111111111111111110000000000111111111100000000000000000000111111111111111111110000000000111111111111111111111111111111000000000011111111110000000000111111111100000000000000000000111111111111111111111111111111111111111111111111110000000000	122	1539322166
160.000000	160.000000	14559809	58	14559809	0.475000	0000000000111111111100000000000000000000000000000000000000000000000000000000000000000000001111111111111111111100000000001111111111111111111100000000000000000000000000000011111111110000000000111111111111111111111111111111000000000000000000000000000000111111111100000000000000000000000000000011111111111111111111111111111111111111111111111111111111111100000000001111111111111111111100000000001111111111	58	1539322291
160.000000	160.000000	27552671	98	27552671	0.625000	1111111111111111111100000000001111111111111111111100000000001111111111000000000011111111111111111111000000000011111111111111111111111111111111111111111111111111111111111100000000001111111111000000000011111111111111111111000000000011111111111111111111000000000011111111110000000000111111111100000000000000000000000000000011111111110000000000000000000011111111111111111111111111111111111111110000000000	98	1539322350
