160.000000	160.000000	1071225	12	1071225	0.550000	llinkGens:	5	linkTime:	2.57	linkFFE:	977052	totalInd:	4		1111111111000000000011111111111111111111111111111111111111111111111111000000000011111111111111111111111111111111111111110000000000111111111100000000000000000000111111111100000000000000000000000000000000000000001111111111000000000000000000001111111111111111111111111111111111111111111111111100000000000000000000111111111100000000001111111111000000000000000000000000000000111111111111111111110000000000	12	1539028830
160.000000	160.000000	1071161	12	1071161	0.600000	llinkGens:	5	linkTime:	2.56	linkFFE:	977052	totalInd:	4		1111111111111111111111111111111111111111111111111100000000001111111111000000000000000000001111111111111111111100000000001111111111111111111100000000001111111111111111111111111111111111111111000000000011111111110000000000111111111100000000000000000000000000000000000000001111111111000000000011111111110000000000111111111111111111110000000000111111111111111111111111111111000000000000000000001111111111	12	1539028844
160.000000	160.000000	1071168	12	1071168	0.525000	llinkGens:	5	linkTime:	2.57	linkFFE:	977052	totalInd:	4		1111111111111111111100000000001111111111000000000011111111111111111111111111111111111111111111111111111111111111111111111111111111000000000011111111111111111111000000000011111111110000000000000000000000000000001111111111000000000000000000001111111111111111111100000000001111111111000000000000000000000000000000000000000000000000001111111111000000000000000000000000000000111111111111111111110000000000	12	1539028858
160.000000	160.000000	1071354	12	1071354	0.475000	llinkGens:	5	linkTime:	2.56	linkFFE:	977052	totalInd:	4		1111111111111111111111111111110000000000000000000011111111111111111111111111111111111111110000000000111111111111111111111111111111111111111100000000001111111111111111111100000000000000000000000000000000000000000000000000000000000000000000000000000000000000000000000000001111111111111111111100000000001111111111111111111100000000000000000000111111111100000000000000000000000000000000000000001111111111	12	1539028872
160.000000	160.000000	1071267	12	1071267	0.550000	llinkGens:	5	linkTime:	2.56	linkFFE:	977052	totalInd:	4		0000000000111111111111111111111111111111000000000011111111110000000000000000000011111111111111111111000000000011111111111111111111111111111111111111110000000000000000000011111111110000000000000000000011111111111111111111000000000011111111110000000000000000000000000000001111111111111111111111111111111111111111111111111100000000000000000000000000000011111111111111111111000000000011111111110000000000	12	1539028886
160.000000	160.000000	1071911	12	1071911	0.450000	llinkGens:	5	linkTime:	2.56	linkFFE:	977052	totalInd:	4		0000000000000000000011111111110000000000111111111111111111111111111111000000000000000000001111111111111111111100000000001111111111000000000000000000001111111111000000000011111111110000000000111111111111111111111111111111000000000000000000000000000000111111111100000000000000000000111111111100000000001111111111000000000000000000000000000000111111111100000000001111111111000000000000000000001111111111	12	1539028900
160.000000	160.000000	1071233	12	1071233	0.500000	llinkGens:	5	linkTime:	2.57	linkFFE:	977052	totalInd:	4		1111111111111111111111111111110000000000000000000000000000001111111111000000000011111111110000000000111111111111111111110000000000000000000011111111111111111111111111111111111111110000000000111111111111111111110000000000111111111100000000001111111111111111111111111111110000000000000000000000000000001111111111000000000000000000000000000000000000000011111111110000000000111111111100000000000000000000	12	1539028914
160.000000	160.000000	1071224	12	1071224	0.500000	llinkGens:	5	linkTime:	2.56	linkFFE:	977052	totalInd:	4		0000000000000000000000000000001111111111000000000000000000000000000000000000000011111111111111111111000000000011111111110000000000000000000011111111111111111111111111111100000000000000000000111111111100000000001111111111111111111100000000001111111111111111111100000000000000000000111111111111111111110000000000111111111111111111111111111111000000000000000000001111111111111111111111111111110000000000	12	1539028928
160.000000	160.000000	1071414	12	1071414	0.350000	llinkGens:	5	linkTime:	2.56	linkFFE:	977052	totalInd:	4		1111111111000000000000000000000000000000000000000011111111110000000000111111111100000000000000000000111111111100000000000000000000111111111100000000000000000000000000000000000000000000000000111111111111111111111111111111111111111100000000000000000000000000000011111111110000000000000000000000000000001111111111111111111100000000000000000000000000000000000000001111111111000000000000000000001111111111	12	1539028942
160.000000	160.000000	1071322	12	1071322	0.475000	llinkGens:	5	linkTime:	2.56	linkFFE:	977052	totalInd:	4		0000000000111111111111111111110000000000111111111100000000001111111111111111111100000000000000000000000000000011111111110000000000000000000011111111111111111111000000000000000000000000000000111111111100000000000000000000111111111111111111111111111111000000000000000000001111111111000000000011111111111111111111000000000011111111111111111111111111111100000000000000000000000000000000000000001111111111	12	1539028956
160.000000	160.000000	1071263	11	1071263	0.675000	llinkGens:	5	linkTime:	2.55	linkFFE:	977052	totalInd:	4		1111111111111111111100000000001111111111000000000000000000001111111111000000000011111111111111111111000000000011111111111111111111111111111100000000001111111111000000000011111111111111111111111111111111111111111111111111111111111100000000000000000000111111111100000000001111111111111111111111111111111111111111000000000011111111111111111111111111111111111111111111111111111111111100000000000000000000	11	1539028971
160.000000	160.000000	1071343	11	1071343	0.575000	llinkGens:	5	linkTime:	2.56	linkFFE:	977052	totalInd:	4		1111111111111111111111111111110000000000111111111111111111110000000000111111111111111111111111111111111111111111111111110000000000000000000011111111111111111111000000000011111111110000000000111111111111111111111111111111000000000000000000001111111111111111111111111111111111111111111111111111111111110000000000000000000000000000000000000000000000000011111111110000000000000000000000000000000000000000	11	1539028985
160.000000	160.000000	1071298	11	1071298	0.550000	llinkGens:	5	linkTime:	2.56	linkFFE:	977052	totalInd:	4		0000000000111111111111111111110000000000111111111111111111110000000000111111111100000000000000000000111111111111111111111111111111000000000000000000000000000000000000000011111111111111111111000000000011111111110000000000000000000011111111111111111111000000000011111111111111111111111111111100000000001111111111000000000011111111111111111111111111111100000000000000000000111111111100000000001111111111	11	1539028999
160.000000	160.000000	1071378	11	1071378	0.550000	llinkGens:	5	linkTime:	2.56	linkFFE:	977052	totalInd:	4		1111111111111111111100000000000000000000111111111100000000001111111111111111111100000000000000000000111111111111111111110000000000111111111111111111111111111111000000000011111111110000000000111111111111111111110000000000111111111100000000001111111111000000000000000000000000000000111111111111111111110000000000111111111111111111111111111111000000000011111111110000000000000000000011111111110000000000	11	1539029013
160.000000	160.000000	1071076	11	1071076	0.600000	llinkGens:	5	linkTime:	2.55	linkFFE:	977052	totalInd:	4		1111111111111111111100000000001111111111111111111111111111111111111111111111111100000000001111111111111111111100000000001111111111111111111111111111110000000000000000000000000000001111111111111111111100000000001111111111000000000011111111111111111111111111111111111111110000000000000000000000000000000000000000111111111100000000001111111111111111111100000000000000000000000000000011111111111111111111	11	1539029027
160.000000	160.000000	1071328	11	1071328	0.475000	llinkGens:	5	linkTime:	2.56	linkFFE:	977052	totalInd:	4		0000000000111111111100000000000000000000000000000011111111110000000000111111111111111111111111111111111111111111111111111111111111000000000011111111110000000000000000000000000000000000000000111111111111111111110000000000000000000011111111110000000000000000000011111111111111111111000000000011111111110000000000000000000000000000001111111111111111111111111111110000000000000000000011111111110000000000	11	1539029035
160.000000	160.000000	1071063	11	1071063	0.425000	llinkGens:	5	linkTime:	2.55	linkFFE:	977052	totalInd:	4		0000000000000000000011111111111111111111111111111111111111110000000000000000000000000000001111111111111111111100000000001111111111000000000000000000001111111111111111111111111111110000000000000000000000000000000000000000000000000011111111110000000000111111111100000000001111111111000000000011111111110000000000000000000000000000001111111111000000000000000000001111111111000000000000000000001111111111	11	1539029043
160.000000	160.000000	1071161	11	1071161	0.350000	llinkGens:	5	linkTime:	2.55	linkFFE:	977052	totalInd:	4		0000000000000000000011111111111111111111111111111111111111110000000000000000000000000000001111111111111111111100000000000000000000000000000011111111110000000000111111111100000000000000000000000000000000000000000000000000000000000000000000001111111111000000000000000000000000000000000000000000000000000000000000000000000011111111111111111111000000000000000000001111111111111111111111111111110000000000	11	1539029051
160.000000	160.000000	1071228	11	1071228	0.350000	llinkGens:	5	linkTime:	2.55	linkFFE:	977052	totalInd:	4		1111111111000000000000000000001111111111111111111100000000000000000000111111111100000000001111111111000000000000000000001111111111000000000000000000000000000000000000000000000000001111111111000000000000000000000000000000000000000000000000000000000000111111111111111111111111111111000000000000000000000000000000000000000011111111111111111111000000000011111111110000000000000000000000000000001111111111	11	1539029059
160.000000	160.000000	1071113	11	1071113	0.500000	llinkGens:	5	linkTime:	2.56	linkFFE:	977052	totalInd:	4		1111111111111111111111111111111111111111111111111100000000000000000000000000000000000000000000000000000000000000000000001111111111000000000000000000001111111111111111111111111111111111111111000000000011111111110000000000000000000000000000001111111111111111111100000000000000000000111111111100000000001111111111000000000011111111111111111111111111111100000000001111111111000000000000000000001111111111	11	1539029067
160.000000	160.000000	1071263	11	1071263	0.375000	llinkGens:	5	linkTime:	2.56	linkFFE:	977052	totalInd:	4		0000000000111111111100000000000000000000000000000011111111111111111111000000000000000000001111111111000000000011111111110000000000000000000011111111110000000000000000000011111111111111111111000000000000000000000000000000111111111111111111110000000000000000000011111111110000000000111111111100000000000000000000000000000000000000001111111111000000000000000000000000000000000000000011111111111111111111	11	1539029075
160.000000	160.000000	1071278	12	1071278	0.450000	llinkGens:	5	linkTime:	2.57	linkFFE:	977052	totalInd:	4		1111111111000000000000000000001111111111111111111100000000000000000000111111111111111111110000000000000000000000000000000000000000111111111111111111111111111111000000000000000000000000000000000000000000000000001111111111111111111100000000001111111111111111111100000000000000000000111111111111111111111111111111111111111111111111110000000000111111111100000000000000000000000000000000000000000000000000	12	1539029083
160.000000	160.000000	1071177	12	1071177	0.575000	llinkGens:	5	linkTime:	2.55	linkFFE:	977052	totalInd:	4		0000000000000000000011111111111111111111111111111111111111111111111111111111111100000000000000000000111111111100000000000000000000111111111111111111111111111111000000000000000000001111111111000000000000000000001111111111111111111111111111111111111111000000000011111111110000000000111111111111111111111111111111111111111100000000001111111111111111111111111111110000000000000000000000000000000000000000	12	1539029091
160.000000	160.000000	1071156	11	1071156	0.475000	llinkGens:	5	linkTime:	2.55	linkFFE:	977052	totalInd:	4		0000000000111111111111111111110000000000000000000011111111111111111111000000000000000000001111111111111111111100000000000000000000000000000000000000000000000000000000000011111111110000000000000000000000000000000000000000111111111111111111110000000000111111111100000000000000000000000000000011111111111111111111111111111111111111111111111111111111111111111111111111111111000000000000000000001111111111	11	1539029096
160.000000	160.000000	1071333	12	1071333	0.400000	llinkGens:	5	linkTime:	2.56	linkFFE:	977052	totalInd:	4		0000000000000000000000000000000000000000000000000000000000001111111111000000000011111111110000000000000000000000000000001111111111000000000000000000001111111111000000000011111111110000000000000000000011111111111111111111111111111111111111111111111111111111111111111111111111111111000000000011111111110000000000000000000000000000000000000000000000000000000000000000000000111111111100000000001111111111	12	1539029104
160.000000	160.000000	1071434	12	1071434	0.325000	llinkGens:	5	linkTime:	2.56	linkFFE:	977052	totalInd:	4		0000000000000000000011111111111111111111111111111111111111110000000000000000000000000000001111111111000000000000000000000000000000000000000011111111111111111111111111111100000000000000000000000000000000000000000000000000000000000000000000000000000000000000000000000000000000000000000000000011111111110000000000111111111111111111110000000000000000000011111111111111111111000000000000000000000000000000	12	1539029112
160.000000	160.000000	1071119	12	1071119	0.550000	llinkGens:	5	linkTime:	2.55	linkFFE:	977052	totalInd:	4		0000000000000000000011111111110000000000000000000011111111110000000000000000000011111111110000000000000000000011111111111111111111000000000011111111111111111111000000000011111111111111111111000000000011111111111111111111111111111111111111110000000000111111111111111111110000000000000000000000000000001111111111111111111111111111111111111111000000000011111111111111111111000000000011111111110000000000	12	1539029120
160.000000	160.000000	1071270	12	1071270	0.375000	llinkGens:	5	linkTime:	2.56	linkFFE:	977052	totalInd:	4		1111111111000000000011111111110000000000000000000011111111110000000000111111111111111111110000000000111111111111111111110000000000000000000011111111110000000000000000000000000000001111111111000000000000000000001111111111000000000000000000000000000000111111111100000000000000000000000000000000000000001111111111000000000000000000000000000000000000000000000000000000000000111111111111111111111111111111	12	1539029128
160.000000	160.000000	1071254	12	1071254	0.500000	llinkGens:	5	linkTime:	2.56	linkFFE:	977052	totalInd:	4		1111111111000000000011111111111111111111000000000011111111111111111111000000000000000000001111111111111111111100000000000000000000111111111100000000000000000000000000000011111111111111111111000000000011111111110000000000111111111100000000000000000000111111111100000000000000000000111111111100000000000000000000000000000000000000001111111111111111111111111111111111111111111111111111111111110000000000	12	1539029136
160.000000	160.000000	1071275	12	1071275	0.550000	llinkGens:	5	linkTime:	2.55	linkFFE:	977052	totalInd:	4		0000000000111111111111111111111111111111000000000011111111111111111111000000000011111111110000000000111111111111111111111111111111000000000011111111111111111111000000000000000000001111111111000000000000000000001111111111111111111111111111110000000000111111111100000000001111111111111111111111111111110000000000000000000011111111110000000000000000000000000000001111111111000000000000000000001111111111	12	1539029144
