160.000000	160.000000	399509537	2702	399509537	0.500000	1111111111111111111100000000000000000000111111111111111111111111111111000000000011111111111111111111111111111100000000000000000000111111111111111111111111111111000000000000000000000000000000111111111100000000000000000000111111111100000000000000000000000000000000000000001111111111000000000000000000000000000000111111111100000000000000000000000000000011111111111111111111111111111111111111111111111111	2702	1539342322
160.000000	160.000000	406302293	2696	406302293	0.400000	1111111111111111111111111111111111111111111111111100000000000000000000000000000011111111110000000000000000000000000000001111111111000000000011111111110000000000111111111100000000000000000000000000000000000000000000000000111111111100000000001111111111111111111100000000000000000000000000000011111111110000000000111111111111111111110000000000000000000000000000000000000000000000000000000000001111111111	2696	1539342822
160.000000	160.000000	658005712	5794	658005712	0.350000	0000000000111111111100000000000000000000000000000000000000001111111111000000000000000000000000000000111111111111111111110000000000000000000000000000000000000000111111111100000000001111111111111111111100000000000000000000000000000000000000001111111111000000000011111111110000000000000000000011111111110000000000111111111111111111110000000000111111111100000000001111111111000000000000000000000000000000	5794	1539342938
160.000000	160.000000	457905406	3908	457905406	0.575000	1111111111000000000011111111111111111111111111111111111111110000000000000000000011111111111111111111000000000011111111110000000000111111111100000000000000000000000000000011111111110000000000000000000011111111111111111111111111111111111111110000000000111111111111111111110000000000111111111100000000001111111111111111111100000000000000000000111111111111111111111111111111000000000011111111110000000000	3908	1539343126
160.000000	160.000000	343344137	2204	343344137	0.475000	0000000000111111111100000000001111111111111111111100000000000000000000111111111111111111111111111111111111111111111111110000000000000000000011111111110000000000111111111111111111110000000000111111111100000000001111111111111111111100000000001111111111111111111100000000000000000000000000000000000000000000000000000000000000000000000000000000000000000000000000001111111111111111111100000000001111111111	2204	1539343561
160.000000	160.000000	796826513	6445	796826513	0.475000	1111111111111111111100000000000000000000000000000011111111111111111111000000000000000000001111111111000000000000000000001111111111000000000000000000001111111111000000000000000000001111111111111111111111111111110000000000111111111100000000001111111111111111111111111111111111111111000000000000000000000000000000111111111111111111110000000000000000000011111111110000000000000000000011111111110000000000	6445	1539344802
160.000000	160.000000	460643744	3799	460643744	0.675000	1111111111111111111111111111110000000000000000000000000000001111111111000000000011111111111111111111111111111100000000001111111111000000000011111111111111111111111111111111111111111111111111111111111111111111110000000000000000000011111111110000000000000000000011111111111111111111111111111111111111111111111111111111111111111111111111111111000000000011111111111111111111111111111100000000000000000000	3799	1539345026
160.000000	160.000000	462417879	3821	462417879	0.675000	1111111111111111111111111111111111111111111111111111111111111111111111111111111111111111110000000000111111111111111111110000000000000000000011111111111111111111111111111111111111111111111111111111111111111111111111111111111111111111111111111111111111000000000011111111110000000000000000000011111111110000000000000000000000000000001111111111111111111111111111110000000000000000000000000000000000000000	3821	1539345088
160.000000	160.000000	395064114	2916	395064114	0.500000	1111111111000000000011111111110000000000111111111111111111110000000000111111111111111111111111111111111111111100000000000000000000111111111111111111111111111111000000000000000000001111111111000000000000000000000000000000111111111100000000000000000000111111111111111111111111111111000000000011111111111111111111000000000000000000000000000000000000000000000000001111111111000000000011111111110000000000	2916	1539345519
160.000000	160.000000	332340471	2246	332340471	0.525000	1111111111111111111111111111110000000000111111111111111111111111111111000000000000000000000000000000111111111100000000001111111111000000000011111111110000000000000000000000000000001111111111111111111111111111111111111111000000000011111111110000000000000000000000000000001111111111000000000000000000001111111111111111111100000000000000000000111111111111111111111111111111000000000000000000001111111111	2246	1539345593
160.000000	160.000000	394697855	1494	394697855	0.600000	0000000000111111111111111111111111111111000000000000000000000000000000111111111111111111111111111111000000000011111111111111111111111111111100000000001111111111111111111111111111111111111111111111111100000000000000000000000000000011111111111111111111000000000000000000001111111111000000000011111111110000000000111111111111111111110000000000111111111111111111110000000000111111111100000000001111111111	1494	1539345766
160.000000	160.000000	339312593	1192	339312593	0.325000	0000000000000000000000000000000000000000111111111100000000000000000000111111111100000000001111111111111111111111111111111111111111000000000011111111110000000000000000000011111111110000000000111111111100000000000000000000111111111100000000001111111111000000000000000000000000000000000000000000000000000000000000000000000000000000000000000000000000000011111111110000000000000000000011111111110000000000	1192	1539346746
160.000000	160.000000	663752394	4399	663752394	0.325000	0000000000000000000000000000000000000000111111111111111111110000000000000000000000000000001111111111000000000000000000001111111111111111111100000000000000000000000000000011111111111111111111111111111100000000000000000000000000000000000000000000000000000000000000000000001111111111000000000000000000001111111111111111111111111111110000000000000000000000000000000000000000111111111100000000000000000000	4399	1539347036
160.000000	160.000000	460760727	2416	460760727	0.625000	1111111111111111111111111111110000000000111111111100000000001111111111000000000011111111110000000000000000000011111111111111111111111111111111111111111111111111111111111100000000001111111111000000000000000000000000000000000000000011111111111111111111111111111100000000000000000000111111111111111111111111111111000000000011111111111111111111000000000011111111111111111111111111111100000000001111111111	2416	1539347261
160.000000	160.000000	441697423	2979	441697423	0.475000	1111111111000000000000000000001111111111111111111100000000000000000000000000000011111111110000000000111111111100000000000000000000111111111100000000001111111111000000000011111111110000000000000000000011111111110000000000111111111111111111111111111111111111111111111111110000000000111111111100000000000000000000000000000000000000001111111111000000000000000000001111111111111111111111111111110000000000	2979	1539347839
160.000000	160.000000	459532337	2895	459532337	0.525000	1111111111111111111111111111111111111111111111111100000000000000000000111111111100000000000000000000000000000011111111110000000000000000000011111111111111111111111111111100000000000000000000111111111100000000000000000000111111111111111111110000000000111111111100000000000000000000000000000011111111111111111111000000000011111111111111111111000000000011111111111111111111000000000011111111110000000000	2895	1539347913
160.000000	160.000000	394236732	2050	394236732	0.525000	0000000000111111111100000000001111111111111111111111111111111111111111111111111111111111110000000000111111111100000000000000000000111111111111111111110000000000000000000011111111110000000000000000000011111111110000000000000000000011111111111111111111111111111100000000000000000000000000000000000000001111111111000000000011111111111111111111000000000000000000001111111111111111111111111111110000000000	2050	1539347939
160.000000	160.000000	206595124	823	206595124	0.525000	0000000000000000000011111111110000000000000000000000000000001111111111000000000011111111111111111111000000000011111111110000000000000000000011111111110000000000000000000011111111111111111111111111111100000000000000000000000000000011111111111111111111111111111100000000001111111111111111111111111111111111111111000000000011111111110000000000111111111100000000000000000000111111111111111111111111111111	823	1539348436
160.000000	160.000000	398294498	3005	398294498	0.425000	0000000000000000000000000000000000000000000000000000000000001111111111111111111100000000000000000000000000000011111111111111111111000000000011111111110000000000111111111100000000000000000000000000000000000000001111111111000000000011111111111111111111111111111100000000001111111111111111111100000000001111111111000000000000000000000000000000111111111100000000001111111111000000000011111111111111111111	3005	1539348735
160.000000	160.000000	210913236	1029	210913236	0.550000	1111111111111111111100000000001111111111111111111100000000001111111111111111111111111111111111111111111111111111111111110000000000111111111100000000000000000000000000000011111111110000000000111111111100000000000000000000111111111100000000001111111111000000000011111111110000000000000000000011111111111111111111111111111100000000000000000000111111111111111111110000000000000000000011111111110000000000	1029	1539348827
160.000000	160.000000	459570636	3387	459570636	0.450000	0000000000111111111100000000000000000000000000000011111111111111111111111111111100000000001111111111000000000000000000000000000000000000000000000000000000000000000000000000000000001111111111111111111111111111111111111111000000000000000000001111111111111111111100000000001111111111111111111111111111111111111111000000000000000000000000000000000000000011111111110000000000000000000011111111111111111111	3387	1539348910
160.000000	160.000000	390251439	2497	390251439	0.375000	0000000000000000000011111111110000000000000000000000000000000000000000000000000011111111110000000000000000000000000000001111111111111111111100000000000000000000000000000011111111111111111111111111111100000000001111111111000000000000000000000000000000111111111100000000000000000000111111111111111111111111111111111111111100000000000000000000000000000000000000000000000000111111111111111111110000000000	2497	1539349261
160.000000	160.000000	397693680	2656	397693680	0.475000	0000000000000000000011111111110000000000000000000011111111110000000000000000000000000000001111111111111111111111111111110000000000111111111100000000000000000000111111111111111111111111111111111111111100000000000000000000111111111111111111111111111111111111111100000000000000000000000000000011111111110000000000000000000011111111111111111111111111111100000000000000000000000000000000000000001111111111	2656	1539349680
160.000000	160.000000	452299550	3280	452299550	0.400000	1111111111111111111100000000000000000000000000000011111111111111111111111111111100000000001111111111000000000000000000000000000000000000000000000000001111111111000000000000000000001111111111000000000011111111111111111111111111111100000000001111111111000000000000000000000000000000000000000011111111110000000000000000000011111111110000000000000000000011111111110000000000111111111100000000000000000000	3280	1539349859
160.000000	160.000000	193332868	845	193332868	0.450000	0000000000000000000000000000000000000000000000000000000000000000000000000000000000000000001111111111111111111111111111110000000000111111111111111111110000000000111111111111111111110000000000000000000000000000000000000000000000000011111111111111111111111111111111111111110000000000111111111100000000001111111111000000000011111111111111111111111111111100000000001111111111000000000011111111110000000000	845	1539349990
160.000000	160.000000	390913820	2378	390913820	0.450000	1111111111000000000000000000001111111111111111111111111111110000000000111111111100000000000000000000000000000011111111110000000000000000000011111111110000000000000000000000000000001111111111111111111100000000000000000000111111111111111111111111111111000000000000000000001111111111111111111100000000000000000000000000000000000000001111111111111111111100000000000000000000111111111111111111110000000000	2378	1539350809
160.000000	160.000000	396528188	2486	396528188	0.450000	0000000000111111111100000000000000000000111111111100000000000000000000111111111111111111110000000000111111111100000000001111111111000000000011111111111111111111111111111111111111110000000000000000000000000000000000000000000000000011111111110000000000000000000000000000000000000000111111111111111111110000000000000000000000000000001111111111000000000011111111111111111111111111111100000000001111111111	2486	1539350820
160.000000	160.000000	705075204	4706	705075204	0.450000	1111111111000000000000000000000000000000111111111100000000000000000000111111111111111111111111111111000000000000000000001111111111000000000000000000000000000000111111111111111111111111111111111111111100000000000000000000111111111111111111111111111111111111111111111111110000000000000000000000000000000000000000111111111111111111110000000000111111111100000000000000000000000000000000000000000000000000	4706	1539350837
160.000000	160.000000	393329796	2220	393329796	0.525000	0000000000111111111111111111110000000000111111111111111111111111111111000000000011111111110000000000111111111111111111110000000000111111111111111111110000000000000000000011111111111111111111111111111100000000000000000000000000000000000000000000000000000000000011111111111111111111000000000011111111111111111111000000000000000000000000000000111111111111111111111111111111111111111100000000000000000000	2220	1539350887
160.000000	160.000000	457781359	2776	457781359	0.525000	1111111111111111111100000000001111111111000000000000000000001111111111111111111111111111111111111111111111111100000000000000000000000000000000000000000000000000111111111111111111110000000000000000000011111111111111111111111111111100000000001111111111000000000011111111110000000000000000000000000000000000000000000000000011111111111111111111111111111100000000000000000000111111111111111111111111111111	2776	1539351249
