145.000000	160.000000	5240077289	61845	5240077289	0.540000	0010011100011110000000000000000101010010111111111111111111110000000000000000000011111111110001101111110111010000111001000000000000000000000000000000001111111111111111111111111111111111111111100100110001100100101001101110111111111111111111111110010101000000000011111111110000000000010000111001111010010000000000111111111111111111111111111111111111111111010101101010110011011110110000000000000000000000	61845	1571768795
144.000000	160.000000	4671439192	63030	4671439192	0.560000	0000000000111111111101111001101111111111000000000011111111111111111111000000000001101001001100011110000000000001010001101111111111000000000011101001100110110000000000000011100010110000000000111100110011111111111111001001010111011010011110100101011101111111111100000000000000000000000101101000000000000111010101111111111111111111111111111111111111111111111111111000001101010100001111111111111111111111	63030	1571768848
142.000000	160.000000	3340834508	47325	4788779449	0.495000	0000000000111111111100000000000010001011111000100000000000000111000111111111111100000000000001101010111111111111111111110100001110011010111011110001101111111111111111111111111111110000000000111111111111111111110011011101101001100011111111111000001011001101000111101101001111111111001110000100100010111100111100111001100101101111000000000000011000010100000000000000000000000000000000000000000000000000	62172	1571768982
146.000000	160.000000	2863071263	47759	3242111981	0.450000	1111111111000000000000010110100000111010000000000001000100110000000000000000000010100011001111000000111111111100000000000101010001111111111100111000100000000000111111111110110000010000000000000000000000000000001111111111110101100111111111110000000000000000000000000000000000000000001110100001000110101111111111111111111111111111111001101000110100100011111111111111111111000000000011111111110111001101	56659	1571769283
135.000000	160.000000	2311428036	43047	2660141231	0.515000	1111111111111001000001100110000000000000011110110000010010110101011000010010010100000000001111111111100001010100001011100000000000010011111000001010111101101100111000010000000000000110110101111111111100101100010000110101110100110111111111111001011000011111001011111111111111111111111111111111111111110000000000100011001000000000000110011011010001001111110001011010100010000010011111111111110111000010	52344	1571769309
145.000000	160.000000	4996422373	61295	4996422373	0.525000	0000000000111111111100000000001111111111000000000011111111111111111111000000000011111111111111111111010011001000001001111011110010100011111000000000000000000000110010011111111111111100110110011100001011110110000000000000001100011011111111111001100111000000000010010010100000111111000000000011111111110000000000111111111111001110101111111111000000000011111111110110101101000000000011111111111101001110	61295	1571769332
151.000000	160.000000	3131285198	54602	3131285198	0.585000	1111111111000011001111111111111111111111111111111111111111110000000000101011100100101111101111001001111111111101010101111010010100111111111100000000001111111111000000000000000000000001111000111111111111111111111111111111010011010000000000000000000000111111111111000110001111111111000000000011111111110000000000111111111100000000000000000000111111111100000000001111111111111111111111111111110000000000	54602	1571769545
153.000000	160.000000	2902401021	50116	3258501647	0.605000	1111111111000000000000011010101111111111101101011000000000000010011001111111111100000000001111111111000000000011111111110000000000111111111111111111111111111111000000000011111111110100111000111111111100000000001111100001000000000011111111110000000000100100011011111111110000000000111111111100000000001111111111111111111111111111110000000000111111111111111111111111111111100010010111111111111111111111	58031	1571769736
138.000000	160.000000	3179330998	58956	3179330998	0.470000	1111111111000000000001000101100000010111001001110011111111111110011010110000011001101010111100010111100010110011111111111001101110000000000010010111101111111111000000000010110010000000000000111101001000000000001100001010010000111000000000001111111111000000000011111111110100011001111111111100110001010101101110111000100010101001001111111111101100111000000000000000000000011111001000000000001111100100	58956	1571769928
146.000000	160.000000	614303807	7110	2775572129	0.560000	1001011101111111111111011110000100101001000000000011111111110000000000111111111111001010110010011111011100010001101000010000000000111111111111111111110000000000101100000111111111110000000000111111111100000000001000011111000000000000000000001111111111000000000011111111111111111111111111111100000000001010101011111111111110111000111110011100111100001111111111110000000000111111111100011010101111111111	52763	1571770002
132.000000	160.000000	2441640807	51349	2767733269	0.380000	0000000000000000000000111110100111000100110101001110101100001111111111110010001001101001111111111111000000000001010110000011100010000000000001100001011100001001000111011100000000000101101000011101110011000001011000011010000000000001111011000000000000000000000000010110100011011101000000000010110000101111010010100101000101111001101010001100101111100000011010101100010100000000000010000101101011000010	59157	1571770125
136.000000	160.000000	3160460524	58519	3160460524	0.475000	1010110101000000000000000000000000000000010100111100000000001111111111110101010111111111111111111111111111111111111111110000011101110000001111100101011101010011111001000000010011100100100101010011110111010001110000000000000000000000101100010110101110100110100011111111110010101001001011000101001101110000000000000000000011111010000101110110010010110010110100000001110010000000000010010110111111111111	58519	1571770314
139.000000	160.000000	3140742195	58257	3140742195	0.480000	0011010010101011000000000000001111111111001101100000000000001111111111011010000111111111110000000000000000000000000000000011011011111111111100000000001001010100111101100000000000000011001111100111001101111000001110100110000000000000000000001110000100011001101110010110111111111111111111111111111111111010000101101001000111111111110100101010001101100011111111111100101011100101010000000000000101110011	58257	1571770364
143.000000	160.000000	3151233622	57750	3151233622	0.490000	1111111111111111111110010100010100110111000000000000000000000100110111000000000001001100100000111111111111111111111111111111111111000000000010011110100001101010111111111111010010110100001011111111111100000000000100001110110011110000000000000111100101111111111111111111110000000000010111000011101001100011011011000000000011111111110000000000000000000000000000001000010101001100001111111111110000000000	57750	1571770676
145.000000	160.000000	3404894622	58479	3404894622	0.440000	0111011010111111111111111111111110100110111111111100000000000010101001100111100100000000001111111111000000000010100010010000000000011100001001000011100000000000110010010000000000001011100011111111111110001001010000000000110011101000000000001111111111111111111101011101010000000000110101100100000000000000000000000000000000000000000100110001000000000000000000001111111111110100110111111111111111111111	58479	1571770834
150.000000	160.000000	3228938610	58537	3228938610	0.450000	1111111111000000000000000000001110010110111111111110000010111111111111111111111111111111110000000000111111111101111010101111111111111111111100000000000000000000111111111100000000001111111111011100101100000000001111111111110011001101010010100000000000001010011000000000001111111111010011010011001111000000000000111111111100000000000000000000000000000000000000000000000000000000000011100000100000000000	58537	1571770990
136.000000	160.000000	2897560745	58228	2897560745	0.600000	1111111111111001100100000000001001100111011011110000101101000000000000111111111101001010100110000110111111111110101111000000101101100001110010010000111111111111111111111111111111110101100111111111111110001000111111111111100101110111111111110111011001011110110001110101010111001110010111000000000000001111111111100110110111100000010000000000010000110111111111111111111111110000100110111010101010000110	58228	1571770998
141.000000	160.000000	3026884349	58098	3026884349	0.675000	1111111111111111111111111111111111111111111111111100011101001111111111111111111100000000001111111111001110101101000100111111111111111001011001100011110000000000001001110011111111111110000111111111111111110101000100010110111111111100000000001111111111000000000011111111111101110010011000011001011011101001101000111111111111001111001111111111111101010001011100110011100111011110101011111111111010100100	58098	1571771054
142.000000	160.000000	4580746828	54297	4580746828	0.555000	0100101010001010010111111111111100110011000000000010110101010000000000000000000011001111000011101110111111111101100100100000000000000000000000111101010001110001110110101011111111110000000000111111111111111111111111111111111111111101010011001111111111111111111110101110011111010001001100101001011110011111111111111111111100000000001111111111010100100101110100111111111111000000000000000000000010100101	54297	1571771155
138.000000	160.000000	3399851306	48073	4751502804	0.450000	0001101100001011111000000000000000000000001101101100000000000010011001000000000011111111111111111111000000000011111111110000101101111111111101100100100000000000000000000000101110000000000000001110011100000000001000111011100110010010101001000110101011000000000011111111111101000010101000100101110000011111111111100110111011111111110101111001001011101111111000011001100010000000000001011111001100111100	62723	1571771163
138.000000	160.000000	3007369486	37391	4864417569	0.555000	1011001110001010101000101111011111111111000101011001001111101111111111010111001111111111111101011100110111100001110011101111111111111111111100000000000000000000111010001111001000101111111111000000000011111111110000000000000110001110110110100100001101000000000001111101001111111111101111000100011100011111111111011110001101010010101100011000100110010000000000001111111111111111111100000000000100010110	58099	1571771171
147.000000	160.000000	4765764376	58131	4765764376	0.510000	1010111010000000000011011100011111111111000000000011111111111011110001000000000001001011000000000000111111111100101011110000000000111111111111111111111010101011111111111111100010110000000000111111111111111111111101011100111111111100000000000000000000101111000100000000001111111111000000000000000000001111111111000000000000111111000000000000000101010101111010101111111111010111010100000000001111111111	58131	1571771667
147.000000	160.000000	4816558750	57260	4816558750	0.560000	1111111111111111111100000000000000000000111111111111110110001111100100111111111101100101110000000000111111111111111111111010011011111111111111111111110010010101011111100000000000001111111111111111111110001010101111111111000101110001011000100111000010101000001111111111110000000000000000000011111111110000000000101110101011111111110100101100000000000011111111111111111111000000000000000000000000000000	57260	1571771711
140.000000	160.000000	6497480398	55014	6497480398	0.620000	1011110100111010010111111111111111111111111111111111111111110001110001111111111110111001010101001001111111111100111101011111111111111111111100011001010000000000101001111001101100110000000000100000110101101110101111111111111010100110111001011111111111111111111111011100101110001110011111000111111111110001011010111001010100000000000000000000000000000011111111110000000000111111111101111001010010101100	55014	1571821656
139.000000	160.000000	2362888117	25152	4979244402	0.475000	0000000000010000110100000000000011111001101010101111111111111111000101000000000001101110101110110001100111011011100000010001011100000000000011111111110000000000000000000000000000000000111111000110010100000000001010001100111111111111111111111111111111111111111110011000101111111111100111110000000000000110110110001101110111100001110000000000011010101110101010001111111111110101010100000000000100110001	54514	1571822766
149.000000	160.000000	4668206133	53514	4668206133	0.470000	1111111111000000000011111111110000000000000000000000000000000000000000111111111100110101000000000000010011111000000000001110100011101111000111111111111111111111000000000011111111111111111111000000000000000000001001100001001101001000000000001111111111111111111100000000000101001111111111111101001111100000000000011101011000000000000000000000000000000011001010001111111111111111111111111111110111101001	53514	1571824149
147.000000	160.000000	5000846044	49513	5692535998	0.415000	1111000011110001110100000000000000000000000000000011111111111010111001000000000000000000000000101011000100110101010001101111111111000000000000000000000000000000001011101100000000001111111111000000000000000000001111111111111111111111011010010000000000111111111111111111111110110001111111111111111111110000000000111111111100000000001011000010101010000101100001011011010011000000000000000000000000000000	58711	1571825453
139.000000	160.000000	5347421471	59941	5347421471	0.465000	0000000000000000000001100110110000000000110100001001110100001111111111111111111111111111111000101001110001001000100001111000011111011101100100000110111110101100001011100010100100100000000000000000000001101000101111111111111111111101100011111001000110101111001000000000001111111111000000000000000000001101001110000000000001110110100000000000111111111100000000001001011011011100111011111111110111001110	59941	1571825943
138.000000	160.000000	5344041863	60520	5344041863	0.500000	0000000000000000000011111111111101000010010101000111111111110001111101011101100111111111111010111001111111111111111111110100100110000000000010101001001110010000000000000011111111111110010011000011100101101000100000000000110010110111010011100000000000000000000011111111110000000000000101001111111111111111100010011001101100111101100011010111001101000111111111110000000000100100110001101010001011100101	60520	1571827768
159.000000	160.000000	5214581254	47575	5794330181	0.490000	0000000000111111111111111111111111111111000000000000000000001111111111111111111100000000001111111111000000000000000000000000000000000000000011111111111111111111111111111111111111111111111111000000000011111111111111111111000000000000000000000000000000000000000000000000000000000000000000000011111111111111111111000000000000000000001111111111111111111101111001101111111111111111111100000000000000000000	56617	1571828428
