180.000000	180.000000	7053473	35	7053473	0.500000	1111111111000000000011111111110000000000000000000011111111110000000000111111111111111111110000000000111111111111111111110000000000000000000011111111110000000000111111111111111111111111111111000000000000000000000000000000000000000000000000001111111111111111111111111111110000000000111111111100000000001111111111000000000011111111110000000000000000000011111111111111111111111111111100000000000000000000	35	1540179702
180.000000	180.000000	7410956	38	7410956	0.325000	0000000000000000000000000000000000000000111111111100000000001111111111000000000000000000001111111111000000000011111111111111111111000000000000000000000000000000111111111111111111111111111111000000000011111111110000000000000000000000000000000000000000000000000000000000000000000000000000000000000000001111111111000000000000000000001111111111000000000000000000000000000000000000000011111111111111111111	38	1540179739
180.000000	180.000000	5301671	29	5301671	0.475000	0000000000000000000000000000001111111111000000000011111111110000000000000000000011111111110000000000000000000000000000001111111111111111111100000000000000000000000000000000000000001111111111111111111100000000000000000000111111111111111111111111111111000000000000000000001111111111111111111111111111111111111111111111111100000000000000000000111111111100000000001111111111111111111100000000001111111111	29	1540179780
180.000000	180.000000	62312005	195	62312005	0.550000	0000000000111111111100000000001111111111111111111100000000000000000000000000000011111111111111111111111111111100000000000000000000000000000011111111110000000000000000000011111111111111111111111111111100000000001111111111111111111100000000000000000000111111111100000000001111111111111111111111111111110000000000111111111100000000001111111111000000000000000000001111111111111111111111111111111111111111	195	1540179813
180.000000	180.000000	12493041	47	12493041	0.350000	0000000000000000000011111111111111111111000000000000000000000000000000111111111111111111110000000000111111111100000000000000000000000000000011111111110000000000000000000000000000000000000000000000000000000000000000000000000000000011111111111111111111000000000000000000000000000000000000000011111111110000000000111111111111111111110000000000000000000011111111111111111111111111111100000000000000000000	47	1540179922
180.000000	180.000000	6004373	30	6004373	0.550000	0000000000111111111111111111111111111111111111111111111111110000000000111111111100000000000000000000111111111111111111110000000000000000000000000000001111111111000000000011111111111111111111000000000000000000001111111111111111111111111111111111111111111111111111111111111111111111000000000011111111111111111111111111111100000000000000000000000000000011111111110000000000000000000000000000000000000000	30	1540179973
180.000000	180.000000	7757940	36	7757940	0.500000	0000000000111111111111111111110000000000000000000000000000001111111111111111111100000000000000000000000000000000000000001111111111111111111100000000000000000000000000000000000000001111111111111111111111111111111111111111111111111111111111111111111111111111111111111111110000000000111111111100000000000000000000000000000000000000001111111111000000000011111111111111111111111111111100000000000000000000	36	1540180007
180.000000	180.000000	5927739	30	5927739	0.475000	0000000000000000000011111111110000000000000000000011111111110000000000111111111100000000000000000000000000000000000000001111111111111111111100000000001111111111000000000011111111111111111111111111111100000000001111111111111111111111111111110000000000000000000000000000000000000000000000000011111111111111111111111111111111111111110000000000111111111100000000001111111111111111111100000000000000000000	31	1540180015
180.000000	180.000000	7608728	37	7608728	0.575000	1111111111000000000000000000001111111111111111111111111111111111111111111111111111111111110000000000111111111100000000001111111111111111111111111111111111111111000000000000000000000000000000111111111111111111110000000000000000000011111111111111111111000000000000000000000000000000111111111100000000000000000000000000000011111111111111111111000000000000000000001111111111111111111111111111111111111111	38	1540180047
180.000000	180.000000	22417900	77	22417900	0.450000	0000000000111111111100000000000000000000000000000011111111111111111111000000000011111111110000000000000000000000000000001111111111000000000000000000001111111111000000000011111111111111111111111111111100000000000000000000000000000011111111111111111111111111111111111111110000000000111111111111111111110000000000000000000011111111111111111111000000000000000000000000000000000000000011111111110000000000	77	1540180055
180.000000	180.000000	21332335	73	21332335	0.525000	0000000000111111111100000000000000000000000000000011111111111111111111000000000011111111111111111111000000000011111111110000000000111111111111111111111111111111000000000000000000000000000000111111111111111111110000000000111111111100000000001111111111000000000011111111110000000000000000000011111111110000000000111111111100000000000000000000000000000011111111111111111111111111111111111111111111111111	75	1540180088
180.000000	180.000000	8355900	39	8355900	0.450000	0000000000000000000000000000000000000000111111111111111111111111111111111111111100000000000000000000000000000011111111110000000000000000000000000000000000000000000000000011111111110000000000000000000011111111111111111111111111111111111111110000000000000000000000000000000000000000000000000011111111111111111111111111111100000000001111111111000000000011111111111111111111111111111111111111110000000000	39	1540180136
180.000000	180.000000	5707979	30	5707979	0.325000	0000000000111111111100000000000000000000111111111111111111110000000000111111111100000000001111111111000000000011111111110000000000111111111100000000000000000000000000000000000000001111111111000000000000000000000000000000000000000000000000000000000000000000000011111111111111111111000000000000000000000000000000111111111100000000001111111111000000000000000000000000000000111111111100000000000000000000	31	1540180163
180.000000	180.000000	7307656	34	7307656	0.625000	1111111111000000000011111111111111111111111111111111111111111111111111000000000000000000000000000000111111111100000000001111111111111111111111111111111111111111111111111111111111111111111111000000000011111111110000000000111111111111111111110000000000111111111100000000001111111111111111111100000000001111111111000000000011111111110000000000000000000000000000001111111111111111111100000000001111111111	34	1540180178
180.000000	180.000000	10316907	40	10316907	0.550000	0000000000111111111111111111110000000000111111111100000000000000000000111111111111111111110000000000111111111100000000000000000000111111111111111111111111111111000000000000000000000000000000111111111111111111111111111111111111111111111111110000000000111111111111111111110000000000000000000011111111111111111111000000000000000000001111111111111111111111111111110000000000111111111100000000000000000000	40	1540180195
180.000000	180.000000	5788833	32	5788833	0.600000	1111111111000000000000000000001111111111000000000000000000000000000000111111111100000000001111111111000000000011111111111111111111111111111100000000000000000000000000000011111111110000000000111111111100000000001111111111111111111111111111110000000000111111111111111111111111111111000000000000000000000000000000111111111111111111111111111111111111111111111111111111111111111111111111111111111111111111	32	1540180217
180.000000	180.000000	5671759	31	5671759	0.525000	0000000000111111111100000000000000000000000000000011111111110000000000000000000011111111111111111111111111111111111111110000000000111111111111111111110000000000111111111100000000000000000000111111111100000000000000000000111111111111111111111111111111111111111100000000000000000000000000000000000000001111111111000000000011111111111111111111111111111111111111110000000000000000000011111111111111111111	32	1540180225
180.000000	180.000000	6816559	35	6816559	0.525000	0000000000111111111111111111111111111111000000000011111111111111111111000000000011111111110000000000000000000011111111111111111111000000000000000000000000000000000000000011111111111111111111111111111100000000001111111111000000000000000000001111111111000000000011111111110000000000111111111111111111111111111111111111111111111111110000000000111111111100000000000000000000000000000011111111110000000000	37	1540180239
180.000000	180.000000	9000822	42	9000822	0.575000	0000000000111111111100000000001111111111111111111100000000001111111111000000000000000000000000000000111111111111111111110000000000000000000011111111110000000000111111111111111111110000000000111111111111111111111111111111111111111111111111110000000000111111111100000000000000000000111111111111111111111111111111111111111100000000000000000000000000000011111111111111111111111111111111111111110000000000	42	1540180253
180.000000	180.000000	11244896	50	11244896	0.475000	0000000000111111111111111111111111111111000000000000000000000000000000111111111100000000000000000000000000000000000000000000000000000000000000000000000000000000000000000000000000001111111111111111111100000000001111111111111111111111111111111111111111000000000000000000000000000000000000000011111111111111111111111111111111111111111111111111111111111111111111111111111111000000000011111111110000000000	50	1540180261
180.000000	180.000000	6623058	36	6623058	0.425000	1111111111000000000000000000000000000000000000000000000000000000000000000000000000000000001111111111000000000011111111111111111111000000000011111111111111111111000000000011111111110000000000111111111100000000000000000000111111111111111111110000000000111111111100000000001111111111000000000011111111110000000000000000000000000000000000000000000000000000000000001111111111111111111111111111111111111111	37	1540180269
180.000000	180.000000	14386844	59	14386844	0.450000	1111111111000000000011111111110000000000000000000011111111110000000000000000000011111111110000000000000000000000000000000000000000000000000011111111110000000000000000000000000000000000000000111111111111111111110000000000000000000011111111111111111111111111111111111111110000000000111111111111111111111111111111111111111111111111110000000000111111111100000000000000000000000000000000000000001111111111	60	1540180278
180.000000	180.000000	7179193	35	7179193	0.450000	1111111111000000000000000000001111111111000000000000000000001111111111111111111111111111110000000000111111111100000000001111111111000000000011111111111111111111000000000000000000000000000000000000000011111111110000000000111111111111111111110000000000111111111100000000000000000000000000000011111111111111111111000000000011111111110000000000000000000011111111111111111111000000000000000000000000000000	35	1540180297
180.000000	180.000000	20319741	73	20319741	0.425000	0000000000111111111111111111110000000000111111111111111111110000000000111111111100000000000000000000000000000011111111110000000000111111111111111111111111111111000000000000000000001111111111000000000000000000000000000000000000000011111111110000000000000000000000000000000000000000000000000011111111111111111111111111111100000000000000000000000000000011111111110000000000111111111111111111110000000000	73	1540180308
180.000000	180.000000	5799854	35	5799854	0.450000	0000000000111111111100000000000000000000111111111111111111110000000000000000000000000000001111111111111111111111111111111111111111111111111100000000001111111111000000000000000000001111111111000000000000000000000000000000000000000011111111111111111111000000000011111111110000000000111111111100000000001111111111111111111100000000000000000000000000000011111111110000000000000000000000000000001111111111	35	1540180316
180.000000	180.000000	8090063	38	8090063	0.500000	0000000000111111111111111111111111111111111111111111111111110000000000111111111100000000000000000000111111111100000000000000000000000000000000000000001111111111000000000000000000000000000000111111111111111111111111111111111111111111111111111111111111111111111100000000000000000000000000000000000000001111111111000000000011111111110000000000111111111111111111110000000000111111111100000000000000000000	40	1540180334
180.000000	180.000000	7190427	34	7190427	0.450000	0000000000000000000011111111110000000000111111111111111111110000000000000000000000000000001111111111000000000011111111111111111111000000000011111111110000000000000000000000000000001111111111000000000011111111110000000000000000000011111111110000000000111111111111111111111111111111111111111100000000001111111111111111111100000000000000000000111111111111111111110000000000000000000000000000000000000000	34	1540180341
180.000000	180.000000	10205243	44	10205243	0.550000	0000000000000000000000000000001111111111000000000000000000001111111111111111111111111111111111111111111111111111111111111111111111111111111100000000001111111111111111111111111111110000000000000000000000000000001111111111111111111111111111111111111111000000000000000000001111111111111111111100000000000000000000000000000000000000001111111111000000000000000000001111111111111111111111111111110000000000	44	1540180352
180.000000	180.000000	5957720	33	5957720	0.525000	0000000000111111111111111111111111111111111111111100000000001111111111000000000011111111111111111111111111111100000000000000000000111111111111111111111111111111111111111100000000001111111111111111111100000000000000000000111111111100000000000000000000000000000011111111111111111111000000000000000000000000000000000000000011111111110000000000000000000000000000001111111111000000000011111111111111111111	33	1540180375
180.000000	180.000000	5944674	34	5944674	0.450000	0000000000000000000000000000000000000000000000000000000000001111111111111111111100000000001111111111111111111111111111110000000000000000000011111111111111111111111111111111111111110000000000000000000011111111111111111111111111111100000000000000000000000000000000000000001111111111000000000000000000000000000000111111111111111111110000000000000000000011111111111111111111000000000011111111110000000000	34	1540180383
