180.000000	180.000000	1072540	11	1072540	0.475000	llinkGens:	5	linkTime:	2.65	linkFFE:	978060	totalInd:	4		0000000000000000000011111111111111111111000000000000000000001111111111000000000011111111111111111111000000000000000000001111111111000000000011111111111111111111111111111100000000001111111111111111111100000000000000000000111111111100000000000000000000000000000000000000001111111111000000000000000000000000000000111111111111111111111111111111000000000000000000001111111111000000000011111111111111111111	11	1539036544
180.000000	180.000000	1071707	11	1071707	0.600000	llinkGens:	5	linkTime:	2.62	linkFFE:	978588	totalInd:	4		1111111111111111111111111111111111111111111111111111111111110000000000000000000000000000000000000000111111111111111111111111111111000000000011111111111111111111111111111111111111110000000000111111111100000000000000000000000000000011111111110000000000000000000000000000000000000000111111111111111111110000000000111111111111111111111111111111000000000011111111110000000000111111111111111111111111111111	11	1539036558
180.000000	180.000000	1071787	12	1071787	0.600000	llinkGens:	5	linkTime:	2.62	linkFFE:	977548	totalInd:	4		1111111111111111111111111111111111111111000000000011111111110000000000111111111111111111111111111111111111111111111111111111111111111111111100000000000000000000111111111100000000000000000000111111111111111111111111111111000000000000000000001111111111111111111100000000001111111111000000000011111111111111111111111111111100000000000000000000000000000011111111111111111111000000000000000000000000000000	12	1539036572
180.000000	180.000000	1071832	12	1071832	0.525000	llinkGens:	5	linkTime:	2.62	linkFFE:	977548	totalInd:	4		1111111111000000000011111111111111111111111111111111111111111111111111000000000000000000001111111111000000000000000000000000000000111111111100000000001111111111000000000011111111111111111111111111111100000000000000000000111111111111111111110000000000111111111111111111111111111111111111111100000000000000000000000000000011111111110000000000000000000000000000001111111111000000000011111111110000000000	12	1539036586
180.000000	180.000000	1071618	12	1071618	0.425000	llinkGens:	5	linkTime:	2.61	linkFFE:	977548	totalInd:	4		0000000000000000000000000000000000000000000000000011111111111111111111111111111100000000000000000000111111111111111111110000000000111111111111111111110000000000111111111100000000001111111111000000000000000000000000000000111111111111111111110000000000000000000000000000000000000000111111111111111111110000000000000000000000000000001111111111000000000011111111111111111111000000000000000000001111111111	12	1539036600
180.000000	180.000000	1072379	12	1072379	0.475000	llinkGens:	5	linkTime:	2.64	linkFFE:	977548	totalInd:	4		1111111111000000000011111111110000000000000000000011111111110000000000000000000011111111111111111111111111111100000000000000000000111111111111111111111111111111000000000000000000001111111111000000000011111111110000000000000000000011111111110000000000111111111111111111110000000000000000000011111111110000000000000000000000000000001111111111000000000011111111110000000000000000000011111111111111111111	12	1539036614
180.000000	180.000000	1071345	12	1071345	0.425000	llinkGens:	5	linkTime:	2.69	linkFFE:	977052	totalInd:	4		0000000000000000000000000000000000000000000000000011111111110000000000000000000011111111111111111111000000000000000000000000000000111111111111111111111111111111000000000000000000000000000000111111111100000000000000000000111111111111111111110000000000000000000000000000001111111111000000000011111111110000000000111111111111111111111111111111000000000011111111111111111111000000000011111111110000000000	12	1539036628
180.000000	180.000000	1071300	12	1071300	0.475000	llinkGens:	5	linkTime:	2.67	linkFFE:	977052	totalInd:	4		0000000000111111111100000000001111111111111111111111111111111111111111000000000000000000001111111111000000000000000000000000000000000000000011111111110000000000111111111100000000001111111111000000000011111111111111111111000000000011111111110000000000000000000000000000001111111111000000000000000000001111111111000000000011111111111111111111111111111100000000001111111111111111111100000000000000000000	12	1539036642
180.000000	180.000000	1071243	12	1071243	0.475000	llinkGens:	5	linkTime:	2.69	linkFFE:	977052	totalInd:	4		0000000000000000000000000000001111111111111111111111111111110000000000111111111100000000000000000000000000000000000000001111111111111111111111111111110000000000000000000000000000001111111111111111111100000000000000000000000000000000000000001111111111111111111100000000001111111111111111111111111111111111111111000000000000000000000000000000111111111100000000001111111111111111111111111111110000000000	12	1539036656
180.000000	180.000000	1071588	12	1071588	0.500000	llinkGens:	5	linkTime:	2.66	linkFFE:	977052	totalInd:	4		0000000000000000000000000000001111111111000000000000000000001111111111111111111111111111110000000000111111111100000000000000000000111111111100000000000000000000111111111100000000001111111111111111111111111111111111111111000000000000000000000000000000111111111100000000001111111111111111111111111111111111111111000000000011111111110000000000000000000000000000000000000000111111111111111111111111111111	12	1539036670
180.000000	180.000000	1072040	12	1072040	0.575000	llinkGens:	5	linkTime:	2.66	linkFFE:	978588	totalInd:	4		0000000000000000000000000000000000000000000000000011111111111111111111111111111100000000001111111111000000000011111111110000000000111111111111111111111111111111111111111100000000000000000000111111111111111111110000000000000000000000000000001111111111000000000011111111111111111111111111111100000000000000000000111111111111111111111111111111111111111111111111110000000000111111111111111111111111111111	12	1539036684
180.000000	180.000000	1072338	12	1072338	0.575000	llinkGens:	5	linkTime:	2.65	linkFFE:	979132	totalInd:	4		1111111111000000000011111111111111111111000000000011111111111111111111111111111100000000001111111111111111111100000000001111111111000000000011111111110000000000111111111111111111110000000000000000000011111111111111111111000000000011111111111111111111000000000000000000000000000000000000000011111111111111111111000000000000000000001111111111111111111100000000001111111111000000000011111111111111111111	12	1539036698
180.000000	180.000000	1071852	12	1071852	0.400000	llinkGens:	5	linkTime:	2.68	linkFFE:	977052	totalInd:	4		0000000000111111111100000000001111111111000000000000000000001111111111000000000011111111110000000000000000000000000000000000000000000000000011111111110000000000111111111111111111110000000000111111111100000000000000000000111111111100000000001111111111000000000011111111110000000000111111111100000000000000000000000000000000000000001111111111000000000011111111110000000000111111111111111111110000000000	12	1539036712
180.000000	180.000000	1072136	11	1072136	0.475000	llinkGens:	5	linkTime:	2.68	linkFFE:	978060	totalInd:	4		0000000000111111111100000000000000000000111111111100000000000000000000111111111100000000001111111111111111111111111111110000000000000000000011111111111111111111111111111100000000000000000000111111111111111111110000000000000000000011111111111111111111000000000011111111111111111111111111111100000000000000000000111111111111111111110000000000111111111100000000000000000000000000000000000000000000000000	11	1539036727
180.000000	180.000000	1072822	11	1072822	0.475000	llinkGens:	5	linkTime:	2.67	linkFFE:	978060	totalInd:	4		1111111111000000000000000000000000000000111111111100000000001111111111111111111111111111111111111111000000000011111111111111111111000000000000000000000000000000111111111100000000001111111111000000000011111111110000000000111111111111111111110000000000000000000000000000001111111111111111111100000000001111111111000000000000000000001111111111000000000000000000000000000000111111111100000000001111111111	11	1539036741
180.000000	180.000000	1071802	11	1071802	0.500000	llinkGens:	5	linkTime:	2.65	linkFFE:	978044	totalInd:	4		1111111111111111111111111111111111111111111111111111111111111111111111000000000011111111110000000000111111111111111111111111111111111111111100000000000000000000000000000000000000001111111111000000000011111111110000000000111111111100000000001111111111111111111100000000000000000000000000000011111111110000000000000000000000000000000000000000111111111100000000000000000000111111111100000000000000000000	11	1539036755
180.000000	180.000000	1071247	11	1071247	0.500000	llinkGens:	5	linkTime:	2.61	linkFFE:	977052	totalInd:	4		0000000000000000000000000000000000000000111111111111111111110000000000111111111100000000001111111111111111111100000000001111111111111111111100000000000000000000111111111111111111111111111111111111111100000000000000000000111111111100000000001111111111111111111111111111110000000000000000000011111111110000000000111111111100000000000000000000111111111111111111110000000000111111111100000000000000000000	11	1539036769
180.000000	180.000000	1071564	11	1071564	0.450000	llinkGens:	5	linkTime:	2.62	linkFFE:	977052	totalInd:	4		0000000000000000000000000000000000000000000000000011111111111111111111000000000011111111110000000000000000000011111111110000000000111111111111111111110000000000111111111100000000000000000000111111111100000000001111111111111111111100000000000000000000000000000000000000000000000000111111111111111111111111111111111111111100000000001111111111000000000011111111111111111111111111111100000000000000000000	11	1539036777
180.000000	180.000000	1072620	11	1072620	0.450000	llinkGens:	5	linkTime:	2.59	linkFFE:	979692	totalInd:	4		1111111111111111111100000000000000000000000000000011111111111111111111000000000011111111110000000000111111111100000000000000000000000000000000000000001111111111111111111100000000000000000000111111111100000000000000000000111111111111111111110000000000000000000011111111110000000000111111111100000000000000000000111111111111111111110000000000000000000000000000001111111111111111111100000000001111111111	11	1539036785
180.000000	180.000000	1072272	11	1072272	0.425000	llinkGens:	5	linkTime:	2.58	linkFFE:	979084	totalInd:	4		0000000000000000000011111111110000000000111111111111111111111111111111000000000000000000001111111111000000000011111111111111111111000000000000000000001111111111111111111100000000000000000000111111111100000000000000000000000000000000000000001111111111000000000011111111110000000000000000000000000000001111111111000000000011111111111111111111000000000011111111110000000000000000000011111111110000000000	11	1539036793
180.000000	180.000000	1072483	11	1072483	0.500000	llinkGens:	5	linkTime:	2.57	linkFFE:	977548	totalInd:	4		0000000000111111111111111111111111111111111111111100000000001111111111000000000000000000001111111111000000000011111111111111111111111111111111111111110000000000111111111111111111110000000000111111111111111111110000000000000000000011111111111111111111000000000011111111111111111111111111111111111111110000000000000000000000000000000000000000000000000000000000000000000000000000000000000000000000000000	11	1539036801
180.000000	180.000000	1072431	11	1072431	0.475000	llinkGens:	5	linkTime:	2.60	linkFFE:	978060	totalInd:	4		1111111111000000000011111111110000000000000000000000000000001111111111000000000000000000000000000000111111111111111111111111111111111111111111111111110000000000111111111111111111111111111111000000000011111111110000000000000000000011111111110000000000000000000000000000001111111111000000000000000000001111111111111111111100000000001111111111000000000000000000001111111111000000000011111111110000000000	11	1539036809
180.000000	180.000000	1071504	11	1071504	0.500000	llinkGens:	5	linkTime:	2.60	linkFFE:	977548	totalInd:	4		0000000000111111111111111111110000000000111111111111111111111111111111000000000011111111111111111111111111111111111111110000000000000000000000000000000000000000000000000000000000001111111111111111111100000000001111111111111111111100000000000000000000111111111111111111110000000000000000000011111111110000000000000000000000000000001111111111111111111100000000001111111111000000000011111111110000000000	11	1539036817
180.000000	180.000000	1071862	11	1071862	0.450000	llinkGens:	5	linkTime:	2.61	linkFFE:	978588	totalInd:	4		1111111111111111111100000000001111111111111111111100000000000000000000000000000011111111110000000000111111111111111111111111111111000000000000000000000000000000000000000000000000001111111111000000000000000000000000000000000000000011111111110000000000111111111100000000000000000000000000000000000000001111111111111111111111111111111111111111000000000011111111111111111111111111111100000000000000000000	11	1539036825
180.000000	180.000000	1072256	12	1072256	0.450000	llinkGens:	5	linkTime:	2.62	linkFFE:	977052	totalInd:	4		0000000000111111111100000000000000000000000000000011111111111111111111000000000011111111111111111111000000000000000000001111111111000000000000000000001111111111000000000000000000000000000000000000000011111111111111111111111111111100000000001111111111111111111100000000001111111111000000000011111111110000000000111111111100000000000000000000000000000011111111110000000000111111111100000000001111111111	12	1539036833
180.000000	180.000000	1071722	12	1071722	0.550000	llinkGens:	5	linkTime:	2.66	linkFFE:	978588	totalInd:	4		1111111111111111111100000000001111111111111111111100000000000000000000111111111111111111110000000000000000000011111111110000000000111111111111111111111111111111000000000000000000000000000000111111111100000000000000000000111111111111111111111111111111111111111111111111111111111111111111111100000000001111111111111111111111111111110000000000111111111100000000000000000000000000000000000000000000000000	12	1539036841
180.000000	180.000000	1071563	12	1071563	0.550000	llinkGens:	5	linkTime:	2.66	linkFFE:	977548	totalInd:	4		1111111111111111111111111111111111111111000000000000000000000000000000000000000011111111111111111111000000000011111111111111111111000000000000000000001111111111000000000000000000001111111111111111111111111111110000000000000000000000000000001111111111111111111111111111111111111111000000000011111111110000000000111111111111111111111111111111000000000000000000001111111111111111111100000000000000000000	12	1539036849
180.000000	180.000000	1071616	11	1071616	0.650000	llinkGens:	5	linkTime:	2.66	linkFFE:	978588	totalInd:	4		1111111111000000000011111111110000000000000000000011111111111111111111111111111100000000001111111111111111111100000000001111111111111111111100000000001111111111000000000011111111111111111111111111111111111111110000000000111111111100000000000000000000000000000011111111111111111111111111111111111111111111111111111111111111111111110000000000111111111111111111111111111111000000000000000000001111111111	11	1539036857
180.000000	180.000000	1071614	12	1071614	0.650000	llinkGens:	5	linkTime:	2.64	linkFFE:	977052	totalInd:	4		1111111111000000000011111111111111111111111111111111111111110000000000111111111111111111111111111111111111111111111111111111111111000000000000000000000000000000111111111111111111111111111111111111111100000000001111111111111111111100000000001111111111000000000000000000001111111111111111111111111111111111111111000000000011111111110000000000000000000000000000000000000000111111111111111111111111111111	12	1539036865
180.000000	180.000000	1071866	12	1071866	0.250000	llinkGens:	5	linkTime:	2.66	linkFFE:	978060	totalInd:	4		0000000000000000000000000000000000000000000000000000000000000000000000000000000000000000001111111111111111111111111111110000000000111111111111111111110000000000111111111100000000000000000000000000000000000000000000000000111111111100000000000000000000000000000000000000001111111111000000000000000000001111111111000000000000000000000000000000000000000000000000001111111111000000000000000000000000000000	12	1539036873
