200.000000	200.000000	44624587	110	44624587	0.525000	1111111111111111111100000000001111111111111111111100000000001111111111111111111100000000000000000000000000000000000000001111111111000000000011111111111111111111000000000011111111111111111111111111111111111111111111111111000000000000000000001111111111111111111100000000001111111111000000000000000000000000000000000000000011111111111111111111000000000000000000001111111111000000000000000000001111111111	110	1569583407
200.000000	200.000000	40328791	97	40328791	0.575000	0000000000111111111111111111110000000000111111111111111111111111111111111111111100000000000000000000000000000000000000001111111111000000000011111111111111111111000000000000000000001111111111111111111111111111111111111111000000000011111111111111111111000000000000000000000000000000000000000000000000001111111111111111111100000000001111111111111111111100000000001111111111111111111111111111111111111111	97	1569583475
200.000000	200.000000	81404634	215	81404634	0.600000	1111111111111111111111111111111111111111000000000000000000001111111111000000000011111111111111111111000000000011111111110000000000111111111111111111110000000000111111111100000000000000000000000000000011111111110000000000111111111111111111111111111111111111111111111111111111111111111111111111111111110000000000111111111111111111110000000000000000000011111111110000000000000000000000000000001111111111	215	1569583498
200.000000	200.000000	53800772	137	53800772	0.450000	0000000000111111111100000000001111111111111111111100000000001111111111111111111100000000001111111111000000000011111111111111111111111111111111111111111111111111000000000000000000000000000000000000000011111111110000000000000000000011111111111111111111000000000000000000000000000000000000000011111111110000000000000000000011111111110000000000000000000000000000001111111111111111111100000000000000000000	137	1569583518
200.000000	200.000000	84645751	235	84645751	0.475000	1111111111000000000011111111110000000000000000000000000000001111111111111111111100000000000000000000111111111100000000000000000000111111111111111111110000000000000000000011111111111111111111111111111100000000001111111111000000000000000000000000000000000000000000000000001111111111111111111111111111111111111111111111111100000000000000000000111111111111111111110000000000000000000000000000001111111111	235	1569583575
200.000000	200.000000	81788470	228	81788470	0.525000	1111111111111111111111111111111111111111000000000011111111111111111111111111111111111111110000000000000000000000000000001111111111000000000000000000001111111111000000000011111111110000000000111111111111111111110000000000111111111100000000001111111111111111111100000000001111111111111111111100000000000000000000111111111100000000000000000000000000000011111111110000000000111111111100000000000000000000	228	1569583610
200.000000	200.000000	140466839	390	140466839	0.550000	1111111111111111111100000000001111111111000000000011111111111111111111111111111111111111110000000000111111111111111111111111111111000000000011111111110000000000111111111100000000000000000000000000000000000000000000000000111111111111111111111111111111111111111111111111111111111111111111111100000000001111111111000000000011111111111111111111000000000000000000000000000000000000000000000000000000000000	390	1569583657
200.000000	200.000000	96270833	259	96270833	0.350000	0000000000111111111100000000001111111111111111111111111111110000000000000000000011111111111111111111000000000000000000000000000000000000000000000000000000000000000000000000000000000000000000000000000011111111110000000000000000000000000000000000000000000000000000000000001111111111111111111111111111110000000000111111111100000000001111111111111111111100000000000000000000111111111100000000000000000000	259	1569583716
200.000000	200.000000	52344469	127	52344469	0.575000	1111111111111111111111111111110000000000111111111100000000000000000000000000000011111111110000000000111111111100000000000000000000000000000011111111110000000000000000000000000000001111111111111111111111111111111111111111111111111100000000000000000000000000000011111111110000000000111111111100000000001111111111111111111111111111111111111111111111111111111111111111111111111111111100000000001111111111	127	1569583811
200.000000	200.000000	44411273	108	44411273	0.600000	1111111111111111111100000000001111111111111111111111111111111111111111111111111100000000001111111111000000000011111111110000000000111111111111111111111111111111000000000011111111111111111111000000000000000000001111111111000000000011111111111111111111000000000011111111110000000000111111111111111111110000000000111111111100000000001111111111000000000000000000001111111111000000000000000000001111111111	108	1569583840
200.000000	200.000000	82229890	232	82229890	0.625000	1111111111111111111111111111111111111111000000000000000000001111111111000000000000000000001111111111111111111100000000001111111111000000000000000000000000000000111111111111111111111111111111111111111100000000000000000000000000000011111111111111111111111111111111111111111111111111111111111111111111110000000000000000000011111111111111111111111111111100000000001111111111111111111111111111110000000000	232	1569583941
200.000000	200.000000	96291046	266	96291046	0.525000	1111111111000000000000000000000000000000111111111111111111110000000000111111111100000000001111111111000000000011111111110000000000000000000000000000001111111111000000000011111111110000000000000000000011111111111111111111111111111100000000001111111111000000000011111111110000000000111111111111111111111111111111111111111100000000000000000000111111111111111111111111111111111111111100000000000000000000	266	1569583949
200.000000	200.000000	100226392	306	100226392	0.525000	1111111111111111111111111111111111111111000000000011111111110000000000000000000000000000000000000000000000000011111111111111111111111111111111111111110000000000000000000000000000000000000000111111111111111111110000000000000000000000000000000000000000111111111100000000001111111111000000000000000000001111111111111111111111111111111111111111111111111111111111110000000000111111111100000000001111111111	306	1569583975
200.000000	200.000000	39927926	106	39927926	0.500000	1111111111000000000011111111110000000000111111111111111111110000000000111111111100000000000000000000000000000011111111111111111111000000000000000000001111111111000000000000000000001111111111111111111100000000000000000000111111111111111111110000000000000000000011111111111111111111111111111100000000001111111111111111111100000000000000000000000000000011111111110000000000000000000011111111111111111111	106	1569584049
200.000000	200.000000	66999216	214	66999216	0.525000	1111111111111111111111111111110000000000000000000011111111111111111111000000000011111111111111111111000000000000000000000000000000000000000011111111110000000000111111111100000000001111111111000000000011111111110000000000000000000011111111110000000000000000000011111111111111111111111111111100000000001111111111111111111100000000001111111111000000000011111111110000000000111111111100000000001111111111	214	1569584156
200.000000	200.000000	52318801	130	52318801	0.575000	0000000000000000000011111111111111111111000000000011111111110000000000111111111100000000000000000000000000000011111111111111111111000000000011111111110000000000111111111100000000001111111111111111111100000000000000000000000000000011111111110000000000111111111111111111110000000000111111111111111111111111111111111111111100000000001111111111111111111111111111111111111111111111111100000000001111111111	130	1569584176
200.000000	200.000000	38608133	98	38608133	0.500000	0000000000111111111100000000000000000000111111111100000000001111111111111111111100000000001111111111000000000000000000001111111111111111111111111111110000000000111111111111111111110000000000111111111111111111110000000000000000000000000000001111111111111111111100000000001111111111111111111100000000000000000000000000000000000000000000000000000000000011111111111111111111111111111111111111110000000000	98	1569584217
200.000000	200.000000	46863869	129	46863869	0.550000	1111111111111111111100000000001111111111000000000000000000001111111111000000000011111111110000000000111111111111111111111111111111111111111100000000001111111111111111111100000000001111111111000000000011111111110000000000000000000000000000001111111111000000000011111111110000000000000000000011111111110000000000111111111111111111111111111111000000000000000000000000000000111111111111111111111111111111	129	1569584282
200.000000	200.000000	45603955	134	45603955	0.575000	0000000000111111111111111111111111111111111111111111111111111111111111000000000000000000001111111111111111111100000000000000000000000000000011111111110000000000111111111100000000001111111111000000000011111111110000000000000000000011111111110000000000111111111111111111111111111111111111111111111111111111111111111111111100000000001111111111111111111100000000001111111111000000000000000000000000000000	134	1569584308
200.000000	200.000000	46556163	155	46556163	0.500000	0000000000000000000011111111111111111111111111111111111111110000000000111111111100000000000000000000111111111100000000000000000000111111111111111111111111111111000000000011111111110000000000111111111111111111110000000000000000000000000000001111111111111111111111111111111111111111000000000011111111110000000000000000000000000000000000000000111111111100000000000000000000000000000011111111111111111111	155	1569584316
200.000000	200.000000	80978251	245	80978251	0.375000	0000000000111111111100000000001111111111000000000000000000000000000000000000000011111111111111111111000000000000000000001111111111000000000000000000001111111111111111111100000000001111111111000000000011111111110000000000000000000000000000000000000000000000000000000000000000000000000000000000000000001111111111111111111100000000001111111111111111111111111111110000000000000000000011111111110000000000	245	1569584372
200.000000	200.000000	53835682	147	53835682	0.450000	0000000000111111111100000000000000000000000000000011111111110000000000111111111111111111110000000000000000000011111111111111111111000000000000000000001111111111111111111100000000001111111111111111111100000000001111111111000000000000000000001111111111111111111100000000000000000000111111111111111111111111111111000000000011111111110000000000000000000000000000000000000000000000000000000000001111111111	147	1569584413
200.000000	200.000000	94307688	288	94307688	0.325000	1111111111000000000000000000000000000000000000000011111111110000000000111111111100000000000000000000111111111111111111110000000000000000000011111111110000000000111111111100000000000000000000000000000000000000000000000000000000000000000000000000000000000000000011111111110000000000000000000000000000001111111111111111111111111111110000000000000000000000000000001111111111000000000011111111110000000000	288	1569584443
200.000000	200.000000	67127574	197	67127574	0.475000	0000000000000000000000000000000000000000000000000011111111110000000000000000000011111111111111111111111111111111111111110000000000000000000000000000000000000000111111111100000000001111111111111111111111111111111111111111111111111100000000001111111111000000000000000000000000000000000000000011111111111111111111000000000000000000000000000000111111111111111111111111111111111111111100000000001111111111	197	1569584472
200.000000	200.000000	81626197	222	81626197	0.525000	1111111111111111111100000000001111111111111111111100000000000000000000111111111100000000000000000000000000000000000000000000000000111111111111111111110000000000000000000000000000001111111111111111111111111111110000000000000000000000000000001111111111111111111100000000000000000000111111111100000000001111111111111111111100000000001111111111000000000011111111111111111111111111111111111111111111111111	222	1569584561
200.000000	200.000000	46442112	139	46442112	0.450000	1111111111111111111100000000000000000000111111111111111111111111111111111111111100000000000000000000000000000000000000000000000000000000000011111111111111111111000000000000000000001111111111000000000011111111111111111111000000000000000000001111111111000000000000000000001111111111000000000000000000001111111111000000000011111111111111111111111111111100000000000000000000000000000000000000001111111111	139	1569584620
200.000000	200.000000	83267970	267	83267970	0.575000	0000000000000000000000000000001111111111111111111111111111110000000000000000000011111111110000000000000000000011111111111111111111000000000011111111111111111111111111111111111111110000000000111111111111111111111111111111000000000000000000000000000000111111111100000000001111111111111111111100000000000000000000111111111100000000001111111111111111111111111111111111111111000000000011111111111111111111	267	1569584670
200.000000	200.000000	81428272	221	81428272	0.500000	1111111111111111111100000000001111111111111111111100000000000000000000000000000000000000000000000000000000000011111111110000000000111111111111111111110000000000111111111100000000000000000000111111111100000000000000000000111111111111111111111111111111000000000011111111110000000000111111111111111111110000000000111111111111111111110000000000000000000011111111110000000000111111111111111111110000000000	221	1569584732
200.000000	200.000000	166339241	485	166339241	0.500000	1111111111111111111111111111111111111111000000000011111111110000000000000000000011111111111111111111000000000000000000000000000000000000000000000000001111111111000000000011111111110000000000111111111100000000000000000000111111111100000000001111111111111111111111111111110000000000000000000011111111111111111111111111111100000000000000000000000000000011111111111111111111000000000011111111110000000000	485	1569584761
200.000000	200.000000	67251236	172	67251236	0.525000	1111111111000000000011111111110000000000000000000000000000001111111111111111111111111111111111111111111111111100000000000000000000111111111100000000001111111111111111111111111111111111111111000000000000000000001111111111111111111100000000000000000000111111111100000000000000000000111111111111111111111111111111111111111100000000000000000000111111111100000000000000000000000000000011111111110000000000	172	1569584784
