200.000000	200.000000	2658539	15	2658539	0.475000	1111111111000000000000000000000000000000111111111100000000000000000000111111111100000000001111111111111111111111111111111111111111111111111111111111111111111111111111111100000000000000000000111111111100000000000000000000000000000011111111110000000000000000000000000000000000000000111111111100000000000000000000111111111100000000001111111111000000000011111111110000000000111111111111111111110000000000	17	1539914715
200.000000	200.000000	2658539	15	2658539	0.475000	1111111111000000000000000000000000000000111111111100000000000000000000111111111100000000001111111111111111111111111111111111111111111111111111111111111111111111111111111100000000000000000000111111111100000000000000000000000000000011111111110000000000000000000000000000000000000000111111111100000000000000000000111111111100000000001111111111000000000011111111110000000000111111111111111111110000000000	17	1539914715
200.000000	200.000000	2605699	17	2605699	0.500000	1111111111000000000011111111111111111111111111111100000000001111111111000000000000000000001111111111111111111100000000000000000000000000000011111111111111111111111111111100000000000000000000111111111111111111110000000000000000000011111111110000000000000000000011111111110000000000111111111111111111111111111111111111111100000000001111111111000000000000000000000000000000111111111100000000000000000000	17	1539914739
200.000000	200.000000	3560861	28	3560861	0.325000	0000000000111111111100000000000000000000000000000011111111111111111111111111111100000000000000000000000000000000000000001111111111000000000000000000000000000000111111111100000000000000000000000000000000000000001111111111000000000011111111110000000000000000000000000000000000000000111111111100000000001111111111111111111100000000000000000000000000000000000000001111111111000000000000000000001111111111	28	1539914747
200.000000	200.000000	6766016	35	6766016	0.625000	0000000000000000000011111111111111111111111111111111111111110000000000111111111111111111111111111111000000000011111111111111111111111111111111111111110000000000111111111100000000001111111111111111111100000000001111111111000000000000000000001111111111000000000011111111111111111111111111111100000000000000000000111111111100000000001111111111111111111111111111110000000000000000000011111111111111111111	36	1539914762
200.000000	200.000000	1864621	13	1864621	0.525000	1111111111111111111100000000001111111111111111111100000000001111111111111111111111111111110000000000111111111100000000000000000000111111111100000000001111111111000000000011111111110000000000111111111111111111110000000000000000000011111111111111111111000000000011111111110000000000111111111100000000001111111111000000000011111111110000000000000000000000000000000000000000000000000011111111111111111111	13	1539914774
200.000000	200.000000	3673622	21	3673622	0.550000	1111111111000000000011111111110000000000111111111111111111111111111111111111111100000000001111111111000000000000000000001111111111111111111100000000001111111111000000000011111111111111111111000000000000000000000000000000111111111111111111111111111111000000000011111111111111111111111111111100000000000000000000000000000011111111110000000000111111111111111111110000000000111111111100000000000000000000	21	1539914791
200.000000	200.000000	3621877	20	3621877	0.600000	1111111111111111111100000000000000000000000000000011111111111111111111111111111100000000001111111111000000000011111111110000000000111111111100000000000000000000000000000011111111111111111111111111111111111111111111111111111111111111111111111111111111111111111100000000001111111111000000000011111111110000000000000000000000000000001111111111111111111100000000001111111111111111111100000000001111111111	20	1539914802
200.000000	200.000000	3526986	19	3526986	0.525000	0000000000111111111111111111110000000000000000000011111111110000000000000000000000000000001111111111111111111100000000000000000000111111111100000000001111111111111111111111111111110000000000111111111111111111110000000000000000000011111111110000000000111111111100000000001111111111000000000000000000001111111111000000000011111111111111111111000000000011111111111111111111111111111111111111110000000000	20	1539914809
200.000000	200.000000	3590899	18	3590899	0.500000	0000000000000000000000000000001111111111000000000000000000000000000000111111111111111111111111111111111111111100000000000000000000000000000011111111111111111111000000000000000000001111111111000000000011111111110000000000111111111100000000001111111111000000000011111111111111111111000000000011111111110000000000000000000011111111111111111111111111111111111111111111111111111111111100000000000000000000	18	1539914821
200.000000	200.000000	1896789	15	1896789	0.500000	0000000000111111111100000000001111111111000000000011111111111111111111111111111111111111110000000000111111111111111111111111111111000000000000000000000000000000000000000000000000001111111111000000000000000000001111111111111111111100000000001111111111000000000000000000001111111111000000000011111111110000000000000000000011111111111111111111111111111100000000001111111111000000000011111111110000000000	15	1539914829
200.000000	200.000000	1871888	16	1871888	0.450000	0000000000111111111111111111111111111111111111111111111111110000000000111111111111111111111111111111111111111100000000000000000000111111111100000000000000000000000000000011111111111111111111111111111100000000000000000000000000000011111111110000000000000000000000000000001111111111000000000000000000000000000000000000000000000000000000000000000000000011111111110000000000111111111111111111110000000000	18	1539914839
200.000000	200.000000	1720573	14	1720573	0.600000	0000000000111111111100000000001111111111111111111111111111111111111111000000000000000000001111111111111111111111111111110000000000111111111111111111110000000000111111111111111111110000000000111111111100000000001111111111000000000011111111111111111111111111111111111111110000000000111111111111111111110000000000111111111111111111110000000000111111111100000000000000000000000000000000000000001111111111	15	1539914847
200.000000	200.000000	3645097	20	3645097	0.425000	0000000000000000000011111111111111111111000000000011111111110000000000000000000000000000001111111111000000000000000000000000000000000000000011111111111111111111000000000011111111111111111111111111111100000000000000000000000000000011111111110000000000111111111111111111111111111111111111111111111111110000000000111111111100000000000000000000000000000000000000000000000000111111111100000000000000000000	22	1539914853
200.000000	200.000000	3461877	24	3461877	0.625000	1111111111111111111100000000001111111111111111111100000000000000000000111111111111111111110000000000111111111100000000001111111111111111111100000000001111111111111111111111111111111111111111000000000011111111111111111111000000000011111111111111111111111111111111111111110000000000000000000000000000001111111111111111111111111111110000000000111111111100000000001111111111000000000000000000001111111111	24	1539914860
200.000000	200.000000	13435300	64	13435300	0.525000	0000000000111111111111111111110000000000111111111111111111111111111111111111111111111111110000000000111111111100000000000000000000000000000011111111111111111111111111111100000000001111111111111111111100000000000000000000000000000000000000001111111111111111111111111111110000000000111111111111111111110000000000000000000000000000000000000000000000000000000000001111111111111111111100000000001111111111	65	1539914873
200.000000	200.000000	3668549	21	3668549	0.600000	1111111111000000000011111111111111111111111111111111111111111111111111111111111111111111110000000000000000000000000000000000000000111111111111111111110000000000111111111111111111111111111111000000000011111111110000000000000000000011111111111111111111000000000000000000001111111111111111111100000000000000000000111111111111111111111111111111000000000011111111111111111111000000000011111111110000000000	22	1539914901
200.000000	200.000000	3689169	22	3689169	0.575000	1111111111111111111100000000000000000000000000000011111111110000000000111111111100000000001111111111111111111111111111110000000000111111111111111111110000000000000000000011111111111111111111111111111111111111110000000000000000000000000000001111111111000000000011111111110000000000000000000011111111111111111111111111111111111111111111111111111111111100000000001111111111000000000000000000001111111111	22	1539914908
200.000000	200.000000	3555005	20	3555005	0.450000	0000000000111111111100000000001111111111111111111111111111111111111111111111111111111111111111111111111111111111111111111111111111111111111111111111110000000000000000000000000000000000000000111111111100000000000000000000000000000000000000001111111111000000000000000000000000000000000000000011111111111111111111000000000000000000000000000000000000000000000000000000000000000000000011111111110000000000	20	1539914911
200.000000	200.000000	3638361	22	3638361	0.525000	1111111111000000000011111111110000000000111111111111111111110000000000111111111111111111110000000000111111111100000000001111111111000000000000000000001111111111111111111100000000001111111111000000000000000000001111111111000000000011111111110000000000111111111100000000001111111111111111111111111111110000000000000000000000000000000000000000111111111111111111111111111111000000000000000000001111111111	22	1539914918
200.000000	200.000000	3613391	21	3613391	0.575000	0000000000111111111100000000001111111111111111111111111111110000000000111111111111111111111111111111111111111111111111111111111111111111111111111111111111111111000000000000000000001111111111111111111100000000000000000000000000000011111111111111111111000000000011111111111111111111000000000011111111110000000000000000000011111111111111111111111111111100000000000000000000000000000000000000000000000000	24	1539914929
200.000000	200.000000	3488783	18	3488783	0.550000	0000000000111111111100000000001111111111111111111111111111110000000000111111111111111111110000000000000000000000000000001111111111000000000000000000000000000000111111111111111111111111111111000000000000000000001111111111111111111111111111111111111111000000000000000000000000000000111111111111111111111111111111000000000011111111111111111111111111111111111111111111111111000000000000000000000000000000	19	1539914938
200.000000	200.000000	3587604	21	3587604	0.475000	0000000000111111111111111111110000000000000000000011111111110000000000000000000000000000000000000000111111111111111111110000000000111111111100000000001111111111111111111111111111110000000000111111111100000000000000000000111111111111111111111111111111000000000011111111110000000000000000000011111111111111111111000000000011111111110000000000000000000011111111111111111111000000000000000000000000000000	23	1539914947
200.000000	200.000000	2631903	16	2631903	0.600000	0000000000111111111100000000000000000000000000000011111111110000000000111111111100000000000000000000111111111100000000001111111111000000000011111111111111111111111111111111111111110000000000000000000011111111111111111111000000000000000000001111111111111111111100000000001111111111111111111111111111111111111111111111111100000000001111111111111111111111111111111111111111111111111100000000001111111111	17	1539914949
200.000000	200.000000	2731677	15	2731677	0.575000	1111111111111111111111111111110000000000000000000000000000001111111111000000000011111111111111111111111111111100000000000000000000111111111111111111110000000000111111111111111111111111111111111111111111111111110000000000111111111111111111110000000000111111111100000000000000000000000000000011111111110000000000111111111111111111110000000000111111111100000000001111111111000000000011111111110000000000	16	1539914958
200.000000	200.000000	2735967	16	2735967	0.575000	1111111111000000000000000000001111111111111111111111111111111111111111000000000011111111110000000000000000000000000000001111111111000000000011111111111111111111111111111100000000000000000000111111111111111111111111111111111111111100000000000000000000111111111111111111110000000000111111111100000000000000000000000000000011111111110000000000000000000011111111111111111111111111111111111111111111111111	17	1539914966
200.000000	200.000000	6982872	31	6982872	0.550000	1111111111000000000011111111111111111111111111111100000000001111111111111111111100000000000000000000111111111111111111110000000000111111111111111111111111111111111111111100000000001111111111111111111100000000000000000000111111111100000000000000000000111111111100000000000000000000111111111111111111111111111111111111111111111111110000000000000000000000000000001111111111000000000000000000000000000000	34	1539914978
200.000000	200.000000	7324365	32	7324365	0.400000	0000000000000000000011111111110000000000111111111100000000000000000000000000000011111111111111111111000000000011111111110000000000000000000011111111110000000000000000000000000000001111111111000000000000000000001111111111111111111100000000001111111111111111111100000000001111111111111111111111111111110000000000000000000000000000001111111111000000000000000000001111111111000000000000000000000000000000	36	1539914982
200.000000	200.000000	2622288	16	2622288	0.475000	0000000000111111111111111111111111111111111111111111111111110000000000000000000000000000000000000000111111111111111111111111111111000000000000000000001111111111111111111100000000001111111111111111111100000000000000000000000000000000000000000000000000000000000011111111110000000000111111111111111111110000000000000000000000000000001111111111111111111100000000001111111111111111111100000000000000000000	16	1539914991
200.000000	200.000000	3428481	18	3428481	0.475000	0000000000111111111100000000000000000000000000000000000000001111111111111111111100000000001111111111000000000000000000000000000000111111111100000000001111111111111111111111111111111111111111111111111111111111111111111111111111111100000000001111111111000000000011111111110000000000000000000000000000001111111111000000000011111111111111111111000000000000000000001111111111000000000000000000000000000000	19	1539915004
