200.000000	200.000000	101320237	270	101320237	0.400000	1111111111000000000000000000001111111111111111111111111111110000000000000000000011111111110000000000000000000011111111110000000000000000000011111111111111111111111111111100000000000000000000111111111100000000000000000000000000000011111111110000000000000000000000000000001111111111000000000000000000000000000000000000000011111111111111111111000000000000000000001111111111000000000011111111110000000000	271	1539915017
200.000000	200.000000	76417143	196	76417143	0.550000	1111111111000000000000000000000000000000111111111100000000001111111111000000000011111111111111111111000000000000000000001111111111000000000000000000000000000000111111111100000000001111111111000000000011111111111111111111111111111100000000001111111111111111111111111111111111111111000000000000000000001111111111111111111111111111111111111111000000000011111111110000000000111111111100000000001111111111	198	1539915026
200.000000	200.000000	64144082	163	64144082	0.575000	1111111111111111111111111111111111111111111111111100000000001111111111111111111100000000001111111111000000000000000000000000000000111111111100000000001111111111000000000000000000001111111111111111111111111111111111111111111111111111111111111111111111000000000000000000001111111111111111111100000000000000000000000000000000000000000000000000111111111100000000001111111111111111111100000000001111111111	166	1539915033
200.000000	200.000000	63079565	158	63079565	0.500000	0000000000000000000000000000000000000000111111111100000000000000000000111111111100000000001111111111000000000000000000000000000000111111111100000000001111111111111111111111111111110000000000111111111100000000001111111111111111111111111111111111111111000000000011111111111111111111000000000011111111111111111111111111111111111111110000000000111111111100000000000000000000000000000011111111110000000000	158	1539915041
200.000000	200.000000	100373952	262	100373952	0.525000	0000000000111111111100000000001111111111111111111111111111111111111111111111111100000000001111111111111111111100000000000000000000000000000000000000000000000000000000000011111111110000000000000000000011111111111111111111111111111100000000001111111111111111111100000000000000000000111111111111111111111111111111111111111100000000000000000000000000000000000000001111111111111111111100000000001111111111	262	1539915055
200.000000	200.000000	80131557	205	80131557	0.475000	1111111111111111111111111111110000000000000000000011111111110000000000000000000000000000000000000000111111111111111111110000000000111111111111111111110000000000111111111111111111111111111111000000000000000000001111111111000000000000000000000000000000111111111100000000001111111111000000000011111111110000000000000000000000000000000000000000000000000011111111110000000000111111111111111111111111111111	205	1539915204
200.000000	200.000000	63113720	155	63113720	0.425000	0000000000111111111100000000000000000000000000000011111111110000000000111111111100000000001111111111000000000000000000000000000000111111111111111111110000000000111111111111111111110000000000000000000000000000000000000000111111111111111111110000000000111111111111111111110000000000111111111100000000000000000000111111111100000000000000000000111111111111111111110000000000000000000000000000001111111111	156	1539915211
200.000000	200.000000	63456369	155	63456369	0.600000	0000000000111111111111111111111111111111000000000011111111111111111111111111111111111111111111111111111111111111111111110000000000111111111111111111110000000000111111111111111111111111111111111111111100000000000000000000111111111111111111110000000000111111111111111111110000000000000000000011111111110000000000000000000000000000000000000000111111111100000000001111111111000000000011111111110000000000	156	1539915227
200.000000	200.000000	65372542	164	65372542	0.400000	1111111111000000000000000000000000000000000000000011111111111111111111000000000011111111111111111111000000000011111111110000000000000000000000000000000000000000000000000011111111111111111111111111111100000000001111111111111111111100000000000000000000111111111111111111110000000000000000000011111111110000000000000000000011111111110000000000000000000000000000001111111111000000000000000000000000000000	165	1539915294
200.000000	200.000000	75413062	193	75413062	0.550000	0000000000000000000000000000001111111111000000000011111111110000000000111111111100000000001111111111000000000011111111110000000000111111111100000000000000000000111111111111111111111111111111000000000011111111111111111111111111111100000000001111111111000000000000000000001111111111111111111111111111111111111111000000000011111111110000000000000000000011111111111111111111111111111111111111110000000000	194	1539915326
200.000000	200.000000	62760085	158	62760085	0.500000	1111111111111111111111111111111111111111000000000000000000001111111111111111111111111111111111111111000000000000000000001111111111000000000011111111111111111111000000000000000000001111111111000000000011111111110000000000111111111111111111110000000000000000000000000000000000000000000000000011111111110000000000111111111100000000001111111111111111111100000000000000000000111111111100000000000000000000	158	1539915373
200.000000	200.000000	88655176	235	88655176	0.575000	1111111111111111111111111111110000000000111111111111111111110000000000000000000011111111111111111111111111111100000000001111111111111111111100000000000000000000111111111100000000000000000000111111111111111111110000000000000000000000000000001111111111111111111100000000001111111111111111111111111111110000000000111111111111111111110000000000000000000000000000001111111111000000000011111111111111111111	236	1539915385
200.000000	200.000000	100607531	269	100607531	0.500000	1111111111111111111100000000000000000000000000000000000000000000000000000000000011111111110000000000111111111111111111110000000000111111111111111111111111111111000000000011111111111111111111111111111111111111110000000000000000000011111111110000000000000000000011111111110000000000111111111111111111111111111111111111111100000000000000000000111111111100000000000000000000000000000000000000001111111111	269	1539915410
200.000000	200.000000	74754377	194	74754377	0.400000	0000000000000000000000000000000000000000111111111111111111110000000000111111111100000000001111111111000000000000000000000000000000111111111100000000000000000000000000000000000000000000000000111111111100000000000000000000111111111111111111110000000000111111111100000000001111111111000000000011111111111111111111000000000000000000000000000000111111111100000000000000000000111111111111111111111111111111	195	1539915464
200.000000	200.000000	63090378	164	63090378	0.575000	1111111111111111111100000000000000000000000000000011111111110000000000111111111111111111110000000000111111111100000000001111111111111111111111111111111111111111111111111111111111110000000000000000000000000000001111111111000000000000000000000000000000000000000011111111111111111111111111111111111111110000000000111111111111111111111111111111111111111100000000000000000000111111111111111111110000000000	165	1539915522
200.000000	200.000000	76360698	197	76360698	0.650000	0000000000111111111100000000001111111111111111111111111111110000000000111111111100000000001111111111000000000000000000001111111111111111111100000000000000000000111111111111111111110000000000000000000000000000000000000000000000000011111111111111111111111111111111111111111111111111111111111111111111111111111111111111111111111111111111111111111111111100000000001111111111111111111111111111111111111111	197	1539915537
200.000000	200.000000	101785543	268	101785543	0.550000	1111111111111111111100000000000000000000111111111111111111111111111111000000000011111111111111111111111111111100000000000000000000000000000000000000001111111111111111111111111111110000000000000000000011111111111111111111000000000000000000000000000000000000000000000000000000000000111111111111111111111111111111111111111100000000001111111111111111111111111111111111111111000000000011111111110000000000	270	1539915623
200.000000	200.000000	68293631	169	68293631	0.400000	0000000000111111111100000000000000000000111111111100000000001111111111111111111100000000000000000000000000000000000000000000000000000000000000000000000000000000000000000000000000001111111111000000000011111111110000000000111111111111111111111111111111111111111111111111110000000000000000000000000000001111111111111111111111111111110000000000000000000000000000000000000000000000000011111111111111111111	169	1539915661
200.000000	200.000000	75285248	191	75285248	0.425000	0000000000000000000011111111111111111111111111111100000000000000000000111111111100000000001111111111000000000000000000000000000000111111111111111111110000000000111111111111111111110000000000111111111100000000000000000000111111111111111111111111111111000000000000000000000000000000111111111111111111110000000000000000000000000000000000000000000000000000000000001111111111000000000000000000001111111111	191	1539915683
200.000000	200.000000	76071059	193	76071059	0.500000	0000000000000000000000000000001111111111000000000011111111111111111111111111111100000000001111111111111111111100000000001111111111111111111100000000000000000000111111111111111111110000000000111111111111111111111111111111000000000011111111110000000000111111111111111111110000000000000000000000000000001111111111000000000000000000001111111111000000000000000000001111111111000000000000000000001111111111	193	1539915692
200.000000	200.000000	101076236	270	101076236	0.625000	0000000000111111111111111111111111111111000000000000000000001111111111000000000011111111110000000000000000000011111111110000000000111111111100000000000000000000111111111100000000001111111111000000000011111111111111111111111111111111111111111111111111111111111111111111110000000000111111111111111111111111111111111111111100000000001111111111111111111111111111111111111111000000000011111111110000000000	271	1539915735
200.000000	200.000000	77485620	199	77485620	0.525000	1111111111000000000000000000000000000000111111111100000000000000000000111111111111111111111111111111111111111111111111110000000000111111111100000000001111111111000000000000000000001111111111000000000000000000000000000000111111111100000000000000000000111111111111111111111111111111111111111100000000000000000000000000000000000000001111111111111111111111111111111111111111111111111100000000001111111111	199	1539915835
200.000000	200.000000	75221849	198	75221849	0.625000	1111111111111111111111111111110000000000111111111111111111110000000000111111111111111111110000000000111111111100000000001111111111000000000000000000001111111111000000000011111111111111111111000000000011111111111111111111000000000011111111111111111111000000000011111111111111111111000000000000000000001111111111111111111111111111111111111111000000000000000000001111111111111111111100000000001111111111	199	1539915874
200.000000	200.000000	62767996	153	62767996	0.475000	0000000000000000000011111111111111111111111111111100000000000000000000000000000011111111111111111111111111111100000000001111111111000000000011111111111111111111000000000011111111111111111111111111111100000000000000000000111111111111111111110000000000000000000011111111111111111111000000000000000000000000000000111111111100000000001111111111000000000000000000000000000000000000000011111111110000000000	153	1539915886
200.000000	200.000000	103433520	276	103433520	0.525000	1111111111000000000011111111110000000000000000000011111111111111111111000000000000000000000000000000111111111100000000001111111111111111111111111111110000000000111111111111111111111111111111111111111111111111110000000000111111111111111111110000000000000000000000000000001111111111111111111100000000001111111111111111111100000000001111111111000000000011111111110000000000000000000000000000000000000000	278	1539915896
200.000000	200.000000	76278861	194	76278861	0.425000	0000000000000000000011111111111111111111000000000011111111110000000000000000000000000000001111111111111111111100000000000000000000000000000000000000001111111111000000000000000000001111111111000000000000000000001111111111111111111111111111110000000000111111111111111111110000000000000000000011111111111111111111000000000011111111110000000000000000000000000000000000000000000000000011111111111111111111	196	1539916009
200.000000	200.000000	77094671	199	77094671	0.500000	1111111111111111111111111111110000000000111111111100000000000000000000000000000011111111110000000000000000000011111111110000000000111111111111111111111111111111000000000000000000001111111111111111111111111111110000000000111111111111111111111111111111111111111111111111110000000000111111111100000000001111111111000000000000000000000000000000111111111100000000000000000000000000000000000000000000000000	200	1539916039
200.000000	200.000000	75777244	190	75777244	0.575000	0000000000111111111111111111110000000000000000000000000000001111111111000000000011111111111111111111000000000011111111111111111111000000000000000000001111111111111111111100000000000000000000111111111100000000001111111111111111111100000000001111111111111111111111111111111111111111111111111100000000000000000000000000000011111111110000000000111111111111111111111111111111111111111100000000001111111111	190	1539916046
200.000000	200.000000	63034646	153	63034646	0.500000	1111111111000000000011111111111111111111000000000000000000000000000000111111111100000000000000000000111111111111111111110000000000000000000000000000000000000000111111111111111111110000000000000000000011111111111111111111111111111111111111110000000000111111111100000000001111111111000000000011111111110000000000111111111100000000000000000000111111111100000000000000000000111111111111111111111111111111	154	1539916077
200.000000	200.000000	63035466	153	63035466	0.550000	0000000000000000000000000000001111111111111111111100000000001111111111111111111100000000000000000000000000000000000000001111111111000000000011111111110000000000111111111111111111111111111111000000000011111111111111111111111111111111111111111111111111111111111111111111111111111111111111111100000000001111111111000000000011111111110000000000111111111111111111110000000000000000000000000000000000000000	153	1539916173
