200.000000	200.000000	118368788	287	118368788	0.575000	0000000000111111111100000000000000000000111111111111111111110000000000000000000011111111111111111111111111111111111111111111111111111111111100000000000000000000111111111100000000000000000000111111111111111111111111111111000000000011111111111111111111111111111111111111110000000000000000000000000000001111111111111111111111111111111111111111000000000000000000000000000000111111111111111111110000000000	287	1539916206
200.000000	200.000000	96170243	223	96170243	0.525000	1111111111111111111100000000001111111111111111111100000000000000000000000000000000000000000000000000000000000011111111111111111111111111111111111111110000000000111111111100000000000000000000000000000011111111111111111111000000000011111111110000000000111111111111111111110000000000000000000011111111110000000000111111111111111111111111111111000000000000000000000000000000111111111111111111111111111111	223	1539916235
200.000000	200.000000	122532796	295	122532796	0.400000	0000000000111111111111111111111111111111000000000000000000000000000000111111111111111111110000000000111111111111111111111111111111000000000011111111110000000000111111111100000000001111111111000000000000000000001111111111000000000000000000000000000000000000000000000000000000000000000000000000000000000000000000111111111100000000000000000000111111111100000000001111111111111111111100000000000000000000	295	1539916243
200.000000	200.000000	97000752	222	97000752	0.600000	0000000000000000000011111111111111111111111111111100000000001111111111000000000011111111110000000000111111111111111111111111111111000000000000000000001111111111000000000011111111111111111111111111111100000000001111111111000000000000000000001111111111000000000011111111111111111111111111111111111111111111111111111111111100000000000000000000000000000011111111110000000000111111111111111111111111111111	222	1539916252
200.000000	200.000000	109435124	253	109435124	0.475000	0000000000000000000011111111110000000000000000000011111111111111111111111111111111111111111111111111000000000000000000000000000000000000000011111111110000000000000000000000000000000000000000111111111111111111111111111111000000000000000000000000000000000000000011111111110000000000111111111111111111110000000000111111111100000000000000000000111111111100000000001111111111111111111111111111111111111111	254	1539916328
200.000000	200.000000	96667691	222	96667691	0.525000	0000000000111111111111111111111111111111000000000000000000001111111111000000000011111111110000000000000000000000000000000000000000111111111111111111111111111111111111111100000000000000000000111111111111111111111111111111111111111100000000001111111111000000000011111111111111111111000000000011111111110000000000111111111111111111110000000000000000000011111111110000000000000000000011111111110000000000	222	1539916464
200.000000	200.000000	119730649	292	119730649	0.500000	0000000000111111111111111111110000000000111111111111111111111111111111000000000011111111110000000000000000000011111111110000000000111111111100000000000000000000111111111100000000000000000000000000000011111111111111111111111111111111111111111111111111111111111100000000001111111111111111111100000000000000000000111111111100000000000000000000000000000000000000000000000000111111111100000000001111111111	292	1539916477
200.000000	200.000000	111426877	265	111426877	0.550000	0000000000111111111100000000001111111111000000000000000000000000000000111111111100000000001111111111000000000011111111111111111111000000000011111111110000000000111111111111111111111111111111111111111100000000001111111111111111111111111111110000000000111111111111111111110000000000111111111111111111111111111111111111111100000000000000000000000000000000000000000000000000000000000011111111111111111111	266	1539916496
200.000000	200.000000	97800244	221	97800244	0.425000	0000000000000000000011111111110000000000111111111111111111110000000000000000000000000000000000000000000000000000000000000000000000000000000011111111111111111111000000000000000000001111111111000000000000000000001111111111000000000011111111110000000000000000000011111111111111111111000000000000000000001111111111000000000000000000001111111111000000000011111111111111111111111111111111111111111111111111	222	1539916548
200.000000	200.000000	95819291	216	95819291	0.475000	1111111111111111111100000000000000000000000000000000000000001111111111111111111111111111110000000000111111111111111111110000000000000000000000000000000000000000111111111100000000000000000000000000000011111111110000000000111111111111111111110000000000111111111111111111110000000000111111111111111111111111111111000000000011111111110000000000111111111100000000000000000000000000000000000000001111111111	216	1539916586
200.000000	200.000000	83145950	182	83145950	0.675000	1111111111000000000000000000001111111111111111111100000000001111111111000000000011111111111111111111000000000011111111111111111111111111111111111111110000000000111111111111111111110000000000111111111111111111111111111111000000000011111111111111111111111111111100000000001111111111000000000011111111111111111111111111111100000000001111111111111111111111111111110000000000111111111100000000001111111111	183	1539916613
200.000000	200.000000	82041138	178	82041138	0.425000	0000000000000000000011111111110000000000000000000000000000000000000000000000000011111111111111111111000000000000000000001111111111111111111111111111111111111111000000000011111111110000000000000000000000000000000000000000000000000011111111110000000000111111111100000000000000000000111111111111111111110000000000000000000011111111111111111111111111111100000000001111111111111111111100000000000000000000	178	1539916689
200.000000	200.000000	83623338	182	83623338	0.475000	0000000000000000000000000000001111111111111111111111111111111111111111000000000000000000001111111111000000000000000000000000000000111111111111111111110000000000000000000000000000001111111111111111111100000000000000000000111111111100000000000000000000000000000000000000001111111111111111111100000000000000000000111111111111111111111111111111111111111111111111111111111111111111111100000000000000000000	183	1539916764
200.000000	200.000000	96176760	221	96176760	0.375000	0000000000000000000011111111111111111111000000000011111111110000000000000000000000000000000000000000000000000000000000000000000000000000000000000000000000000000111111111100000000001111111111111111111111111111111111111111111111111100000000000000000000111111111100000000000000000000111111111100000000000000000000111111111111111111110000000000000000000000000000001111111111000000000000000000001111111111	221	1539916773
200.000000	200.000000	82723428	177	82723428	0.525000	1111111111000000000011111111111111111111000000000011111111111111111111000000000011111111110000000000111111111111111111111111111111000000000000000000000000000000111111111111111111111111111111111111111100000000001111111111000000000000000000000000000000111111111100000000001111111111111111111111111111110000000000000000000000000000001111111111000000000000000000000000000000000000000011111111111111111111	178	1539916781
200.000000	200.000000	97215186	223	97215186	0.600000	1111111111000000000000000000001111111111111111111100000000000000000000111111111100000000001111111111000000000011111111110000000000111111111111111111111111111111111111111111111111111111111111111111111100000000001111111111111111111111111111110000000000111111111100000000000000000000000000000011111111111111111111000000000000000000001111111111111111111100000000001111111111000000000011111111111111111111	223	1539916798
200.000000	200.000000	82765472	176	82765472	0.525000	0000000000111111111100000000000000000000111111111100000000001111111111111111111111111111110000000000111111111111111111111111111111111111111111111111111111111111111111111111111111110000000000000000000011111111111111111111000000000000000000000000000000000000000000000000001111111111111111111111111111110000000000111111111100000000000000000000000000000000000000000000000000111111111111111111110000000000	177	1539916807
200.000000	200.000000	96288010	221	96288010	0.425000	1111111111000000000000000000000000000000000000000000000000001111111111000000000000000000001111111111111111111111111111111111111111111111111100000000001111111111111111111111111111110000000000111111111100000000000000000000000000000000000000000000000000000000000000000000001111111111000000000011111111111111111111000000000000000000000000000000000000000011111111111111111111000000000000000000001111111111	221	1539916869
200.000000	200.000000	81353877	174	81353877	0.500000	0000000000000000000011111111110000000000111111111100000000000000000000000000000011111111110000000000000000000011111111111111111111111111111100000000001111111111000000000000000000001111111111111111111111111111111111111111111111111100000000000000000000000000000011111111111111111111000000000000000000001111111111111111111100000000000000000000000000000011111111111111111111111111111100000000001111111111	174	1539916947
200.000000	200.000000	125291276	303	125291276	0.525000	1111111111111111111100000000000000000000111111111100000000001111111111111111111111111111110000000000000000000011111111111111111111111111111100000000000000000000000000000000000000001111111111000000000011111111110000000000000000000000000000000000000000111111111100000000001111111111000000000011111111111111111111000000000011111111110000000000000000000011111111111111111111111111111111111111111111111111	304	1539916961
200.000000	200.000000	93899431	210	93899431	0.350000	0000000000111111111100000000001111111111000000000011111111111111111111111111111100000000000000000000000000000011111111110000000000000000000000000000001111111111000000000000000000001111111111000000000000000000001111111111000000000011111111110000000000000000000000000000000000000000000000000000000000001111111111111111111111111111110000000000000000000000000000000000000000000000000000000000001111111111	210	1539916985
200.000000	200.000000	107217394	248	107217394	0.500000	1111111111000000000011111111111111111111111111111100000000000000000000000000000000000000000000000000111111111100000000000000000000111111111100000000000000000000111111111100000000001111111111000000000000000000000000000000000000000000000000001111111111000000000000000000001111111111111111111111111111111111111111111111111111111111111111111111111111111100000000001111111111000000000011111111111111111111	249	1539916996
200.000000	200.000000	111247178	265	111247178	0.575000	1111111111000000000011111111111111111111111111111111111111111111111111000000000011111111110000000000111111111100000000000000000000111111111100000000001111111111111111111100000000001111111111111111111100000000000000000000000000000011111111110000000000000000000011111111110000000000000000000000000000001111111111111111111111111111110000000000000000000011111111111111111111111111111111111111111111111111	265	1539917023
200.000000	200.000000	107563164	255	107563164	0.575000	1111111111111111111111111111111111111111000000000000000000000000000000000000000011111111111111111111000000000011111111110000000000111111111100000000000000000000111111111111111111111111111111111111111100000000001111111111111111111100000000001111111111111111111100000000000000000000000000000000000000001111111111111111111111111111111111111111000000000011111111111111111111111111111100000000000000000000	255	1539917091
200.000000	200.000000	57524400	125	57524400	0.550000	0000000000111111111100000000001111111111000000000011111111110000000000000000000000000000000000000000111111111100000000001111111111000000000000000000001111111111111111111100000000000000000000111111111111111111111111111111000000000011111111111111111111000000000011111111110000000000111111111100000000001111111111111111111111111111110000000000111111111111111111110000000000111111111111111111111111111111	126	1539917124
200.000000	200.000000	94600968	217	94600968	0.500000	0000000000111111111111111111111111111111111111111100000000000000000000000000000000000000000000000000111111111111111111110000000000000000000000000000000000000000111111111111111111111111111111000000000011111111111111111111000000000011111111110000000000000000000000000000000000000000111111111111111111111111111111111111111100000000001111111111111111111111111111111111111111000000000000000000000000000000	217	1539917200
200.000000	200.000000	57873638	127	57873638	0.475000	1111111111111111111111111111111111111111000000000000000000001111111111000000000000000000000000000000000000000000000000000000000000111111111100000000001111111111000000000000000000000000000000111111111111111111110000000000111111111111111111110000000000111111111100000000001111111111111111111100000000000000000000111111111111111111110000000000000000000011111111111111111111000000000011111111110000000000	128	1539917249
200.000000	200.000000	81973317	179	81973317	0.450000	0000000000111111111111111111110000000000000000000000000000001111111111000000000000000000000000000000000000000011111111110000000000111111111111111111110000000000000000000011111111111111111111111111111100000000001111111111000000000000000000001111111111000000000011111111111111111111000000000011111111111111111111111111111100000000000000000000111111111111111111110000000000000000000000000000000000000000	179	1539917258
200.000000	200.000000	51984533	112	51984533	0.425000	0000000000000000000011111111110000000000111111111111111111111111111111111111111111111111111111111111000000000000000000000000000000000000000011111111110000000000111111111100000000000000000000000000000000000000000000000000111111111100000000000000000000111111111100000000001111111111000000000000000000000000000000000000000011111111111111111111000000000011111111110000000000111111111100000000001111111111	112	1539917268
200.000000	200.000000	83494932	186	83494932	0.475000	0000000000000000000011111111110000000000000000000011111111110000000000000000000000000000001111111111111111111100000000001111111111111111111100000000000000000000111111111100000000001111111111000000000011111111110000000000111111111111111111111111111111111111111100000000001111111111111111111111111111110000000000111111111100000000000000000000111111111100000000000000000000000000000000000000001111111111	186	1539917286
