200.000000	200.000000	56759620	2055	56759620	0.525000	1111111111000000000011111111110000000000111111111100000000001111111111000000000000000000000000000000111111111111111111110000000000000000000011111111111111111111000000000000000000001111111111111111111111111111111111111111111111111111111111111111111111000000000000000000000000000000111111111111111111110000000000000000000011111111111111111111000000000000000000001111111111000000000011111111110000000000	2055	1540412409
200.000000	200.000000	54763878	1891	54763878	0.500000	1111111111111111111111111111110000000000111111111100000000001111111111000000000000000000001111111111111111111111111111111111111111111111111100000000000000000000111111111100000000000000000000000000000011111111111111111111000000000000000000001111111111111111111111111111111111111111000000000000000000000000000000111111111100000000000000000000000000000000000000000000000000111111111100000000001111111111	1892	1540412429
200.000000	200.000000	52824164	1913	52824164	0.450000	0000000000111111111100000000000000000000000000000000000000000000000000000000000011111111111111111111000000000011111111111111111111000000000011111111110000000000111111111100000000000000000000111111111111111111111111111111111111111111111111110000000000000000000000000000000000000000111111111100000000000000000000111111111111111111111111111111000000000000000000000000000000111111111111111111110000000000	1913	1540412440
200.000000	200.000000	54454967	1983	54454967	0.650000	1111111111000000000000000000001111111111111111111100000000000000000000111111111100000000001111111111111111111111111111111111111111111111111111111111110000000000111111111111111111111111111111111111111111111111110000000000111111111111111111110000000000000000000011111111110000000000111111111111111111110000000000000000000000000000001111111111111111111111111111110000000000111111111111111111111111111111	1984	1540412463
200.000000	200.000000	60483147	1955	60483147	0.650000	0000000000111111111111111111110000000000000000000011111111111111111111111111111100000000001111111111111111111100000000001111111111111111111111111111111111111111000000000000000000001111111111111111111100000000001111111111111111111111111111111111111111111111111100000000000000000000111111111111111111110000000000000000000011111111111111111111000000000011111111111111111111111111111100000000001111111111	1956	1540412471
200.000000	200.000000	57923720	1726	57923720	0.425000	1111111111000000000000000000000000000000000000000011111111110000000000111111111100000000001111111111000000000011111111111111111111111111111100000000000000000000000000000011111111110000000000000000000000000000001111111111000000000011111111111111111111000000000011111111110000000000111111111111111111110000000000000000000011111111110000000000111111111100000000000000000000000000000000000000001111111111	1726	1540412482
200.000000	200.000000	52996023	1671	52996023	0.525000	1111111111000000000000000000001111111111111111111100000000001111111111000000000011111111111111111111111111111100000000000000000000000000000000000000001111111111111111111111111111110000000000000000000011111111110000000000000000000000000000000000000000000000000011111111111111111111111111111111111111110000000000111111111111111111110000000000000000000000000000001111111111111111111111111111111111111111	1671	1540412502
200.000000	200.000000	46075421	1676	46075421	0.500000	1111111111000000000000000000001111111111111111111111111111110000000000111111111100000000000000000000000000000000000000001111111111111111111100000000001111111111111111111111111111111111111111111111111111111111110000000000111111111111111111111111111111000000000011111111110000000000000000000000000000001111111111000000000000000000000000000000000000000011111111110000000000111111111100000000000000000000	1676	1540412513
200.000000	200.000000	59152877	1883	59152877	0.475000	0000000000111111111111111111111111111111000000000011111111111111111111000000000011111111111111111111000000000011111111110000000000000000000000000000000000000000000000000011111111111111111111111111111100000000001111111111000000000000000000001111111111111111111100000000001111111111000000000011111111110000000000000000000000000000001111111111000000000000000000001111111111000000000011111111110000000000	1884	1540412524
200.000000	200.000000	43945762	1645	43945762	0.525000	1111111111111111111111111111110000000000000000000000000000001111111111000000000011111111110000000000111111111100000000001111111111000000000000000000001111111111111111111100000000001111111111111111111111111111110000000000111111111111111111111111111111000000000011111111111111111111000000000000000000000000000000111111111100000000001111111111000000000000000000001111111111000000000000000000001111111111	1645	1540412532
200.000000	200.000000	64667742	1364	64667742	0.475000	1111111111000000000011111111111111111111000000000011111111110000000000000000000000000000000000000000000000000011111111111111111111111111111100000000000000000000000000000011111111110000000000000000000011111111111111111111111111111111111111110000000000111111111111111111111111111111111111111100000000000000000000000000000011111111110000000000000000000000000000001111111111111111111100000000000000000000	1364	1540414176
200.000000	200.000000	62395379	1269	62395379	0.600000	0000000000111111111100000000000000000000111111111111111111111111111111111111111111111111111111111111000000000011111111110000000000111111111100000000001111111111111111111100000000001111111111111111111100000000000000000000000000000011111111111111111111111111111100000000000000000000111111111111111111111111111111111111111111111111111111111111111111111100000000000000000000000000000000000000001111111111	1269	1540414184
200.000000	200.000000	62248614	1200	62248614	0.550000	0000000000111111111100000000001111111111111111111100000000001111111111000000000011111111111111111111000000000011111111110000000000111111111111111111111111111111000000000000000000000000000000111111111111111111110000000000000000000011111111110000000000111111111111111111111111111111000000000011111111111111111111000000000000000000001111111111000000000011111111110000000000000000000011111111111111111111	1200	1540414192
200.000000	200.000000	48255073	1078	48255073	0.550000	0000000000000000000000000000000000000000111111111111111111111111111111000000000000000000000000000000000000000011111111111111111111111111111111111111111111111111000000000011111111110000000000111111111111111111111111111111000000000011111111111111111111000000000011111111111111111111000000000000000000000000000000000000000011111111111111111111000000000011111111111111111111111111111111111111110000000000	1078	1540414209
200.000000	200.000000	58413162	1204	58413162	0.400000	1111111111000000000000000000000000000000000000000011111111111111111111000000000011111111110000000000111111111111111111111111111111000000000011111111110000000000000000000000000000001111111111000000000000000000000000000000111111111100000000001111111111000000000000000000000000000000111111111111111111110000000000111111111111111111110000000000000000000000000000000000000000000000000000000000001111111111	1204	1540414322
200.000000	200.000000	62533931	1233	62533931	0.450000	1111111111111111111100000000001111111111000000000011111111110000000000111111111100000000000000000000000000000011111111110000000000111111111100000000000000000000111111111100000000000000000000000000000000000000000000000000111111111111111111110000000000111111111100000000001111111111111111111111111111110000000000000000000000000000001111111111111111111100000000000000000000000000000011111111111111111111	1234	1540414354
200.000000	200.000000	60084577	1275	60084577	0.450000	1111111111000000000000000000001111111111000000000011111111111111111111111111111100000000001111111111000000000011111111110000000000000000000011111111110000000000111111111111111111111111111111111111111100000000000000000000000000000011111111110000000000111111111100000000000000000000111111111100000000000000000000111111111100000000000000000000000000000011111111110000000000000000000011111111110000000000	1275	1540414410
200.000000	200.000000	53234817	1070	53234817	0.625000	1111111111000000000000000000000000000000111111111100000000001111111111111111111111111111111111111111000000000011111111111111111111111111111100000000000000000000111111111100000000000000000000111111111111111111110000000000111111111111111111111111111111111111111100000000000000000000111111111100000000001111111111111111111111111111111111111111111111111100000000001111111111111111111100000000001111111111	1070	1540414427
200.000000	200.000000	54738737	1227	54738737	0.600000	1111111111111111111111111111111111111111111111111100000000000000000000000000000011111111110000000000111111111100000000001111111111111111111111111111111111111111111111111111111111111111111111111111111100000000001111111111000000000011111111111111111111000000000011111111110000000000000000000000000000001111111111000000000011111111111111111111000000000000000000001111111111000000000000000000001111111111	1227	1540414447
200.000000	200.000000	64093357	1324	64093357	0.400000	0000000000111111111100000000000000000000111111111100000000000000000000000000000011111111110000000000111111111100000000001111111111000000000000000000001111111111111111111100000000001111111111000000000000000000001111111111000000000011111111110000000000111111111100000000000000000000000000000011111111111111111111111111111100000000000000000000000000000000000000000000000000000000000011111111111111111111	1324	1540414467
200.000000	200.000000	47184714	1104	47184714	0.575000	0000000000000000000000000000001111111111111111111100000000000000000000111111111111111111111111111111000000000011111111111111111111000000000011111111110000000000111111111111111111111111111111111111111100000000001111111111111111111100000000001111111111000000000011111111111111111111000000000011111111110000000000111111111100000000000000000000111111111111111111111111111111000000000011111111110000000000	1104	1540415289
200.000000	200.000000	58040569	1126	58040569	0.600000	0000000000111111111111111111110000000000111111111100000000000000000000000000000011111111110000000000111111111111111111110000000000111111111111111111111111111111111111111111111111111111111111111111111100000000001111111111000000000011111111111111111111111111111100000000001111111111000000000000000000001111111111111111111111111111110000000000000000000011111111110000000000000000000011111111111111111111	1126	1540415393
200.000000	200.000000	54039060	1201	54039060	0.400000	0000000000111111111100000000000000000000111111111100000000000000000000000000000000000000000000000000000000000000000000001111111111000000000011111111111111111111111111111111111111110000000000000000000000000000000000000000111111111100000000000000000000111111111100000000001111111111000000000000000000000000000000111111111100000000001111111111111111111111111111110000000000111111111111111111110000000000	1201	1540415455
200.000000	200.000000	48792286	1132	48792286	0.450000	0000000000000000000000000000000000000000111111111100000000000000000000111111111111111111110000000000111111111100000000000000000000111111111111111111111111111111000000000000000000000000000000000000000011111111111111111111111111111100000000000000000000000000000011111111110000000000111111111100000000000000000000000000000000000000000000000000111111111111111111111111111111111111111111111111111111111111	1132	1540415499
200.000000	200.000000	54711413	1274	54711413	0.300000	1111111111000000000011111111110000000000000000000011111111110000000000000000000011111111110000000000111111111111111111110000000000111111111100000000001111111111000000000000000000000000000000000000000000000000000000000000000000000011111111110000000000000000000000000000000000000000111111111100000000000000000000000000000000000000000000000000000000000000000000000000000000111111111100000000001111111111	1274	1540415528
200.000000	200.000000	48459831	1099	48459831	0.475000	0000000000111111111111111111111111111111111111111111111111111111111111111111111100000000000000000000000000000000000000000000000000111111111100000000001111111111000000000000000000000000000000111111111111111111110000000000000000000011111111110000000000000000000011111111111111111111000000000000000000000000000000111111111100000000000000000000000000000011111111111111111111000000000011111111111111111111	1099	1540415542
200.000000	200.000000	43509584	1008	43509584	0.500000	1111111111000000000011111111110000000000000000000011111111110000000000000000000000000000000000000000111111111100000000001111111111111111111111111111111111111111000000000000000000001111111111000000000000000000001111111111111111111111111111110000000000111111111100000000001111111111000000000000000000000000000000111111111111111111110000000000000000000011111111111111111111111111111111111111110000000000	1008	1540415589
200.000000	200.000000	56086524	1159	56086524	0.400000	1111111111000000000011111111110000000000111111111100000000000000000000111111111111111111111111111111000000000000000000000000000000000000000000000000000000000000000000000000000000000000000000000000000000000000000000000000111111111100000000001111111111000000000011111111111111111111000000000000000000001111111111000000000000000000001111111111000000000011111111111111111111111111111100000000001111111111	1160	1540415675
200.000000	200.000000	70189755	1481	70189755	0.600000	0000000000111111111100000000001111111111000000000011111111110000000000111111111111111111111111111111111111111111111111111111111111111111111111111111111111111111000000000011111111110000000000000000000000000000001111111111111111111100000000000000000000111111111100000000000000000000111111111111111111110000000000111111111111111111110000000000111111111100000000001111111111111111111100000000001111111111	1482	1540415686
200.000000	200.000000	52110157	1144	52110157	0.675000	1111111111111111111100000000000000000000111111111100000000001111111111111111111111111111110000000000111111111111111111111111111111000000000011111111111111111111000000000011111111111111111111111111111111111111110000000000111111111100000000000000000000000000000000000000001111111111111111111111111111111111111111111111111111111111110000000000111111111100000000001111111111111111111111111111111111111111	1144	1540415793
