200.000000	200.000000	1074126	11	1074126	0.500000	llinkGens:	5	linkTime:	2.61	linkFFE:	980268	totalInd:	4		0000000000111111111111111111110000000000000000000000000000000000000000000000000000000000001111111111111111111100000000000000000000111111111100000000001111111111111111111111111111110000000000111111111111111111110000000000111111111111111111111111111111111111111100000000001111111111000000000000000000001111111111000000000011111111110000000000111111111100000000001111111111000000000000000000001111111111	11	1539033211
200.000000	200.000000	1073344	11	1073344	0.600000	llinkGens:	5	linkTime:	2.61	linkFFE:	978060	totalInd:	4		1111111111000000000011111111111111111111000000000011111111110000000000111111111111111111111111111111000000000000000000000000000000111111111111111111111111111111111111111111111111111111111111000000000011111111111111111111000000000000000000001111111111000000000000000000001111111111000000000000000000001111111111111111111111111111110000000000111111111111111111110000000000111111111111111111110000000000	11	1539033219
200.000000	200.000000	1073273	12	1073273	0.500000	llinkGens:	5	linkTime:	2.61	linkFFE:	977548	totalInd:	4		0000000000111111111111111111110000000000000000000011111111110000000000111111111100000000001111111111000000000011111111110000000000000000000000000000001111111111000000000011111111111111111111111111111100000000000000000000000000000000000000001111111111111111111100000000001111111111111111111111111111110000000000000000000011111111111111111111111111111111111111110000000000000000000011111111110000000000	12	1539033227
200.000000	200.000000	1073068	12	1073068	0.500000	llinkGens:	5	linkTime:	2.60	linkFFE:	977548	totalInd:	4		0000000000111111111111111111110000000000111111111100000000001111111111000000000000000000001111111111111111111111111111110000000000111111111100000000000000000000111111111100000000001111111111000000000000000000001111111111111111111100000000000000000000111111111111111111110000000000111111111100000000001111111111111111111100000000000000000000000000000011111111110000000000111111111111111111110000000000	12	1539033235
200.000000	200.000000	1073471	11	1073471	0.550000	llinkGens:	5	linkTime:	2.59	linkFFE:	979084	totalInd:	4		1111111111000000000011111111111111111111000000000000000000001111111111111111111111111111110000000000000000000011111111111111111111111111111100000000001111111111111111111111111111110000000000111111111111111111110000000000000000000011111111110000000000000000000011111111111111111111111111111100000000001111111111111111111100000000000000000000000000000011111111110000000000000000000011111111110000000000	11	1539033243
200.000000	200.000000	1073310	11	1073310	0.500000	llinkGens:	5	linkTime:	2.57	linkFFE:	979084	totalInd:	4		0000000000111111111111111111111111111111000000000000000000001111111111111111111100000000000000000000111111111100000000000000000000111111111111111111111111111111000000000011111111110000000000000000000011111111111111111111111111111100000000000000000000111111111100000000001111111111000000000000000000001111111111111111111100000000000000000000000000000011111111111111111111000000000000000000001111111111	11	1539033251
200.000000	200.000000	1073523	11	1073523	0.400000	llinkGens:	5	linkTime:	2.57	linkFFE:	979692	totalInd:	4		1111111111111111111100000000001111111111000000000011111111110000000000000000000000000000000000000000000000000011111111110000000000000000000000000000000000000000111111111100000000001111111111000000000000000000000000000000111111111111111111111111111111111111111100000000000000000000000000000000000000001111111111000000000011111111111111111111000000000000000000001111111111111111111100000000000000000000	11	1539033256
200.000000	200.000000	1073757	11	1073757	0.450000	llinkGens:	5	linkTime:	2.57	linkFFE:	979692	totalInd:	4		1111111111000000000011111111110000000000000000000011111111110000000000000000000011111111111111111111000000000011111111111111111111111111111100000000000000000000111111111100000000001111111111000000000011111111110000000000000000000011111111110000000000111111111100000000000000000000111111111111111111110000000000111111111100000000000000000000000000000000000000001111111111000000000000000000001111111111	11	1539033264
200.000000	200.000000	1073615	11	1073615	0.550000	llinkGens:	5	linkTime:	2.57	linkFFE:	979692	totalInd:	4		1111111111111111111100000000001111111111111111111111111111111111111111111111111111111111111111111111000000000000000000001111111111000000000011111111111111111111111111111111111111111111111111000000000000000000001111111111000000000011111111110000000000000000000000000000000000000000000000000011111111110000000000111111111111111111111111111111000000000000000000000000000000000000000011111111110000000000	11	1539033269
200.000000	200.000000	1073275	12	1073275	0.475000	llinkGens:	5	linkTime:	2.57	linkFFE:	978060	totalInd:	4		0000000000000000000000000000000000000000111111111111111111111111111111000000000000000000000000000000111111111100000000001111111111000000000000000000001111111111111111111111111111110000000000111111111111111111110000000000111111111111111111110000000000000000000000000000001111111111111111111100000000001111111111000000000011111111110000000000000000000000000000000000000000111111111111111111111111111111	12	1539033274
200.000000	200.000000	1073661	12	1073661	0.525000	llinkGens:	5	linkTime:	2.57	linkFFE:	978588	totalInd:	4		0000000000111111111100000000001111111111000000000000000000000000000000111111111100000000000000000000000000000000000000000000000000000000000000000000000000000000111111111111111111110000000000111111111100000000001111111111000000000011111111111111111111111111111111111111111111111111111111111111111111110000000000111111111111111111111111111111111111111111111111110000000000111111111111111111110000000000	12	1539033282
200.000000	200.000000	1073403	12	1073403	0.400000	llinkGens:	5	linkTime:	2.57	linkFFE:	978588	totalInd:	4		0000000000000000000011111111111111111111111111111111111111110000000000000000000011111111110000000000111111111100000000001111111111000000000000000000001111111111111111111100000000001111111111000000000011111111110000000000111111111100000000000000000000000000000000000000001111111111000000000000000000000000000000111111111100000000000000000000111111111100000000000000000000111111111100000000000000000000	12	1539033287
200.000000	200.000000	1073395	11	1073395	0.375000	llinkGens:	5	linkTime:	2.57	linkFFE:	978588	totalInd:	4		1111111111000000000000000000000000000000111111111111111111110000000000111111111100000000000000000000111111111100000000000000000000000000000000000000001111111111111111111100000000000000000000111111111111111111111111111111000000000000000000000000000000000000000000000000000000000000000000000000000000001111111111111111111100000000000000000000111111111100000000001111111111111111111100000000000000000000	11	1539033292
200.000000	200.000000	1074760	11	1074760	0.525000	llinkGens:	5	linkTime:	2.58	linkFFE:	982588	totalInd:	4		1111111111111111111111111111110000000000000000000000000000001111111111111111111111111111110000000000000000000011111111111111111111111111111111111111111111111111000000000000000000000000000000111111111100000000001111111111000000000000000000000000000000000000000011111111110000000000111111111100000000001111111111000000000000000000001111111111111111111111111111111111111111111111111100000000000000000000	11	1539033300
200.000000	200.000000	1073662	11	1073662	0.550000	llinkGens:	5	linkTime:	2.57	linkFFE:	979132	totalInd:	4		1111111111111111111100000000000000000000111111111111111111111111111111000000000011111111110000000000000000000000000000000000000000111111111111111111111111111111111111111111111111110000000000000000000011111111110000000000000000000000000000001111111111000000000000000000000000000000000000000011111111110000000000111111111100000000001111111111111111111111111111111111111111111111111111111111111111111111	11	1539033305
200.000000	200.000000	1073686	12	1073686	0.650000	llinkGens:	5	linkTime:	2.57	linkFFE:	978588	totalInd:	4		1111111111000000000000000000001111111111000000000011111111111111111111111111111111111111111111111111000000000011111111111111111111000000000000000000000000000000000000000000000000001111111111111111111100000000001111111111000000000011111111111111111111000000000000000000001111111111111111111111111111111111111111111111111111111111111111111111111111111111111111110000000000111111111111111111111111111111	12	1539033310
200.000000	200.000000	1073400	11	1073400	0.600000	llinkGens:	5	linkTime:	2.56	linkFFE:	978588	totalInd:	4		0000000000111111111100000000000000000000111111111111111111110000000000000000000011111111111111111111000000000000000000001111111111000000000011111111111111111111111111111100000000001111111111111111111111111111111111111111000000000000000000001111111111111111111111111111111111111111111111111100000000000000000000111111111111111111111111111111000000000011111111110000000000111111111111111111110000000000	11	1539033318
200.000000	200.000000	1073403	12	1073403	0.550000	llinkGens:	5	linkTime:	2.58	linkFFE:	978588	totalInd:	4		1111111111000000000000000000001111111111111111111111111111111111111111111111111111111111110000000000111111111111111111110000000000000000000000000000001111111111111111111100000000000000000000000000000011111111110000000000000000000011111111110000000000111111111111111111111111111111000000000011111111110000000000000000000011111111110000000000111111111111111111111111111111000000000011111111110000000000	12	1539033323
200.000000	200.000000	1073561	11	1073561	0.525000	llinkGens:	5	linkTime:	2.57	linkFFE:	979132	totalInd:	4		1111111111000000000000000000000000000000111111111111111111110000000000111111111100000000001111111111111111111100000000001111111111000000000011111111110000000000000000000011111111111111111111000000000000000000001111111111111111111111111111111111111111000000000011111111110000000000000000000011111111111111111111111111111100000000000000000000111111111100000000000000000000111111111100000000001111111111	11	1539033328
200.000000	200.000000	1074530	11	1074530	0.500000	llinkGens:	5	linkTime:	2.57	linkFFE:	981964	totalInd:	4		1111111111000000000011111111110000000000111111111100000000000000000000111111111100000000000000000000000000000000000000001111111111111111111111111111110000000000111111111100000000000000000000111111111100000000001111111111111111111111111111111111111111111111111100000000000000000000000000000011111111111111111111111111111100000000000000000000000000000011111111110000000000111111111111111111110000000000	11	1539033336
200.000000	200.000000	1073133	12	1073133	0.525000	llinkGens:	5	linkTime:	2.56	linkFFE:	977548	totalInd:	4		0000000000000000000011111111110000000000000000000000000000001111111111000000000000000000000000000000111111111100000000001111111111111111111111111111110000000000111111111111111111110000000000000000000011111111111111111111000000000011111111110000000000111111111111111111111111111111111111111100000000000000000000111111111111111111111111111111000000000011111111111111111111000000000000000000001111111111	12	1539033341
200.000000	200.000000	1073490	12	1073490	0.450000	llinkGens:	5	linkTime:	2.58	linkFFE:	979132	totalInd:	4		0000000000000000000011111111110000000000000000000011111111111111111111111111111100000000001111111111000000000011111111110000000000111111111100000000001111111111000000000000000000001111111111000000000011111111111111111111000000000011111111111111111111000000000000000000000000000000000000000000000000001111111111000000000011111111111111111111000000000011111111110000000000000000000011111111110000000000	12	1539033346
200.000000	200.000000	1073297	12	1073297	0.400000	llinkGens:	5	linkTime:	2.57	linkFFE:	978060	totalInd:	4		1111111111000000000000000000000000000000111111111100000000000000000000111111111111111111110000000000111111111100000000001111111111000000000011111111110000000000000000000011111111111111111111000000000011111111111111111111000000000000000000001111111111000000000000000000000000000000000000000011111111111111111111000000000000000000000000000000111111111100000000000000000000000000000011111111110000000000	12	1539033354
200.000000	200.000000	1073756	11	1073756	0.525000	llinkGens:	5	linkTime:	2.57	linkFFE:	979692	totalInd:	4		1111111111111111111100000000000000000000000000000000000000001111111111111111111111111111110000000000111111111100000000001111111111111111111100000000000000000000000000000011111111111111111111000000000011111111110000000000111111111111111111111111111111000000000000000000001111111111111111111100000000001111111111000000000000000000001111111111000000000000000000001111111111000000000011111111111111111111	11	1539033359
200.000000	200.000000	1073333	12	1073333	0.600000	llinkGens:	5	linkTime:	2.56	linkFFE:	978060	totalInd:	4		0000000000111111111100000000000000000000111111111111111111111111111111000000000011111111110000000000000000000011111111110000000000111111111111111111111111111111000000000011111111110000000000111111111100000000000000000000111111111111111111111111111111000000000000000000001111111111111111111100000000000000000000111111111111111111111111111111111111111111111111111111111111000000000011111111111111111111	12	1539033364
200.000000	200.000000	1073241	12	1073241	0.525000	llinkGens:	5	linkTime:	2.57	linkFFE:	977548	totalInd:	4		1111111111111111111111111111111111111111111111111100000000000000000000000000000011111111111111111111000000000000000000001111111111000000000000000000001111111111000000000011111111111111111111111111111111111111111111111111000000000000000000000000000000111111111100000000001111111111000000000011111111111111111111000000000000000000000000000000000000000011111111110000000000111111111111111111110000000000	12	1539033372
200.000000	200.000000	1072946	12	1072946	0.700000	llinkGens:	5	linkTime:	2.56	linkFFE:	977052	totalInd:	4		1111111111000000000011111111111111111111111111111111111111111111111111111111111100000000001111111111000000000000000000000000000000111111111111111111110000000000111111111111111111111111111111000000000000000000001111111111111111111100000000000000000000111111111111111111111111111111111111111111111111111111111111111111111111111111110000000000111111111111111111111111111111000000000011111111111111111111	12	1539033377
200.000000	200.000000	1073171	12	1073171	0.450000	llinkGens:	5	linkTime:	2.58	linkFFE:	977548	totalInd:	4		1111111111111111111111111111110000000000111111111100000000000000000000111111111111111111111111111111000000000000000000000000000000000000000000000000001111111111111111111100000000000000000000000000000011111111111111111111111111111111111111110000000000000000000011111111110000000000111111111100000000000000000000000000000000000000000000000000111111111111111111110000000000000000000011111111110000000000	12	1539033382
200.000000	200.000000	1073475	11	1073475	0.550000	llinkGens:	5	linkTime:	2.57	linkFFE:	978588	totalInd:	4		0000000000111111111100000000000000000000111111111100000000001111111111111111111111111111111111111111111111111111111111110000000000000000000011111111110000000000111111111111111111110000000000111111111100000000000000000000111111111100000000001111111111111111111100000000000000000000000000000011111111111111111111111111111111111111111111111111111111111100000000000000000000000000000000000000001111111111	12	1539033391
200.000000	200.000000	1073805	11	1073805	0.575000	llinkGens:	5	linkTime:	2.58	linkFFE:	979628	totalInd:	4		1111111111111111111111111111111111111111000000000000000000001111111111000000000000000000000000000000000000000011111111111111111111111111111111111111111111111111000000000000000000000000000000111111111100000000000000000000111111111100000000001111111111111111111111111111110000000000111111111111111111111111111111000000000011111111110000000000111111111111111111110000000000111111111111111111110000000000	11	1539033396
