200.000000	200.000000	359814315	1574	359814315	0.550000	1111111111000000000000000000001111111111000000000000000000001111111111111111111100000000001111111111111111111100000000001111111111111111111111111111111111111111000000000000000000000000000000111111111100000000000000000000111111111111111111110000000000000000000011111111111111111111111111111111111111111111111111000000000011111111110000000000111111111111111111110000000000000000000000000000001111111111	1574	1570798619
200.000000	200.000000	251764412	1023	251764412	0.450000	1111111111111111111111111111111111111111111111111100000000001111111111000000000000000000000000000000000000000000000000001111111111000000000000000000000000000000111111111111111111110000000000111111111100000000000000000000111111111111111111110000000000111111111111111111110000000000111111111100000000000000000000000000000011111111111111111111000000000011111111110000000000000000000000000000000000000000	1023	1570798690
200.000000	200.000000	175990110	673	175990110	0.450000	1111111111111111111100000000000000000000111111111100000000001111111111000000000000000000000000000000000000000000000000000000000000000000000011111111111111111111000000000000000000001111111111000000000000000000001111111111111111111100000000000000000000111111111100000000000000000000111111111100000000001111111111111111111111111111110000000000000000000011111111111111111111111111111111111111110000000000	673	1570799715
200.000000	200.000000	178013909	748	178013909	0.375000	0000000000000000000011111111110000000000000000000000000000001111111111000000000000000000001111111111000000000011111111110000000000000000000011111111110000000000111111111100000000001111111111000000000011111111110000000000111111111100000000000000000000111111111100000000000000000000111111111100000000001111111111000000000011111111110000000000000000000000000000000000000000111111111111111111110000000000	748	1570800194
200.000000	200.000000	350942792	1302	350942792	0.475000	1111111111000000000011111111111111111111000000000000000000001111111111111111111100000000000000000000111111111111111111111111111111000000000011111111110000000000000000000000000000001111111111111111111100000000000000000000000000000000000000000000000000111111111111111111110000000000111111111100000000000000000000000000000011111111111111111111000000000000000000001111111111111111111100000000001111111111	1302	1570800388
200.000000	200.000000	201933384	811	201933384	0.400000	0000000000000000000000000000001111111111000000000000000000001111111111111111111100000000000000000000111111111111111111110000000000111111111100000000000000000000000000000011111111111111111111000000000011111111110000000000000000000011111111110000000000000000000000000000001111111111000000000000000000000000000000111111111111111111110000000000000000000011111111110000000000000000000011111111111111111111	811	1570800943
200.000000	200.000000	182787012	601	182787012	0.425000	0000000000000000000011111111111111111111111111111111111111110000000000000000000000000000000000000000111111111111111111110000000000000000000000000000000000000000111111111100000000000000000000111111111100000000001111111111000000000011111111110000000000111111111100000000000000000000000000000011111111111111111111000000000000000000001111111111111111111100000000000000000000111111111111111111110000000000	601	1570801692
200.000000	200.000000	116532620	419	116532620	0.600000	1111111111111111111100000000001111111111111111111111111111110000000000111111111100000000001111111111111111111100000000001111111111111111111111111111111111111111000000000000000000000000000000000000000011111111110000000000111111111111111111111111111111111111111111111111111111111111111111111100000000000000000000111111111100000000000000000000000000000011111111110000000000111111111100000000001111111111	419	1570801757
200.000000	200.000000	718460921	3763	718460921	0.650000	1111111111000000000011111111111111111111111111111111111111111111111111111111111100000000001111111111111111111100000000001111111111111111111100000000001111111111111111111100000000001111111111000000000011111111111111111111111111111111111111111111111111000000000011111111110000000000111111111100000000000000000000111111111111111111110000000000000000000000000000000000000000111111111111111111111111111111	3763	1570802179
200.000000	200.000000	410905959	2079	410905959	0.425000	0000000000111111111111111111111111111111000000000000000000000000000000000000000011111111111111111111000000000011111111111111111111000000000000000000000000000000000000000000000000000000000000111111111111111111110000000000111111111100000000000000000000000000000011111111110000000000111111111111111111111111111111111111111100000000001111111111000000000000000000000000000000000000000000000000001111111111	2079	1570802295
200.000000	200.000000	175859933	679	175859933	0.575000	1111111111111111111100000000001111111111000000000011111111111111111111000000000011111111111111111111000000000000000000001111111111111111111111111111111111111111000000000000000000001111111111111111111100000000001111111111111111111100000000001111111111000000000011111111110000000000000000000011111111111111111111111111111100000000000000000000000000000000000000001111111111111111111100000000001111111111	679	1570804377
200.000000	200.000000	100454709	398	100454709	0.425000	1111111111000000000011111111110000000000000000000011111111111111111111111111111100000000001111111111111111111100000000001111111111000000000000000000000000000000000000000000000000000000000000000000000011111111110000000000000000000000000000001111111111000000000011111111110000000000000000000000000000001111111111000000000000000000001111111111111111111111111111110000000000111111111111111111110000000000	398	1570805057
200.000000	200.000000	200351594	734	200351594	0.300000	0000000000000000000000000000000000000000111111111100000000000000000000000000000000000000001111111111000000000011111111110000000000000000000000000000000000000000000000000000000000000000000000111111111100000000000000000000111111111111111111111111111111111111111100000000000000000000111111111100000000001111111111000000000000000000001111111111000000000000000000000000000000000000000000000000001111111111	734	1570805149
200.000000	200.000000	131552986	434	131552986	0.475000	0000000000000000000000000000001111111111000000000011111111111111111111111111111100000000000000000000000000000011111111110000000000111111111111111111111111111111000000000011111111110000000000000000000000000000001111111111111111111111111111111111111111111111111100000000000000000000000000000011111111110000000000000000000011111111110000000000111111111111111111110000000000000000000011111111110000000000	434	1570805457
200.000000	200.000000	124977679	519	124977679	0.525000	0000000000111111111100000000000000000000111111111100000000001111111111111111111111111111110000000000111111111111111111110000000000000000000011111111110000000000000000000000000000000000000000111111111111111111110000000000111111111100000000001111111111111111111111111111111111111111111111111100000000001111111111111111111100000000000000000000000000000011111111111111111111111111111100000000000000000000	519	1570805885
200.000000	200.000000	204989570	754	204989570	0.400000	0000000000111111111100000000000000000000000000000000000000000000000000000000000000000000000000000000111111111111111111110000000000111111111100000000000000000000000000000011111111110000000000111111111111111111110000000000000000000000000000001111111111000000000011111111110000000000111111111111111111111111111111000000000000000000000000000000111111111111111111110000000000111111111100000000001111111111	754	1570805893
200.000000	200.000000	364231069	1544	364231069	0.500000	0000000000000000000000000000000000000000111111111100000000000000000000000000000011111111111111111111111111111100000000000000000000111111111100000000001111111111111111111100000000000000000000111111111111111111111111111111111111111111111111111111111111000000000011111111110000000000000000000011111111111111111111111111111100000000000000000000000000000011111111110000000000000000000011111111111111111111	1544	1570805943
200.000000	200.000000	125374943	470	125374943	0.525000	0000000000111111111111111111110000000000000000000011111111110000000000111111111111111111110000000000000000000000000000001111111111000000000000000000001111111111000000000000000000001111111111111111111111111111110000000000000000000000000000001111111111000000000011111111110000000000111111111111111111111111111111000000000000000000001111111111111111111111111111111111111111111111111100000000001111111111	470	1570806404
200.000000	200.000000	201773985	952	201773985	0.350000	1111111111111111111100000000000000000000000000000011111111110000000000000000000011111111110000000000111111111100000000001111111111000000000011111111110000000000000000000000000000000000000000000000000000000000000000000000000000000000000000000000000000000000000011111111110000000000111111111111111111111111111111000000000000000000000000000000000000000000000000001111111111000000000011111111111111111111	952	1570806649
200.000000	200.000000	202208159	920	202208159	0.475000	0000000000111111111100000000000000000000111111111100000000001111111111000000000011111111111111111111111111111100000000001111111111111111111100000000001111111111111111111100000000001111111111000000000000000000000000000000111111111100000000000000000000111111111100000000001111111111000000000011111111110000000000111111111100000000000000000000000000000000000000001111111111000000000011111111111111111111	920	1570806696
200.000000	200.000000	205728550	800	205728550	0.650000	1111111111000000000011111111111111111111000000000000000000001111111111000000000011111111111111111111000000000000000000000000000000111111111111111111111111111111111111111111111111111111111111000000000011111111110000000000111111111100000000000000000000111111111111111111111111111111111111111111111111110000000000111111111100000000001111111111111111111111111111111111111111111111111100000000001111111111	800	1570806876
200.000000	200.000000	99560338	401	99560338	0.675000	1111111111111111111111111111110000000000000000000011111111111111111111111111111111111111110000000000111111111111111111111111111111111111111111111111111111111111000000000000000000001111111111000000000000000000000000000000111111111111111111111111111111000000000011111111111111111111111111111111111111110000000000000000000011111111111111111111000000000011111111111111111111111111111100000000001111111111	401	1570807163
200.000000	200.000000	174673407	778	174673407	0.575000	0000000000111111111111111111111111111111111111111100000000001111111111000000000000000000001111111111000000000000000000001111111111000000000011111111110000000000000000000011111111111111111111000000000011111111110000000000111111111111111111110000000000111111111111111111111111111111111111111100000000001111111111111111111111111111110000000000111111111111111111110000000000000000000011111111110000000000	778	1570807489
200.000000	200.000000	203051501	840	203051501	0.400000	1111111111111111111100000000000000000000111111111100000000001111111111000000000011111111110000000000000000000000000000001111111111111111111100000000001111111111000000000000000000001111111111000000000000000000000000000000111111111100000000001111111111000000000000000000001111111111000000000000000000000000000000000000000011111111111111111111000000000000000000001111111111000000000000000000001111111111	840	1570807566
200.000000	200.000000	255817887	1051	255817887	0.500000	1111111111000000000011111111110000000000111111111111111111110000000000000000000000000000001111111111000000000000000000000000000000111111111111111111110000000000000000000011111111110000000000111111111111111111110000000000000000000011111111110000000000111111111111111111110000000000111111111100000000001111111111111111111100000000000000000000111111111111111111110000000000111111111111111111110000000000	1051	1570807604
200.000000	200.000000	352820087	1358	352820087	0.475000	0000000000000000000011111111110000000000000000000011111111111111111111111111111111111111110000000000111111111100000000000000000000000000000011111111110000000000000000000000000000000000000000111111111100000000000000000000000000000000000000001111111111111111111100000000001111111111111111111100000000001111111111111111111111111111111111111111111111111111111111110000000000000000000000000000001111111111	1358	1570807618
200.000000	200.000000	226803229	723	226803229	0.725000	0000000000111111111111111111111111111111000000000011111111110000000000111111111111111111110000000000111111111111111111111111111111111111111100000000001111111111111111111100000000001111111111111111111111111111110000000000111111111111111111111111111111111111111100000000001111111111111111111111111111111111111111000000000011111111111111111111000000000011111111110000000000111111111111111111111111111111	723	1570807677
200.000000	200.000000	103061192	312	103061192	0.425000	0000000000111111111111111111110000000000000000000000000000001111111111111111111100000000001111111111000000000000000000001111111111000000000000000000000000000000000000000011111111111111111111111111111111111111111111111111111111111100000000000000000000000000000011111111111111111111111111111111111111111111111111000000000000000000000000000000000000000000000000000000000000000000000000000000000000000000	312	1570808267
200.000000	200.000000	90115210	364	90115210	0.450000	0000000000000000000011111111111111111111111111111111111111111111111111111111111100000000001111111111000000000000000000001111111111000000000011111111110000000000000000000000000000000000000000000000000000000000001111111111000000000011111111111111111111000000000000000000000000000000000000000000000000001111111111000000000011111111111111111111111111111111111111110000000000000000000011111111110000000000	364	1570808401
200.000000	200.000000	205094633	627	205094633	0.650000	1111111111111111111111111111111111111111000000000011111111110000000000111111111111111111110000000000000000000011111111111111111111000000000011111111111111111111111111111100000000000000000000111111111111111111111111111111111111111100000000000000000000111111111111111111111111111111000000000000000000000000000000111111111100000000001111111111111111111111111111111111111111000000000011111111111111111111	627	1570808409
