1.000000	1.000000	29325317	908	29325317	0.507500	llinkGens:	44	linkTime:	523.86	linkFFE:	17382985	totalInd:	252		0011011110000011110110101111101011111100010101101111100111110001010111000100011100101100100110111110101101001100100101101010001100100000100011110100010111000100111100110111000111110101011010011101010011000000101111100010110000111101101101101111000010110010110101110001010110011010000000110101100111110110010011010110010010011101001100000010111000000111110100010111000010010110000101001001000010010101	909	1512159381
1.000000	1.000000	30149447	921	30149447	0.510000	llinkGens:	59	linkTime:	701.70	linkFFE:	23279545	totalInd:	204		1111110001101001111110101011101110000111100101001011110110001110101001001001101110010110000000110010111101100000100110110101011010110101100011101000101101111010111101011111000100111001010101100100100011111010100001001101001111001001110001110010011010110101110000110010101101001000111010100010110000011011100001100111010111010110010110011000000001010100111010111010000001001010110110001101011100000110	922	1512159392
1.000000	1.000000	34428722	1058	34428722	0.515000	llinkGens:	56	linkTime:	672.97	linkFFE:	22332857	totalInd:	248		1011010111001110111001110111011001110100101000011111110001100101011011000111011100001111111000001000101100000111111100110011000010010110101000101000110001001110101000111010010011100111010111001011110100101010001111110101111110001101000010011001100100000110011011110100111110000001000111101001111100100001010000100010110101011011110010000111001101101101110000110010010100111111001100100010010001110011	1059	1512159406
1.000000	1.000000	74331006	2278	74331006	0.500000	llinkGens:	83	linkTime:	991.14	linkFFE:	32838687	totalInd:	437		1010011110001011111000010000011000011011000100000010101111100110111110010100001010000110110010000100010011100110010101010110000110110001111111101011011000001011101111011101100101100000101111001111010010110010011101100000000110111000110111101101111110011000010110110101001001000011110100000101100010100011100111110100000010110000001111010101011011111011100001001010101101000011100011010111111000110110	2279	1512159435
1.000000	1.000000	33864462	1038	33864462	0.485000	llinkGens:	61	linkTime:	710.79	linkFFE:	23553617	totalInd:	234		1101001110001001000010011101001000001010010000111101111101101011000000010010101101010101111001110011101001100001100100000111000111100100000000100010001101000111011100100011110110101000011111011100110001010000011111110000100100010010100101101111101011100010111000010110100011010111010111000011110000001001011101010101100110100011111000100001000011001110011111010100001100011011110000000101111011111111	1039	1512159554
1.000000	1.000000	28685138	878	28685138	0.522500	llinkGens:	53	linkTime:	676.50	linkFFE:	22515785	totalInd:	218		1001100011001110001011111011010010001101101011001010111011111010011101100110010111111100001000100111001110011000011110100101011110101110110110110010011001111110000010100011101011010100100001000110010000100111010111010011001111101010101110000111001001101111001111010111010100011010011101001011110010011101100110001000100100001110100101001111001100111000010001100001101001111011010001001011101011001001	879	1512159994
1.000000	1.000000	53990755	1650	53990755	0.530000	llinkGens:	72	linkTime:	889.00	linkFFE:	29500445	totalInd:	353		1000110010011000100011000011010001101111110000111111100001011110000111011010111001101111101110001100001011111101111000101011110101101101101011111010001011011110110101011111101010100000010011101001011000100100001010000111100011010100000100111101111101001110111110100100010011001110000000101001001110101001101110001010111010000111110011000111001100001010110110110101100110101001111010101010111010110010	1651	1512160221
1.000000	1.000000	29856515	924	29856515	0.527500	llinkGens:	46	linkTime:	539.02	linkFFE:	17875718	totalInd:	250		1100011001101111000001000001010010010110100000011111001110101111101101101110110001011000001000000111011101000010101010101101100111011001011000001010010111010111110000001101111110101011000011111011111010101101100001000111100110101111011001011111010111111111001111001110000101110011101000010100001010110111100000111111011000101111100110000101101001000100011100001001101110111001000110110100101011010011	925	1512160292
1.000000	1.000000	24797481	763	24797481	0.487500	llinkGens:	43	linkTime:	546.31	linkFFE:	18190823	totalInd:	201		0001011111001010010101000011110101101101111110110110111011000001110101000110010100101001110001111100100000111010111110011100101101001100011011110110011101001101010010100000100101000011110011101111110001110100011100101000011110111011100010111010011011110001000111111101111100100001000000010110100110001010101010100000000100100001101000011110011101001100110000010100010100100000110100011001100000100010	764	1512160315
1.000000	1.000000	14703504	457	14703504	0.545000	llinkGens:	32	linkTime:	356.34	linkFFE:	11820486	totalInd:	151		1011100101100101101101110110101001111111111110000100010000100101101101010101011011100101011000111000100101100111101101101100001010011001011011111001001010011110110000111011111101111100101011001110100110101100101010100011011100001101001101100001110001101000111011100010000000011000001001111101101111011111110110110000101110111100011100000111111110100001001001101001001100000111101111011111010011011001	458	1512160467
1.000000	1.000000	37182555	1149	37182555	0.507500	llinkGens:	51	linkTime:	606.30	linkFFE:	20091443	totalInd:	294		0011010100101000110101000100000011011101011010101000001101100110010011001101010010000110100111101011000010110100101011100010000100011111100011011001111011010010010110000001110101111011011010111100110000010100101111011101111110011101111100110101110011100111001011011001110001000111110000010010111100100111111100001101001000111011000001101100000111100000001110010000010111011011010011111100001010100111	1150	1512160596
1.000000	1.000000	87756730	2672	87756730	0.480000	llinkGens:	87	linkTime:	1031.27	linkFFE:	34254517	totalInd:	472		1110110000000110010001001011111010011010111100010011101000001110001001000011011111000101010111101001110100111110100001110100010000011101001000000100000001101110001000010001100101011101101011100010111011001111110100010000000100011100111000100010110001111001111011001110100001000000110100011011011010000011111100011111011100100101110110001110100011010111100001101011110001010010110001111011001101000000	2673	1512160874
1.000000	1.000000	26427761	810	26427761	0.480000	llinkGens:	48	linkTime:	612.93	linkFFE:	20375589	totalInd:	198		1000101111111000101110111110000010011011001000011110000011011010001100100010001101101010100100110110101100111001111001100001001000010111110001000110100110000110001011010000001001101100010001000100011010110110000011111100110111101110000001011000101010101101010010011011001100110101110011111010010010111111111101001100000111101111000001101100111101110101001010010101000000001000100001000011010011000011	811	1512160927
1.000000	1.000000	38988984	1192	38988984	0.502500	llinkGens:	56	linkTime:	681.14	linkFFE:	22648202	totalInd:	271		0000011111101011000110001010111100011010101011000110011011101001100000110110010010100000100000110010111100010110000001110101001101001011011000111111001001010000000011001010100100011111010001110100111101111101110010110000001110001010101111001101001010111000000111011111111010011111010011011111101111000100111001100011010010001011111011101101111011100011001100000111000000011001001100000110111100000110	1193	1512161082
1.000000	1.000000	41592896	1273	41592896	0.490000	llinkGens:	74	linkTime:	886.63	linkFFE:	29441171	totalInd:	263		0100011101011011100110100101110101001100100100000000000000000110110110110110001000111101000100110000101110100011001100000111111111010111000011000001101111001101001010001111010010100111010000111101011101011111101000010001110001011100101111010010000100011010111011101110011010000100101110101111111101100010110000000101010011000100010101101011000010001101110001110101000011001001110010111011101100011100	1274	1512161219
1.000000	1.000000	56412324	1731	56412324	0.495000	llinkGens:	74	linkTime:	837.40	linkFFE:	27788207	totalInd:	364		0101110110101100101110000010010011001110101011001100110101010001101011001001001110011010111111100011011011110101000010101101001000101100100110010110100101000110111000110101010101110001000001100111110000000011010100001010000011100110110011111010111011011001100010000111011110011101011101100100100000111110001011001011101011001001001111101001000010100100110101000010010101010100011110110001010100001111	1732	1512161716
1.000000	1.000000	43809742	1352	43809742	0.500000	llinkGens:	64	linkTime:	743.80	linkFFE:	24661930	totalInd:	310		0000101100100101100011000010110000110101101100111010000001011001001001010101111001011110000001011110100010011111000100101101100100011111001000110011011010001011000111000111011011001000000011001101001000010111100011001000110101101111100101111111110111000001111011000001100010001101110011100101111000110100100010111001000001010101001000111100011001101010111110110110010010110101001000111111110011111101	1353	1512161739
1.000000	1.000000	27857589	853	27857589	0.505000	llinkGens:	55	linkTime:	674.19	linkFFE:	22414115	totalInd:	201		1101010011101101010011100110000011111110100010111001001110100111111000110111011010110111010110101010101011100011001000000110001110111100110110001000001010001101011001010011010010111011101010001111110110100010100010010100100000001010011100101100001001101001000110101101110111001000101100111000101110000101110100010011101100101111110000001010000111111010111110011001011110011000111000000010101001000111	854	1512161747
1.000000	1.000000	52988366	1625	52988366	0.490000	llinkGens:	75	linkTime:	883.47	linkFFE:	29273023	totalInd:	335		0101100001000100001101000010111101011101011110110110000010000110111110101100001100101111001010110001011000010010001101001111000111100100111100011000100101100110001111011111110111101100011001111110001101101010010100111101000010000110000111011000011000110110001010110101010101111111111101100110110001000000111001001100101010100011110100110000101100100100100000111000001111100001100010100111000000100101	1626	1512161875
1.000000	1.000000	61619995	1888	61619995	0.492500	llinkGens:	83	linkTime:	953.40	linkFFE:	31580321	totalInd:	370		1110011111011011010100000001101111110100011010100110000110110000100001110100110100000011110100010110000010111001101111111010001100110011010000010101100010100101010110111011001100100110101101110010100011101111011000101100111001101110101100011000100111101110100011010000111101110110100000010111010111110001001010001111010100010010001000000000010111100101010001111000110110111011000010010100110100000011	1889	1512162276
1.000000	1.000000	50173862	1541	50173862	0.505000	llinkGens:	66	linkTime:	772.82	linkFFE:	25590294	totalInd:	337		1101111101010110100111100000100101001111010100011110000010101000101011101001001111001001111010010101011000110010110010111111110000101001010011011001100111100011101000100101101100100101100111100110101010101100101010010001010101011100111011010001111110001000000001111011000000011101001110000010010111000001010010100010111000001101010010101111100000111110001110111001011010001001111001011111111011010010	1542	1512162495
1.000000	1.000000	26831153	827	26831153	0.457500	llinkGens:	47	linkTime:	583.12	linkFFE:	19351767	totalInd:	221		0011110101001001110000011001110111110000100110011011010100101111011100101010110000001111000000010000100100100010011110111001100110101000011001010010110000000100011110000101100011110110000110010110101100000101011001000110011110100100101111100001001100110111010011011111001000110010000001110001000001010010101101110101011000010101000011100100101110011010101000001000001000111100001110100110110010100101	828	1512162602
1.000000	1.000000	25957173	795	25957173	0.492500	llinkGens:	54	linkTime:	652.29	linkFFE:	21624445	totalInd:	181		0111011101100110101000100011110100001000100111000111101110110100110001000011110000101001010111100100000110100001100011010001100101110000100011001011001011101001000100100000111111011000110100011011010000001101011111110010011101000110111100100100000011001111110001110100111111111101100110011001101101110011111101100111111001100001001001000110001011101010001011010110000001101000110010001101000010110001	796	1512163093
1.000000	1.000000	34474479	1063	34474479	0.455000	llinkGens:	51	linkTime:	618.85	linkFFE:	20532223	totalInd:	271		1111000110111000000010110001010000000101101001010101000000110001011101010101111100011010000001010001100001100100100001001011111110000000110010011010101000001001010110010100000100001011010011000011100110101011101001001110111001111110001101100010011111000000110000001001111100001011110011001011011110001100110011001110000001010010101010010000100111101010100110101110110111001100101111010101000000100110	1064	1512163431
1.000000	1.000000	17788323	549	17788323	0.520000	llinkGens:	39	linkTime:	446.55	linkFFE:	14840280	totalInd:	149		1000000010111101110000111011000010001100011001100001111101010101110011011111111111111111000000001011000001000100100110101100001011010010111110111000000111100001010101101001100001010011101001010001001010101110110001010101111110100011111111100010011101110011101101000101000011111101001110100110001011010110001010000111110110000111100010010010111101010100011011110011111010111100111011100100110000110001	550	1512163448
1.000000	1.000000	30514638	938	30514638	0.487500	llinkGens:	48	linkTime:	571.91	linkFFE:	18995918	totalInd:	239		1011011010000111001110001010111100000100110001011101101010111111101010010101001011110000110000000001001100110110111100111011000001010100000001101111011100101000111110010010000000111001001011000010000111100010000101101101000000110011000010101101000011001110111110101100100011010111011111100111100000100111010011001001101010101011111100000100101001001010000001100100010111001101111010111101101101010011	939	1512163501
1.000000	1.000000	105855729	3232	105855729	0.517500	llinkGens:	98	linkTime:	1145.38	linkFFE:	37955249	totalInd:	542		0111001111001110011010001110011110000101111100010111010101010010100100010101110011111010110100000010001001100100010010111000000101110001010111000100000101101011101001100011110000000001110111011111101010111010010001110110101111010010011100101001100010110010101110111011011001101011110001110100010000110110101001101001110111011101010111111101010100110010111111111001010100111000000111010101100000000101	3233	1512163548
1.000000	1.000000	31033968	952	31033968	0.480000	llinkGens:	57	linkTime:	697.98	linkFFE:	23195212	totalInd:	228		1110111000101111010101001110101001111010110001111100010100001101110001101100101111100101101101011101111101111000010010010100000100001001001010001010100011011100011101100011110011010010010010100011110111111011000000011110000011001001001000001000011111001110000010110010000101110000101100011100111000101100100101011011010110000010100000010111100100111101101011001011011010000110100010000111000110000001	953	1512163889
1.000000	1.000000	40824529	1257	40824529	0.505000	llinkGens:	59	linkTime:	687.86	linkFFE:	22775099	totalInd:	295		1011101101001110110101000011100101001101011111101001110011000000001111011010101011001111010011111000101011000100011010110101110101011001001110100000100011001100001001000011101111101101110100101110000110000001100111000011111000110010101111010011011011101001111000001000100010110100110100111011101111100111011101110101001000101001000000101011111000000011001100101100010110010110101110111010001010100000	1258	1512163999
1.000000	1.000000	23000203	709	23000203	0.522500	llinkGens:	43	linkTime:	530.56	linkFFE:	17623223	totalInd:	193		0100010010100011101101100111000101101110101111011111111011101001111110100011110000001110111101101101100100010110100000111000001010100111010010100111111111011001001110100010000010001011100010110011001101101010011111110000010100110111001011010100110111000010010101101011001001010011100111010100100100011111001101000111110010000000101011000011111101101010000011001100100111011001110100101101110110110010	710	1512164037
1.000000	1.000000	19613360	605	19613360	0.477500	llinkGens:	41	linkTime:	494.14	linkFFE:	16400819	totalInd:	161		0000101101010000001000011010100000111111100111011100010100110101011001010101101011011011001010001111101000010000001110001101100110100011100101011000101101011000110101100000111111110010010110110111101000011001000011001100011110100010001110001110101000001100100110110011010011100000000111110111110100101011100010010101100111011011100110001100000010011001010100111001100111001010001001001011100010100001	606	1512164165
1.000000	1.000000	55030596	1689	55030596	0.547500	llinkGens:	78	linkTime:	903.71	linkFFE:	29939597	totalInd:	348		0110110001001101011011110011101000110011111111101011000001001000100011011011110110001011100000111001101011111100111001000000111010011001001101101001110110010101111011111001100100111010011010001100010001011101110011101100010001101100011001000011111110101111101111001010111101010011011001100011001011111110010011110000101110010110100010010101110111001100111111010001101010110010111001010001010110111101	1690	1512164441
1.000000	1.000000	46581325	1430	46581325	0.502500	llinkGens:	65	linkTime:	776.92	linkFFE:	25731051	totalInd:	315		0000110110010100110110111000111101010000100010100010000111110000101110110110100111011011010001111110011000011000001001010101110000100111010101001101001100101111010110010010100001011011000001110010000011000011000000000001000001010111100101100001011110010001111101110101001110111111000011100111100111101111011011100011011111111111100101101111110001111010101010100011000101011110010101000000010100000111	1431	1512164497
1.000000	1.000000	87967016	2690	87967016	0.497500	llinkGens:	90	linkTime:	1062.76	linkFFE:	35204321	totalInd:	480		1111100111100010111111000110111110111001111001011011010100001110001100000110011001001111100110100000011110011000100011001010100000110001001001111000101100001001000101001011111110110011111001101110101101101010001001000101101001111101011010101000001111100000000101001110001110111101101000011010000000000001110001001111010111111011001111101000001111000001010001101000100110110010110100100101010100011101	2691	1512164748
1.000000	1.000000	25438727	780	25438727	0.552500	llinkGens:	49	linkTime:	586.77	linkFFE:	19476876	totalInd:	184		0101011100001010110100000111100111111110001001110010010011101000000001110011010000011001111001001000010101110101101100100011010001010011011111100110010111000111001011101110011011100101101110111001011100011110110101101001001010111111011101110110000101000100110010000100000001110111101101101011010111111111001111010100001100101111011111001011011011111100010101111011000001101111111011100011111011101010	781	1512164774
1.000000	1.000000	206082385	6284	206082385	0.470000	llinkGens:	141	linkTime:	1625.91	linkFFE:	53796493	totalInd:	783		0010010101010001100010000000111110100011101100101001110100001000010011010111100110100110100010111000101011001100010101000011101001000111101111001011000101001111010111011001101001000100000110110000111010001000100001001011001011100001111000011100000111010110110110101001010000110010010110001110000001111100110001110101001010011111101100111101101111010111110011100000000101010010101010001000100011000110	6285	1512164845
1.000000	1.000000	48218819	1487	48218819	0.487500	llinkGens:	61	linkTime:	712.03	linkFFE:	23608764	totalInd:	341		0100001110101011001101000100011001000111110111011010001010001111100000100101000110110000011010000110110111001010101110101111101010100010000111101111111001101000011110110101101001100010111101000001011111100101001000000111001100100000000101000001110000100010010110011000111010100101010010001110111101101001000100100111001010101101000111101100100101010000101101001011101101001010010100111011110101001111	1488	1512165258
1.000000	1.000000	25001529	771	25001529	0.522500	llinkGens:	40	linkTime:	500.52	linkFFE:	16626261	totalInd:	215		0110011101011110001001010000101111011101001010000000011100001101000100001001001010101101001111111101110000011010010001101100101010010011100000101101111011010111001111100111010000111101000111010011101101101100001100100110100011111000011111110111011111100111100011001010011010010111100010010001111100011100011101111001101001100101010011000110100001111100011100010011111100100001001101011111001001001111	772	1512165557
1.000000	1.000000	24033549	740	24033549	0.522500	llinkGens:	43	linkTime:	525.18	linkFFE:	17433223	totalInd:	193		0110000111000011101101110101001111011010100110111011000101011011110100101111100110111110100001101010011001111110100111010000010101001001100110011100111010010110100110011011001000001001000111010100010010011110111100011000100010110111110111001000011010010111010100100101100111001100001101000001100100101111000001111101111110011000001000001110001010111011111011010111100000001111111100011001110010111001	741	1512165928
1.000000	1.000000	49449210	1520	49449210	0.502500	llinkGens:	60	linkTime:	747.26	linkFFE:	24802871	totalInd:	352		0010101001001010000110101000011011011110011001111100010010111000000001010011101101000011111100011101100110111110101111111110100101100001110100010111100010101110001100101110100011111000000010100001100011101000001100001001111001111100000100100000110001000010111110010001001101001011010100100000111110101101110011011100001011111110001011101011011101000011101110011010011011011001011101001101000000111110	1521	1512166134
1.000000	1.000000	28441478	873	28441478	0.502500	llinkGens:	53	linkTime:	657.79	linkFFE:	21899920	totalInd:	214		1001110101001000110101010001110111100000000000101101110000111011100011001100111011110100110111101010001111101100110101110101000110000111001000101011101000000100101111000000011010010010000000110111111100111111010001100100101111010001010010100101111111111110100000010100100101101001110101101110110111010100001011000010100111000111111010001100011001011110100101101101110111000110000010010001110101100000	874	1512166331
1.000000	1.000000	32060548	981	32060548	0.507500	llinkGens:	59	linkTime:	743.49	linkFFE:	24713351	totalInd:	218		0100111000110100011111011110001001100010110011110011100011010001001101101000001101111111111101110010110110100100111100101010110111111000001100000011111011101010101011110111111000000111010101000000101110011010100110000110010001000001001100111000010101010000111111010010000101001100010000101001101001101111100110101110111110110100010110001000000101001111000111101100010000110101000011111001101110001101	982	1512166451
1.000000	1.000000	60545743	1858	60545743	0.527500	llinkGens:	72	linkTime:	839.24	linkFFE:	27790268	totalInd:	390		1011011111011101011000100111001100111100110110111100011111010100010011111011110100111101011110001000000101000100101010000000111010011111001111100100101100111110001111110010000000011111010110010100011010100111010111110011011011010000101101011001110101001101111010100111101111000100110000011100010011011001100100010110001000101011001000111000101100111111001101011100011001010100011010010000110110111010	1859	1512166672
1.000000	1.000000	36624239	1126	36624239	0.512500	llinkGens:	56	linkTime:	666.52	linkFFE:	22102163	totalInd:	278		1011010111101110101111100000010110100010010111011101010110001010001010111100111010100111100001100001011010000011100101000100101111101011100110100101110011001000101011100011011000011110011000010010110000011110111010110100011001100100010010101010011101010010100011111101111011110100111001000010000100011010000101110111110101011010000001010011011101010100101101110101100100110011011101010110101111000011	1127	1512166746
1.000000	1.000000	40383901	1239	40383901	0.485000	llinkGens:	57	linkTime:	690.02	linkFFE:	22918144	totalInd:	285		0111111011010011010110100001001100111110010100101011111000010000100101001101000000100111010110110011110110100101111101111100001111001111010100000011000101011111110101100101000101110001110001001111001110011100001110010000010000010001100011100110100000101110011100001110100000011111000000101001000000010010011111110011100000101111011000011101010011100000100111010101101011000000101000001011111011011010	1240	1512166784
1.000000	1.000000	27988648	858	27988648	0.495000	llinkGens:	53	linkTime:	629.56	linkFFE:	20894880	totalInd:	220		1100101100110011010010110001101011111000100011100111111100101000001011000011110111101111000010100110000000010111100100110111010110111000010000010010001000100101011010011110111011111100010100101101101011111111000011101111101111000000101001001101000101000110001010000110111000011010101001001111101101111111000001011100111100000000110000101000000010010001000000001101111111100010011001011011111110100001	859	1512167206
1.000000	1.000000	31277999	965	31277999	0.482500	llinkGens:	57	linkTime:	678.63	linkFFE:	22486453	totalInd:	247		1001010100001110001100011101111000101011001100101001111011101000011010111001100011111010110001111100101001011000101011001000001011000101011011000100001010101001010010100010001000011010100111101010011111000001000100001100000101001001011110101011110100111000010001010111001101111000000010100101010101010110010100110011000111011101101110111110010111100101100100101101111001111110100110000010100000001100	966	1512167433
1.000000	1.000000	23543881	724	23543881	0.490000	llinkGens:	44	linkTime:	535.97	linkFFE:	17825446	totalInd:	196		1101000101010101000000010111101101010101111010110110110011100111001101011100011100010000101001100001101011000110011110001011000111000100011100000111110000111111000001101011000100000100011000010010010101110101010011100101001100110000000000101101000111000000111110100011110111010011001111100011001110110100101111111000001001000010111010100110010111100010101101111000101111010110010111001001010110101100	725	1512167441
1.000000	1.000000	47318387	1451	47318387	0.482500	llinkGens:	76	linkTime:	895.96	linkFFE:	29674139	totalInd:	302		0110010000001111100001000011101110011111110101101110010110011111111110110000100111100011101100011010000010110111000100000001011000001000000101101001101011111101111001100010000110010100111000001110100000001111010000110110111100110100110001001000010011110000000010111100010010110011100000011010100100100101110010110111110000010101011111100010001110000110001100000101011000110110110001111110001011011101	1452	1512167656
1.000000	1.000000	27173892	832	27173892	0.537500	llinkGens:	52	linkTime:	612.19	linkFFE:	20338588	totalInd:	203		1110011000010011101101100001101101001111010001010110101111110111011011100001110111011010111011000100010000111011000001001001000001101010001000111100001010001111011100010101000111111110111100101011000000011110010011111111001101011100010100100100010000100110111000001100101011011000111100110100011010011011001100101110000110110101011111111111010111111011100111111100011001100101001101111100111001001011	833	1512167874
