0.998672	1.000000	679280814	31822	1173251358	0.507500	0011011110000011110110101111101011111100010101101111100111110001010111000100011100101100100110111110101101001100100101101010001100100000100011110100010111000001110010100111000111110101011010011101010011000000101111100010110000111101101101101111000010110010110101110001010110011010000000110101100111110110010011010110010010011101001111010100001100110100100011010111000010010110000101001001000010010101	55967	1536930958
0.997742	1.000000	679333528	31761	1165132922	0.522500	1111110001101001111110101011101111101111100101001011110110001110101001001001101110010110000000110010111101100000100110110101011010110101100011101000101101111010111101011111000100111001010101100100100011111010100001001101001111001001110001110010011010110000101100111000101101001000111010100010110000011011100001100111010111010110010110011000000001101111111100010111000000101100110110001101011100000110	55025	1536930966
1.000000	1.000000	235185489	9045	235185489	0.515000	1011010111001110111001110111011001110100101000011111110001100101011011000111011100001111111000001000101100000111111100110011000010010110101000101000110001001110101000111010010011100111010111001011110100101010001111110101111110001101000010011001100100000110011011110100111110000001000111101001111100100001010000100010110101011011110010000111001101101101110000110010010100111111001100100010010001110011	9045	1536931013
0.999359	1.000000	47890268	1880	1348500802	0.487500	1010011110001011111000010000011000011011000100000010101111100110111110010100001010000110110010000100010011100110010101010110000110110001111111001000110001101000111001110110101101010000101111001111010010110010011101100000000110111000110111101101111110011000010110110101001001101000100010111000010101000010101101101000000010110000001111010101011011111011100001001010101101000011100011010111111000110110	62177	1536931039
1.000000	1.000000	391149549	15494	391149549	0.485000	1101001110001001000010011101001000001010010000111101111101101011000000010010101101010101111001110011101001100001100100000111000111100100000000100010001101000111011100100011110110101000011111011100110001010000011111110000100100010010100101101111101011100010111000010110100011010111010111000011110000001001011101010101100110100011111000100001000011001110011111010100001100011011110000000101111011111111	15494	1536931065
1.000000	1.000000	108243073	4066	108243073	0.522500	1001100011001110001011111011010010001101101011001010111011111010011101100110010111111100001000100111001110011000011110100101011110101110110110110010011001111110000010100011101011010100100001000110010000100111010111010011001111101010101110000111001001101111001111010111010100011010011101001011110010011101100110001000100100001110100101001111001100111000010001100001101001111011010001001011101011001001	4066	1536931082
0.998840	1.000000	262507079	10223	1305789600	0.525000	1000110010011000100011000011010001101111110000111111100001011110000111011010111001101111101110001100001011111101111010011010010001011110010111111010001011011110110101011111101010100000010011101001011000100100001010000111100011010100000100111101111101001110111110100100010011001110000000101001001110101001101110001010111010000111110011000111001100001010110110110101100110101001111010101010111010110010	61767	1536931171
1.000000	1.000000	491706438	19667	491706438	0.527500	1100011001101111000001000001010010010110100000011111001110101111101101101110110001011000001000000111011101000010101010101101100111011001011000001010010111010111110000001101111110101011000011111011111010101101100001000111100110101111011001011111010111111111001111001110000101110011101000010100001010110111100000111111011000101111100110000101101001000100011100001001101110111001000110110100101011010011	19668	1536931227
0.998352	1.000000	1170225493	52251	1170225493	0.495000	0001011111001010010101000011110101101101111110110110111011000001110101000110010100101001110001111100100000101100100111001110011101001100011011110110011101001101010010100000100101000011110011101111110001110100011100101000011110111011100010111010011011110001000111111101111100100001000000010110100110001010101010101001011101001100111110110000001101001100110000010100010100100000110100011001100000100010	52251	1536931310
1.000000	1.000000	500829894	19171	500829894	0.545000	1011100101100101101101110110101001111111111110000100010000100101101101010101011011100101011000111000100101100111101101101100001010011001011011111001001010011110110000111011111101111100101011001110100110101100101010100011011100001101001101100001110001101000111011100010000000011000001001111101101111011111110110110000101110111100011100000111111110100001001001101001001100000111101111011111010011011001	19171	1536931438
0.999435	1.000000	1150453381	51722	1314036907	0.515000	0011010100101000110101000100000011011101011010101000001101100110010011001101010010000110100111101011000010110100101011100010000100011111100011011001111011010010010110000001110101111011011010111100110000010100101111011101111110011101111100110101110011100111001011011011110110110011000101010010111100100111111100001101001000111011000001101100000111100000001110010000010111011011010011111100001010100111	64111	1536931446
1.000000	1.000000	90016236	3138	90016236	0.480000	1110110000000110010001001011111010011010111100010011101000001110001001000011011111000101010111101001110100111110100001110100010000011101001000000100000001101110001000010001100101011101101011100010111011001111110100010000000100011100111000100010110001111001111011001110100001000000110100011011011010000011111100011111011100100101110110001110100011010111100001101011110001010010110001111011001101000000	3139	1536931550
1.000000	1.000000	111495476	3932	111495476	0.480000	1000101111111000101110111110000010011011001000011110000011011010001100100010001101101010100100110110101100111001111001100001001000010111110001000110100110000110001011010000001001101100010001000100011010110110000011111100110111101110000001011000101010101101010010011011001100110101110011111010010010111111111101001100000111101111000001101100111101110101001010010101000000001000100001000011010011000011	3934	1536931849
0.999634	1.000000	304573667	11707	1264169732	0.520000	0000011111101011000110001010111100011010101011000110011011101001100000110110010010100000100000110010111100010110000001110101001101001011011000111111000100010110110111100111111001100111010001110100111101111101110010110000001110001010101111001101001010111000000111011111111010011111010011011111101111000100111001100011010010001011111011101101111011100011001100000111000000011001001100000110111100000110	55813	1536931986
0.998413	1.000000	286238762	11118	1188353046	0.492500	0100011101011011100110100101110101001100100100000000000000000110110110110110001000111101000100101011001011011001111000000111111111010111000011000001101111001101001010001111010010100111010000111101011101011111110010100101100100100000011100011010000100011010111011101110011010000100101110101111111101100010110000000101010011000100010101111101000010001101110001110111000110110101011010010010011010011100	53332	1536932418
0.998947	1.000000	284187585	10941	1325562939	0.475000	0101110110101100101110000010010011001110101011001100110101010001101011001001001110011010111111100011011011110101000010101101001000101100100110010110100101000110111000110101010101110001000001100111110000000011010100001010000011100110110011111000100010010001000010000111011110011101011101100100100000101100110011111000001011001001001111101001000010100100110101000010010101010100011110110001010100001111	63094	1536932525
1.000000	1.000000	59579469	2078	59579469	0.500000	0000101100100101100011000010110000110101101100111010000001011001001001010101111001011110000001011110100010011111000100101101100100011111001000110011011010001011000111000111011011001000000011001101001000010111100011001000110101101111100101111111110111000001111011000001100010001101110011100101111000110100100010111001000001010101001000111100011001101010111110110110010010110101001000111111110011111101	2078	1536933463
1.000000	1.000000	142841766	5366	142841766	0.505000	1101010011101101010011100110000011111110100010111001001110100111111000110111011010110111010110101010101011100011001000000110001110111100110110001000001010001101011001010011010010111011101010001111110110100010100010010100100000001010011100101100001001101001000110101101110111001000101100111000101110000101110100010011101100101111110000001010000111111010111110011001011110011000111000000010101001000111	5367	1536934521
0.996231	1.000000	285143017	11733	1184919950	0.500000	1010011001110101101010101111110010011110000111010100001011110011001110010011110001010100001010110001011000010010001101001111000111100100111100011000100101100110001111011111110111101100011001101011001111000100011100001110100000110110100011000111100100110110001010110101011100011111111101100110110001000000111001001100101010100011110100110000101100100100100000111000001111100001100010101010101101010010	58130	1536934691
0.999649	1.000000	654672346	31009	1155306228	0.492500	1110011111011011010100000001101110101011001110010001110110110000100001110100110100000011110100010110000010111001101111111010001100110001101110011100010111011100011100000110000000111001111100000011100011101111011000101100111001101110101100011000100111101110100011010000111101110110100000010111010111110001001010001111010100010010001000000000010111100101010001111000110110111011000010010100110100000011	55721	1536935149
0.997772	1.000000	544329064	21794	1604718931	0.502500	1001101101010110100111100000100101001111010100011110000010101000101011101001001111001001111010010101011000110010110010111111110000101001010011011001100111100011101000100101101100100101100111100110101010101100101111101010000000110101011011010001111110001000000001111011000000011101001110000010010111000001010010100010111000001101001000110011011111011110001110111001011010001001111010101011011110001111	68134	1536935541
1.000000	1.000000	624749592	27719	624749592	0.457500	0011110101001001110000011001110111110000100110011011010100101111011100101010110000001111000000010000100100100010011110111001100110101000011001010010110000000100011110000101100011110110000110010110101100000101011001000110011110100100101111100001001100110111010011011111001000110010000001110001000001010010101101110101011000010101000011100100101110011010101000001000001000111100001110100110110010100101	27720	1536935783
0.998337	1.000000	1004889026	39797	1701584100	0.505000	1011011101100110101000100011110100001000100111000111101110110100110001000011110000101001010111100100000110100001100011010001100101110000100011001011001011101001000100100000111111011000110100011011010000001101011111110010011101000110111100100100000011001111110001110100111111111101100110011001101101110011111101100111111001010000100111110100011001100010111011010110000001101000110010001011111110000001	70225	1536936979
1.000000	1.000000	253983245	9604	253983245	0.455000	1111000110111000000010110001010000000101101001010101000000110001011101010101111100011010000001010001100001100100100001001011111110000000110010011010101000001001010110010100000100001011010011000011100110101011101001001110111001111110001101100010011111000000110000001101011100001011110011001011011110001100110011001110000001010010101010010000100111101010100110101110110111001100101111010101000000100110	9604	1536937267
0.999954	1.000000	130796017	5142	1229738008	0.525000	1000000010111101110000111011000010001100011001100001111101010101110011011111111111111111000000001011000001000100100110101100001011010010111110111000000111100001010101001111110100010011101001010001001010101110110001010101111110100011111111100010011101110011101101000101000011111101001110100110001011010110001010000111110110000111100010010010111101010100011011110011111010111100111011100100110000110001	56652	1536939618
0.999832	1.000000	240355470	8979	1190139692	0.485000	1011011010000111001110001010111100000100110001011101101010111111101010010101001011110000110000000001001100110110111100111011000001010100000001101111011100101000111110010010000000111001001011000010000111100010000101101101000000110011000010101101000011001110111110101100100011010111011111100111100000001011010011001001101010101011111100000100101001001010000001100100010111001101111010111101101101010011	55767	1536939890
0.999985	1.000000	597498120	25659	1200273904	0.520000	1011011110011100110001111000011011001101100100101100110011010010100100010101110011111010110100000010001001100100010010111000000101110001010111000100000101101011101001100011110000000001110111011111101010111010010001110110101111010010011100101001100010110010101110111011011001101011110001110100010000110110101001101001110111011101010111111101010100110010111111111001010100111000000111010101100001111000	59283	1536940060
0.999512	1.000000	1187205883	52464	1187205883	0.487500	1110111000101111010101001110101001111010110001111100010100001101110001101100101111100101101101011101111101111000010010010100000100001001001010001010100011011100011101100011110011010010010010100011110111111011000000011110000011001001001000001000011111001110000010110010111001010111111000100011011000101100100101011011010110000010100000010111100100111101101011001011011010000110100010000111000110000001	52465	1536946560
1.000000	1.000000	658913007	27536	658913007	0.505000	1011101101001110110101000011100101001101011111101001110011000000001111011010101011001111010011111000101011000100011010110101110101011001001110100000100011001100001001000011101111101101110100101110000110000001100111000011111000110010101111010011011011101001111000001000100010110100110100111011101111100111011101110101001000101001000000101011111000000011001100101100010110010110101110111010001010100000	27536	1536946874
1.000000	1.000000	519814555	20106	519814555	0.522500	0100010010100011101101100111000101101110101111011111111011101001111110100011110000001110111101101101100100010110100000111000001010100111010010100111111111011001001110100010000010001011100010110011001101101010011111110000010100110111001011010100110111000010010101101011001001010011100111010100100100011111001101000111110010000000101011000011111101101010000011001100100111011001110100101101110110110010	20106	1536947872
