48.000000	48.000000	64559	0	64559	0.562500	llinkGens:	5	linkTime:	0.05	linkFFE:	58476	totalInd:	4		111111111111111111111111111111111111111111000000000000111111000000000000111111000000000000000000	0	1559286463
48.000000	48.000000	64517	0	64517	0.375000	llinkGens:	5	linkTime:	0.05	linkFFE:	58476	totalInd:	4		111111000000000000000000111111000000111111000000111111111111111111000000000000000000000000000000	0	1559286468
48.000000	48.000000	64543	0	64543	0.687500	llinkGens:	5	linkTime:	0.05	linkFFE:	58476	totalInd:	4		000000111111111111000000111111111111000000111111111111000000111111111111000000111111111111111111	0	1559286473
48.000000	48.000000	64554	0	64554	0.812500	llinkGens:	5	linkTime:	0.05	linkFFE:	58476	totalInd:	4		111111111111111111000000000000000000111111111111111111111111111111111111111111111111111111111111	0	1559286478
48.000000	48.000000	64447	0	64447	0.437500	llinkGens:	5	linkTime:	0.05	linkFFE:	58476	totalInd:	4		111111111111111111000000111111000000000000000000111111000000000000000000111111111111000000000000	0	1559286483
48.000000	48.000000	64925	0	64925	0.375000	llinkGens:	5	linkTime:	0.05	linkFFE:	58908	totalInd:	4		111111111111111111000000000000000000000000000000000000000000000000111111111111000000000000111111	0	1559286488
48.000000	48.000000	64837	0	64837	0.625000	llinkGens:	5	linkTime:	0.05	linkFFE:	58684	totalInd:	4		111111111111000000000000111111111111111111000000111111111111000000111111111111000000000000111111	0	1559286493
48.000000	48.000000	64456	0	64456	0.687500	llinkGens:	5	linkTime:	0.05	linkFFE:	58476	totalInd:	4		000000111111000000111111000000111111111111111111111111000000111111111111111111111111111111000000	0	1559286501
48.000000	48.000000	64557	0	64557	0.375000	llinkGens:	5	linkTime:	0.05	linkFFE:	58476	totalInd:	4		111111000000000000000000111111000000111111000000000000000000111111111111000000111111000000000000	0	1559286506
48.000000	48.000000	64434	0	64434	0.500000	llinkGens:	5	linkTime:	0.05	linkFFE:	58476	totalInd:	4		111111111111111111111111000000000000000000000000000000111111111111000000000000111111000000111111	0	1559286511
48.000000	48.000000	64482	0	64482	0.500000	llinkGens:	5	linkTime:	0.05	linkFFE:	58476	totalInd:	4		111111000000111111111111000000000000000000111111000000111111111111000000000000111111000000111111	0	1559286516
48.000000	48.000000	64565	0	64565	0.437500	llinkGens:	5	linkTime:	0.06	linkFFE:	58684	totalInd:	4		111111111111000000000000000000000000111111000000111111000000000000111111000000000000111111111111	0	1559286524
48.000000	48.000000	64756	0	64756	0.562500	llinkGens:	5	linkTime:	0.05	linkFFE:	58684	totalInd:	4		000000111111000000111111111111000000111111111111000000000000111111000000111111111111111111000000	0	1559286529
48.000000	48.000000	64505	0	64505	0.812500	llinkGens:	5	linkTime:	0.06	linkFFE:	58476	totalInd:	4		111111111111111111111111000000111111111111111111111111111111111111111111000000111111000000111111	0	1559286534
48.000000	48.000000	64501	0	64501	0.437500	llinkGens:	5	linkTime:	0.05	linkFFE:	58476	totalInd:	4		111111000000111111000000000000000000000000000000000000111111000000000000111111111111111111111111	0	1559286539
48.000000	48.000000	64565	0	64565	0.562500	llinkGens:	5	linkTime:	0.05	linkFFE:	58476	totalInd:	4		000000111111000000111111111111000000111111000000111111111111000000111111111111000000111111000000	0	1559286547
48.000000	48.000000	64552	0	64552	0.437500	llinkGens:	5	linkTime:	0.05	linkFFE:	58476	totalInd:	4		000000000000000000000000111111111111000000111111111111111111111111000000000000000000000000111111	0	1559286552
48.000000	48.000000	64750	0	64750	0.437500	llinkGens:	5	linkTime:	0.05	linkFFE:	58684	totalInd:	4		000000000000000000000000111111000000111111111111000000000000000000111111000000111111111111111111	0	1559286557
48.000000	48.000000	64451	0	64451	0.562500	llinkGens:	5	linkTime:	0.05	linkFFE:	58476	totalInd:	4		000000111111111111111111111111111111000000111111000000000000000000111111000000111111000000111111	0	1559286562
48.000000	48.000000	64425	0	64425	0.500000	llinkGens:	5	linkTime:	0.05	linkFFE:	58476	totalInd:	4		111111111111111111111111000000111111000000000000000000000000000000111111000000111111111111000000	0	1559286570
48.000000	48.000000	64395	0	64395	0.437500	llinkGens:	5	linkTime:	0.05	linkFFE:	58476	totalInd:	4		000000111111111111000000000000111111111111000000000000000000000000000000111111000000111111111111	0	1559286575
48.000000	48.000000	64464	0	64464	0.500000	llinkGens:	5	linkTime:	0.05	linkFFE:	58476	totalInd:	4		000000111111111111111111111111000000000000111111000000000000000000000000000000111111111111111111	0	1559286580
48.000000	48.000000	64514	0	64514	0.500000	llinkGens:	5	linkTime:	0.05	linkFFE:	58476	totalInd:	4		000000111111000000000000111111000000111111000000111111000000111111111111111111000000111111000000	0	1559286585
48.000000	48.000000	64428	0	64428	0.375000	llinkGens:	5	linkTime:	0.05	linkFFE:	58476	totalInd:	4		000000000000000000000000111111111111111111111111000000111111000000000000000000000000000000111111	0	1559286593
48.000000	48.000000	64893	0	64893	0.375000	llinkGens:	5	linkTime:	0.05	linkFFE:	58684	totalInd:	4		000000000000111111000000111111111111000000111111000000000000000000000000000000000000111111111111	0	1559286598
48.000000	48.000000	64436	0	64436	0.625000	llinkGens:	5	linkTime:	0.05	linkFFE:	58476	totalInd:	4		111111000000111111000000000000111111000000111111111111111111000000111111111111000000111111111111	0	1559286603
48.000000	48.000000	64701	0	64701	0.500000	llinkGens:	5	linkTime:	0.05	linkFFE:	58684	totalInd:	4		111111111111000000000000111111000000000000000000111111111111111111111111000000000000000000111111	0	1559286608
48.000000	48.000000	64484	0	64484	0.437500	llinkGens:	5	linkTime:	0.05	linkFFE:	58476	totalInd:	4		000000000000000000000000000000111111000000111111111111111111111111000000000000000000111111111111	0	1559286616
48.000000	48.000000	64721	0	64721	0.375000	llinkGens:	5	linkTime:	0.05	linkFFE:	58684	totalInd:	4		000000000000000000000000000000111111111111111111000000111111111111000000111111000000000000000000	0	1559286621
48.000000	48.000000	64893	0	64893	0.500000	llinkGens:	5	linkTime:	0.05	linkFFE:	58892	totalInd:	4		111111000000111111000000111111000000111111000000111111111111111111000000000000000000000000111111	0	1559286626
