180.000000	180.000000	213576297	4478	213576297	0.525000	0000000000000000000000000000001111111111111111111111111111110000000000000000000011111111110000000000111111111100000000000000000000000000000011111111110000000000111111111100000000001111111111111111111100000000001111111111000000000011111111111111111111111111111100000000001111111111000000000000000000001111111111111111111100000000001111111111000000000011111111110000000000111111111111111111111111111111	4479	1540198928
180.000000	180.000000	229095601	4871	229095601	0.450000	0000000000111111111100000000000000000000000000000011111111110000000000111111111111111111110000000000000000000000000000000000000000111111111100000000000000000000111111111111111111111111111111111111111111111111110000000000000000000011111111111111111111000000000000000000001111111111000000000000000000001111111111000000000011111111111111111111111111111100000000001111111111000000000000000000000000000000	4872	1540198981
180.000000	180.000000	224898617	4616	224898617	0.500000	1111111111111111111100000000000000000000000000000011111111111111111111111111111100000000000000000000000000000011111111111111111111000000000000000000001111111111111111111111111111110000000000000000000000000000001111111111000000000011111111110000000000111111111111111111110000000000000000000011111111111111111111000000000000000000001111111111111111111100000000001111111111000000000011111111110000000000	4617	1540199325
180.000000	180.000000	257467642	5022	257467642	0.450000	0000000000000000000000000000000000000000000000000011111111110000000000000000000000000000001111111111111111111100000000000000000000000000000000000000001111111111111111111111111111111111111111111111111111111111111111111111000000000000000000001111111111111111111111111111111111111111000000000000000000000000000000000000000011111111111111111111000000000000000000000000000000111111111100000000001111111111	5022	1540199342
180.000000	180.000000	260687222	4351	260687222	0.500000	0000000000000000000011111111110000000000111111111111111111110000000000111111111111111111111111111111000000000000000000001111111111000000000011111111111111111111111111111100000000001111111111000000000000000000001111111111000000000011111111111111111111000000000011111111110000000000111111111100000000000000000000000000000011111111111111111111111111111100000000001111111111000000000000000000000000000000	4351	1540199584
180.000000	180.000000	209932486	4839	209932486	0.550000	0000000000000000000011111111111111111111000000000000000000001111111111000000000011111111110000000000000000000011111111111111111111000000000000000000000000000000111111111111111111111111111111111111111111111111110000000000111111111100000000001111111111111111111111111111111111111111111111111111111111110000000000111111111111111111110000000000111111111100000000001111111111000000000000000000000000000000	4840	1540199604
180.000000	180.000000	274702416	4324	274702416	0.525000	1111111111111111111100000000000000000000000000000000000000000000000000000000000011111111111111111111111111111111111111111111111111111111111100000000000000000000000000000011111111110000000000000000000000000000001111111111000000000011111111111111111111111111111111111111110000000000111111111111111111110000000000000000000011111111110000000000000000000011111111111111111111111111111111111111110000000000	4325	1540200066
180.000000	180.000000	283213370	4985	283213370	0.650000	0000000000111111111111111111111111111111111111111111111111111111111111111111111111111111111111111111111111111111111111110000000000111111111100000000001111111111000000000000000000000000000000111111111111111111111111111111000000000000000000001111111111000000000011111111111111111111111111111100000000001111111111000000000011111111111111111111000000000011111111111111111111111111111100000000000000000000	4986	1540200143
180.000000	180.000000	273287305	4392	273287305	0.525000	1111111111000000000011111111110000000000000000000000000000000000000000000000000011111111110000000000000000000000000000001111111111111111111100000000001111111111000000000011111111111111111111111111111111111111111111111111000000000011111111111111111111111111111100000000000000000000111111111111111111111111111111000000000011111111110000000000000000000000000000001111111111111111111100000000001111111111	4392	1540200520
180.000000	180.000000	266399657	4064	266399657	0.525000	0000000000000000000011111111110000000000000000000011111111110000000000000000000011111111111111111111111111111111111111111111111111000000000011111111111111111111000000000000000000000000000000111111111111111111111111111111000000000000000000000000000000000000000000000000001111111111000000000011111111111111111111111111111111111111111111111111111111111111111111110000000000000000000000000000001111111111	4064	1540200786
180.000000	180.000000	213510035	4221	213510035	0.425000	1111111111111111111111111111110000000000000000000011111111110000000000111111111100000000000000000000000000000000000000001111111111111111111111111111110000000000000000000011111111110000000000000000000011111111111111111111000000000011111111111111111111111111111100000000000000000000000000000000000000000000000000000000000011111111111111111111111111111100000000000000000000000000000000000000000000000000	4222	1540200848
180.000000	180.000000	261706788	3711	261706788	0.350000	0000000000111111111111111111111111111111000000000000000000000000000000000000000000000000001111111111000000000011111111110000000000000000000000000000001111111111111111111100000000000000000000111111111100000000001111111111000000000011111111110000000000111111111100000000000000000000000000000000000000001111111111000000000011111111110000000000000000000000000000001111111111000000000000000000000000000000	3711	1540201273
180.000000	180.000000	192520381	3956	192520381	0.550000	0000000000111111111100000000000000000000111111111111111111111111111111111111111111111111111111111111111111111111111111110000000000111111111100000000000000000000000000000011111111111111111111000000000011111111111111111111000000000011111111111111111111000000000011111111110000000000000000000000000000000000000000111111111100000000001111111111111111111111111111110000000000000000000011111111110000000000	3956	1540201341
180.000000	180.000000	306747867	4221	306747867	0.500000	1111111111000000000000000000001111111111111111111100000000001111111111000000000000000000001111111111111111111111111111110000000000000000000011111111111111111111000000000011111111111111111111111111111111111111110000000000111111111111111111110000000000000000000000000000000000000000111111111111111111110000000000111111111100000000000000000000111111111100000000000000000000000000000011111111110000000000	4222	1540201352
180.000000	180.000000	250253981	4201	250253981	0.475000	1111111111111111111111111111111111111111111111111111111111110000000000000000000000000000001111111111000000000000000000000000000000111111111111111111111111111111000000000000000000000000000000111111111100000000000000000000111111111111111111110000000000111111111111111111111111111111111111111100000000001111111111000000000000000000000000000000000000000000000000000000000000111111111100000000000000000000	4201	1540201360
180.000000	180.000000	256650844	3721	256650844	0.450000	1111111111111111111100000000001111111111000000000000000000001111111111111111111100000000000000000000000000000000000000001111111111000000000011111111111111111111000000000000000000000000000000111111111100000000001111111111000000000000000000001111111111000000000000000000001111111111000000000011111111110000000000111111111111111111111111111111000000000000000000000000000000111111111100000000001111111111	3721	1540202905
180.000000	180.000000	282440501	4051	282440501	0.500000	0000000000000000000000000000001111111111000000000011111111111111111111111111111100000000000000000000111111111111111111111111111111111111111111111111111111111111000000000000000000001111111111111111111111111111110000000000000000000000000000001111111111000000000000000000001111111111111111111111111111111111111111111111111100000000000000000000000000000000000000001111111111000000000000000000000000000000	4051	1540203408
180.000000	180.000000	267123024	4578	267123024	0.700000	1111111111000000000011111111111111111111111111111111111111111111111111111111111100000000001111111111000000000000000000000000000000000000000011111111111111111111000000000011111111111111111111111111111111111111111111111111000000000011111111110000000000111111111100000000001111111111111111111111111111111111111111111111111100000000001111111111111111111111111111111111111111111111111100000000001111111111	4578	1540203854
180.000000	180.000000	328616491	4790	328616491	0.450000	1111111111000000000011111111111111111111111111111111111111111111111111000000000000000000000000000000000000000000000000001111111111000000000000000000001111111111111111111100000000001111111111000000000000000000000000000000000000000000000000000000000000111111111100000000001111111111111111111100000000000000000000111111111100000000000000000000000000000011111111111111111111000000000011111111111111111111	4790	1540203937
180.000000	180.000000	276123923	4935	276123923	0.425000	1111111111111111111111111111110000000000000000000000000000001111111111000000000000000000000000000000000000000000000000001111111111111111111111111111111111111111000000000000000000000000000000111111111111111111110000000000000000000011111111110000000000000000000011111111111111111111000000000000000000001111111111000000000011111111111111111111000000000000000000001111111111000000000000000000000000000000	4936	1540203945
180.000000	180.000000	265415446	4064	265415446	0.475000	0000000000111111111100000000000000000000000000000011111111111111111111111111111111111111111111111111111111111100000000000000000000111111111100000000000000000000000000000000000000001111111111000000000000000000000000000000000000000011111111111111111111111111111100000000001111111111111111111100000000000000000000000000000011111111111111111111111111111100000000000000000000111111111100000000001111111111	4064	1540204367
180.000000	180.000000	294051462	4311	294051462	0.525000	0000000000000000000011111111111111111111111111111111111111111111111111000000000000000000000000000000111111111111111111110000000000111111111100000000000000000000111111111100000000001111111111000000000000000000000000000000000000000011111111111111111111000000000000000000001111111111000000000000000000001111111111111111111111111111111111111111111111111100000000001111111111000000000011111111111111111111	4312	1540204393
180.000000	180.000000	179523825	3411	179523825	0.575000	1111111111000000000011111111111111111111111111111100000000001111111111111111111100000000000000000000111111111111111111111111111111000000000000000000000000000000111111111100000000001111111111111111111111111111110000000000111111111100000000001111111111000000000011111111110000000000000000000011111111111111111111111111111111111111110000000000000000000000000000000000000000111111111111111111111111111111	3411	1540204446
180.000000	180.000000	219279585	3747	219279585	0.575000	1111111111111111111111111111110000000000000000000000000000001111111111000000000011111111111111111111111111111100000000001111111111000000000000000000001111111111111111111100000000000000000000111111111100000000001111111111000000000000000000001111111111111111111111111111110000000000111111111111111111111111111111000000000011111111111111111111111111111100000000000000000000111111111100000000001111111111	3747	1540204851
180.000000	180.000000	261659077	3647	261659077	0.575000	0000000000111111111111111111111111111111000000000000000000000000000000000000000011111111111111111111000000000000000000001111111111111111111100000000000000000000000000000011111111111111111111111111111100000000001111111111111111111111111111111111111111111111111100000000000000000000000000000011111111111111111111111111111111111111110000000000000000000011111111111111111111111111111111111111110000000000	3648	1540204913
180.000000	180.000000	282481595	4232	282481595	0.450000	0000000000000000000000000000001111111111111111111111111111110000000000000000000011111111110000000000000000000000000000001111111111111111111100000000000000000000111111111100000000001111111111111111111111111111111111111111000000000000000000001111111111000000000011111111111111111111000000000011111111110000000000111111111100000000000000000000111111111100000000000000000000111111111100000000000000000000	4232	1540204987
180.000000	180.000000	299535738	4418	299535738	0.500000	0000000000111111111111111111110000000000000000000011111111111111111111000000000011111111111111111111111111111111111111111111111111000000000011111111111111111111000000000000000000000000000000111111111100000000001111111111000000000000000000001111111111000000000000000000001111111111111111111100000000001111111111000000000011111111111111111111000000000000000000001111111111000000000000000000000000000000	4418	1540205073
180.000000	180.000000	287417588	4080	287417588	0.425000	1111111111000000000011111111111111111111111111111100000000000000000000000000000000000000001111111111000000000011111111110000000000111111111100000000000000000000000000000000000000000000000000000000000011111111111111111111111111111100000000000000000000000000000000000000001111111111111111111111111111110000000000000000000011111111110000000000000000000011111111110000000000111111111100000000001111111111	4081	1540205129
180.000000	180.000000	216989415	3813	216989415	0.450000	0000000000111111111100000000000000000000000000000000000000001111111111111111111100000000001111111111111111111111111111110000000000111111111111111111111111111111000000000011111111110000000000000000000000000000000000000000000000000000000000000000000000111111111111111111110000000000111111111111111111111111111111111111111111111111111111111111000000000000000000000000000000000000000000000000000000000000	3813	1540205299
180.000000	180.000000	237318965	3896	237318965	0.350000	0000000000000000000000000000001111111111000000000011111111110000000000111111111100000000000000000000000000000000000000000000000000111111111100000000000000000000111111111100000000000000000000111111111111111111111111111111000000000000000000001111111111000000000000000000001111111111000000000011111111110000000000111111111100000000000000000000000000000000000000001111111111111111111100000000000000000000	3896	1540205562
