180.000000	180.000000	241953429	730	241953429	0.625000	0000000000000000000000000000001111111111000000000011111111111111111111000000000011111111111111111111000000000011111111110000000000111111111111111111111111111111000000000011111111111111111111000000000000000000001111111111111111111111111111110000000000000000000011111111111111111111000000000011111111110000000000111111111100000000001111111111111111111111111111111111111111111111111111111111111111111111	730	1571045427
180.000000	180.000000	266834420	749	266834420	0.425000	1111111111111111111111111111111111111111111111111100000000000000000000111111111100000000001111111111000000000011111111110000000000111111111100000000000000000000000000000011111111110000000000000000000000000000000000000000000000000011111111111111111111000000000000000000000000000000111111111100000000000000000000000000000011111111111111111111111111111100000000000000000000111111111100000000000000000000	749	1571046158
180.000000	180.000000	483135922	1460	483135922	0.475000	0000000000111111111100000000000000000000111111111111111111110000000000000000000000000000000000000000000000000011111111110000000000111111111100000000001111111111111111111100000000000000000000111111111111111111111111111111111111111100000000001111111111111111111100000000000000000000000000000011111111111111111111111111111100000000001111111111111111111100000000001111111111000000000000000000000000000000	1460	1571046908
180.000000	180.000000	371107737	999	371107737	0.500000	0000000000111111111111111111111111111111000000000011111111110000000000111111111111111111111111111111000000000000000000000000000000000000000011111111111111111111111111111100000000001111111111000000000000000000001111111111000000000000000000000000000000111111111100000000001111111111111111111100000000000000000000111111111111111111111111111111000000000000000000001111111111111111111100000000000000000000	999	1571048371
180.000000	180.000000	261456746	701	261456746	0.400000	0000000000000000000000000000000000000000000000000011111111111111111111000000000011111111110000000000000000000011111111110000000000000000000011111111111111111111000000000011111111111111111111000000000011111111110000000000000000000000000000000000000000000000000000000000000000000000111111111111111111111111111111111111111111111111110000000000000000000000000000001111111111000000000000000000001111111111	701	1571049372
180.000000	180.000000	478544476	1508	478544476	0.575000	1111111111111111111100000000001111111111111111111111111111111111111111111111111100000000000000000000000000000011111111110000000000111111111111111111110000000000111111111100000000001111111111111111111100000000001111111111000000000000000000000000000000111111111111111111111111111111000000000011111111110000000000000000000000000000001111111111111111111100000000001111111111000000000011111111111111111111	1508	1571050076
180.000000	180.000000	261871341	709	261871341	0.425000	0000000000000000000000000000000000000000000000000011111111110000000000111111111111111111111111111111000000000011111111110000000000111111111100000000000000000000111111111100000000001111111111111111111111111111110000000000111111111111111111110000000000000000000000000000000000000000000000000000000000001111111111000000000000000000001111111111111111111111111111111111111111000000000000000000000000000000	709	1571050783
180.000000	180.000000	428401617	1254	428401617	0.725000	0000000000000000000011111111111111111111000000000011111111110000000000111111111111111111111111111111111111111111111111111111111111111111111111111111111111111111111111111100000000001111111111111111111111111111111111111111000000000011111111111111111111111111111111111111110000000000000000000011111111111111111111111111111111111111111111111111111111111100000000000000000000111111111111111111110000000000	1254	1571050959
180.000000	180.000000	430260383	1445	430260383	0.475000	1111111111000000000011111111110000000000000000000000000000001111111111000000000000000000000000000000111111111111111111111111111111111111111111111111111111111111000000000000000000000000000000000000000011111111111111111111000000000011111111111111111111111111111100000000000000000000111111111100000000000000000000111111111100000000000000000000111111111111111111111111111111000000000000000000000000000000	1445	1571051495
180.000000	180.000000	485643505	1731	485643505	0.400000	0000000000111111111100000000001111111111000000000000000000000000000000000000000011111111110000000000111111111111111111110000000000111111111111111111110000000000111111111100000000000000000000000000000011111111111111111111000000000000000000001111111111111111111100000000001111111111111111111100000000000000000000111111111100000000000000000000000000000000000000000000000000111111111100000000000000000000	1731	1571051585
180.000000	180.000000	238829433	636	238829433	0.600000	1111111111000000000011111111111111111111111111111111111111111111111111000000000000000000001111111111111111111100000000001111111111000000000011111111111111111111000000000000000000001111111111111111111111111111110000000000000000000011111111111111111111000000000011111111111111111111000000000011111111110000000000000000000011111111111111111111000000000011111111110000000000111111111100000000001111111111	636	1571052214
180.000000	180.000000	243925505	646	243925505	0.625000	1111111111000000000000000000001111111111111111111100000000000000000000000000000011111111111111111111111111111111111111110000000000111111111111111111111111111111000000000000000000000000000000111111111111111111110000000000111111111111111111111111111111111111111100000000000000000000111111111111111111111111111111000000000011111111111111111111111111111111111111110000000000000000000011111111111111111111	646	1571052717
180.000000	180.000000	210543527	541	210543527	0.525000	0000000000111111111111111111111111111111111111111100000000001111111111000000000000000000001111111111111111111111111111110000000000111111111111111111110000000000111111111111111111110000000000111111111100000000000000000000111111111100000000000000000000000000000011111111111111111111000000000000000000001111111111111111111111111111111111111111111111111100000000000000000000000000000000000000000000000000	541	1571052851
180.000000	180.000000	239850814	628	239850814	0.525000	0000000000111111111111111111110000000000000000000000000000001111111111111111111100000000000000000000111111111111111111111111111111000000000000000000001111111111111111111111111111111111111111000000000000000000001111111111000000000011111111110000000000111111111111111111110000000000111111111111111111111111111111000000000000000000000000000000111111111100000000000000000000111111111100000000001111111111	628	1571052943
180.000000	180.000000	243376142	674	243376142	0.550000	0000000000000000000011111111110000000000000000000011111111110000000000111111111100000000000000000000111111111111111111111111111111000000000011111111111111111111000000000011111111111111111111111111111100000000000000000000111111111100000000000000000000111111111111111111110000000000000000000011111111111111111111111111111100000000001111111111111111111100000000000000000000111111111111111111111111111111	674	1571053317
180.000000	180.000000	367541803	1117	367541803	0.550000	0000000000000000000011111111111111111111000000000011111111110000000000111111111111111111110000000000000000000011111111111111111111111111111111111111111111111111111111111100000000000000000000000000000000000000001111111111000000000011111111110000000000111111111111111111111111111111111111111111111111110000000000000000000011111111111111111111000000000011111111110000000000000000000011111111110000000000	1117	1571053364
180.000000	180.000000	425660375	1394	425660375	0.475000	1111111111111111111100000000000000000000000000000000000000000000000000111111111111111111110000000000111111111100000000001111111111000000000011111111110000000000111111111111111111110000000000111111111100000000000000000000111111111111111111110000000000111111111111111111110000000000000000000000000000000000000000111111111111111111110000000000111111111111111111111111111111000000000000000000000000000000	1394	1571053393
180.000000	180.000000	484301276	1844	484301276	0.400000	0000000000000000000000000000001111111111111111111111111111110000000000000000000000000000001111111111000000000011111111110000000000000000000011111111111111111111000000000000000000001111111111111111111100000000001111111111000000000011111111110000000000000000000011111111110000000000000000000000000000000000000000000000000000000000001111111111111111111111111111110000000000000000000000000000001111111111	1844	1571053437
180.000000	180.000000	242224520	721	242224520	0.625000	1111111111111111111111111111111111111111111111111111111111110000000000111111111100000000001111111111000000000011111111111111111111000000000011111111111111111111111111111111111111111111111111000000000011111111111111111111111111111111111111110000000000111111111111111111110000000000111111111100000000001111111111000000000000000000000000000000111111111100000000001111111111000000000000000000000000000000	721	1571053571
180.000000	180.000000	263903940	778	263903940	0.525000	1111111111000000000011111111110000000000111111111100000000000000000000111111111100000000000000000000000000000000000000001111111111000000000000000000001111111111000000000000000000000000000000000000000011111111111111111111111111111111111111110000000000111111111111111111111111111111111111111100000000001111111111111111111100000000001111111111111111111111111111111111111111111111111100000000000000000000	778	1571053994
180.000000	180.000000	269022283	765	269022283	0.675000	1111111111111111111111111111111111111111111111111100000000001111111111111111111100000000001111111111111111111111111111110000000000111111111100000000001111111111111111111100000000001111111111111111111111111111111111111111111111111100000000001111111111111111111100000000000000000000111111111111111111111111111111000000000000000000001111111111000000000011111111110000000000111111111100000000001111111111	765	1571054146
180.000000	180.000000	210242529	549	210242529	0.450000	1111111111111111111111111111111111111111111111111111111111110000000000000000000000000000000000000000111111111100000000000000000000000000000000000000000000000000000000000011111111110000000000000000000000000000001111111111111111111100000000000000000000111111111111111111111111111111000000000000000000001111111111000000000000000000000000000000111111111100000000001111111111111111111100000000001111111111	549	1571054295
180.000000	180.000000	130201863	327	130201863	0.425000	1111111111000000000011111111111111111111111111111100000000000000000000000000000011111111110000000000111111111100000000000000000000000000000011111111110000000000000000000011111111111111111111000000000000000000001111111111000000000011111111110000000000000000000000000000001111111111000000000000000000000000000000111111111100000000000000000000111111111111111111111111111111000000000000000000001111111111	327	1571054483
180.000000	180.000000	236573080	711	236573080	0.500000	0000000000111111111111111111111111111111111111111111111111111111111111000000000011111111111111111111000000000000000000000000000000111111111100000000001111111111000000000000000000000000000000111111111100000000001111111111111111111111111111110000000000111111111111111111110000000000000000000000000000000000000000000000000011111111111111111111000000000000000000001111111111000000000000000000001111111111	711	1571054773
180.000000	180.000000	211438050	603	211438050	0.400000	1111111111000000000011111111110000000000000000000000000000001111111111000000000011111111111111111111111111111100000000001111111111000000000011111111110000000000111111111100000000001111111111000000000011111111110000000000000000000011111111110000000000111111111111111111110000000000111111111100000000000000000000000000000000000000001111111111000000000000000000000000000000000000000000000000000000000000	603	1571054790
180.000000	180.000000	211865828	567	211865828	0.550000	0000000000111111111100000000000000000000000000000011111111110000000000111111111100000000001111111111111111111100000000001111111111111111111111111111111111111111111111111100000000000000000000000000000000000000001111111111111111111111111111110000000000000000000011111111111111111111111111111100000000001111111111000000000011111111111111111111000000000000000000001111111111111111111111111111110000000000	567	1571054810
180.000000	180.000000	239316067	748	239316067	0.525000	1111111111111111111111111111110000000000111111111111111111111111111111000000000000000000001111111111111111111111111111110000000000111111111100000000000000000000111111111111111111110000000000111111111111111111110000000000000000000000000000000000000000000000000011111111110000000000111111111111111111111111111111000000000000000000001111111111000000000000000000001111111111000000000011111111110000000000	748	1571054845
180.000000	180.000000	427254261	1354	427254261	0.600000	1111111111111111111100000000000000000000111111111111111111110000000000111111111111111111111111111111111111111100000000001111111111111111111100000000000000000000111111111100000000000000000000111111111111111111110000000000111111111111111111110000000000111111111100000000001111111111111111111100000000000000000000111111111100000000001111111111111111111100000000001111111111111111111100000000001111111111	1354	1571054913
180.000000	180.000000	238744316	658	238744316	0.600000	1111111111111111111111111111110000000000000000000011111111111111111111111111111111111111110000000000111111111100000000001111111111111111111111111111110000000000000000000011111111111111111111111111111111111111110000000000111111111100000000001111111111111111111100000000000000000000111111111100000000001111111111111111111100000000001111111111111111111100000000000000000000000000000000000000001111111111	658	1571055281
180.000000	180.000000	478249409	1523	478249409	0.500000	0000000000111111111100000000000000000000000000000000000000001111111111111111111100000000001111111111111111111100000000000000000000111111111100000000000000000000111111111100000000001111111111000000000000000000001111111111111111111111111111110000000000000000000000000000000000000000111111111100000000001111111111111111111111111111111111111111000000000000000000001111111111111111111111111111111111111111	1523	1571055379
