180.000000	180.000000	419809356	2155	419809356	0.475000	1111111111000000000000000000000000000000111111111111111111110000000000111111111111111111111111111111111111111111111111110000000000000000000000000000001111111111000000000011111111110000000000111111111100000000000000000000111111111111111111111111111111111111111111111111110000000000000000000000000000000000000000000000000000000000000000000000000000000011111111110000000000111111111100000000001111111111	2155	1540193572
180.000000	180.000000	356027635	1765	356027635	0.600000	1111111111111111111100000000001111111111111111111100000000001111111111111111111111111111111111111111111111111111111111110000000000000000000011111111111111111111111111111111111111110000000000111111111100000000001111111111111111111111111111110000000000000000000011111111110000000000111111111100000000000000000000111111111100000000000000000000111111111100000000000000000000111111111100000000001111111111	1765	1540193928
180.000000	180.000000	371393234	1604	371393234	0.475000	0000000000000000000000000000001111111111111111111111111111111111111111111111111100000000001111111111111111111100000000000000000000000000000011111111111111111111111111111100000000000000000000111111111100000000001111111111111111111111111111110000000000000000000011111111110000000000000000000011111111110000000000000000000000000000000000000000111111111100000000000000000000111111111111111111110000000000	1604	1540194711
180.000000	180.000000	462632408	2289	462632408	0.525000	1111111111111111111111111111110000000000111111111111111111110000000000111111111100000000000000000000000000000011111111110000000000000000000000000000001111111111111111111100000000001111111111111111111111111111110000000000000000000011111111110000000000111111111111111111110000000000111111111111111111110000000000000000000011111111110000000000111111111100000000000000000000111111111100000000001111111111	2289	1540194779
180.000000	180.000000	404563696	1847	404563696	0.450000	1111111111000000000000000000000000000000000000000011111111110000000000000000000011111111110000000000000000000011111111110000000000111111111111111111110000000000111111111111111111110000000000111111111111111111110000000000000000000011111111110000000000000000000011111111110000000000111111111100000000000000000000000000000011111111111111111111000000000011111111111111111111000000000000000000001111111111	1847	1540194898
180.000000	180.000000	231344184	794	231344184	0.500000	1111111111111111111111111111110000000000000000000011111111111111111111000000000000000000001111111111000000000000000000000000000000000000000000000000001111111111000000000011111111111111111111111111111100000000000000000000000000000011111111110000000000000000000011111111111111111111000000000000000000000000000000000000000000000000001111111111111111111111111111111111111111111111111111111111111111111111	794	1540195362
180.000000	180.000000	409526452	2108	409526452	0.450000	1111111111111111111111111111110000000000000000000011111111111111111111000000000011111111110000000000000000000011111111110000000000000000000000000000001111111111000000000011111111110000000000111111111100000000000000000000000000000000000000000000000000111111111100000000001111111111111111111111111111110000000000111111111100000000001111111111000000000000000000001111111111000000000000000000001111111111	2108	1540195370
180.000000	180.000000	265478017	1073	265478017	0.475000	1111111111111111111100000000001111111111111111111100000000000000000000000000000011111111110000000000111111111111111111110000000000111111111111111111110000000000000000000011111111110000000000000000000011111111111111111111000000000011111111110000000000000000000011111111110000000000111111111100000000000000000000000000000000000000000000000000111111111100000000001111111111111111111100000000001111111111	1073	1540195693
180.000000	180.000000	355151363	1932	355151363	0.475000	1111111111111111111100000000001111111111000000000000000000001111111111111111111100000000001111111111000000000000000000000000000000111111111111111111110000000000111111111100000000000000000000000000000011111111111111111111000000000000000000001111111111111111111111111111111111111111111111111111111111111111111111000000000011111111110000000000000000000000000000000000000000000000000000000000000000000000	1932	1540195728
180.000000	180.000000	355368479	2020	355368479	0.575000	1111111111111111111100000000000000000000000000000000000000001111111111111111111100000000001111111111111111111100000000000000000000111111111111111111111111111111111111111111111111110000000000000000000011111111111111111111000000000011111111111111111111111111111100000000001111111111111111111111111111110000000000000000000000000000001111111111111111111111111111110000000000000000000000000000001111111111	2020	1540195766
180.000000	180.000000	418321448	3049	418321448	0.500000	1111111111000000000000000000001111111111000000000011111111111111111111111111111111111111110000000000111111111111111111110000000000000000000000000000001111111111111111111111111111110000000000000000000000000000000000000000000000000000000000001111111111111111111111111111110000000000111111111100000000001111111111111111111100000000000000000000000000000011111111110000000000111111111111111111110000000000	3049	1540195807
180.000000	180.000000	231554707	1044	231554707	0.450000	1111111111111111111100000000001111111111111111111100000000000000000000111111111111111111111111111111111111111111111111110000000000000000000011111111110000000000000000000000000000000000000000111111111111111111111111111111111111111100000000000000000000000000000000000000000000000000000000000011111111110000000000000000000011111111111111111111111111111100000000000000000000000000000000000000000000000000	1044	1540196067
180.000000	180.000000	427933371	3248	427933371	0.550000	1111111111111111111111111111110000000000111111111111111111111111111111111111111100000000001111111111000000000000000000000000000000111111111100000000001111111111000000000000000000001111111111111111111111111111110000000000111111111111111111111111111111111111111100000000000000000000111111111100000000000000000000000000000011111111110000000000000000000000000000001111111111000000000011111111111111111111	3248	1540196075
180.000000	180.000000	352834965	2110	352834965	0.475000	0000000000111111111100000000001111111111111111111100000000000000000000111111111100000000000000000000000000000011111111111111111111000000000011111111110000000000000000000011111111110000000000111111111111111111110000000000111111111111111111111111111111111111111100000000000000000000111111111111111111110000000000000000000011111111111111111111000000000011111111110000000000000000000000000000000000000000	2110	1540196125
180.000000	180.000000	416516381	2707	416516381	0.500000	1111111111111111111111111111110000000000000000000011111111110000000000111111111111111111110000000000111111111111111111111111111111000000000000000000000000000000000000000011111111111111111111000000000011111111111111111111111111111100000000000000000000111111111100000000001111111111000000000011111111111111111111000000000000000000000000000000000000000000000000001111111111000000000000000000001111111111	2708	1540196157
180.000000	180.000000	357686920	2610	357686920	0.475000	0000000000000000000000000000001111111111000000000000000000000000000000111111111111111111111111111111000000000011111111110000000000000000000000000000001111111111000000000000000000000000000000111111111100000000001111111111111111111100000000000000000000000000000011111111111111111111000000000011111111111111111111111111111100000000000000000000111111111100000000001111111111111111111111111111111111111111	2610	1540196316
180.000000	180.000000	357199016	2131	357199016	0.450000	0000000000111111111100000000000000000000000000000000000000000000000000000000000000000000000000000000111111111100000000001111111111000000000011111111110000000000111111111100000000001111111111111111111111111111111111111111000000000000000000000000000000111111111111111111111111111111111111111111111111110000000000000000000000000000001111111111111111111111111111110000000000000000000011111111110000000000	2131	1540196444
180.000000	180.000000	370179214	2596	370179214	0.550000	0000000000000000000011111111111111111111111111111111111111111111111111111111111111111111110000000000000000000011111111111111111111000000000011111111111111111111000000000011111111110000000000000000000011111111111111111111000000000000000000000000000000111111111100000000000000000000111111111111111111110000000000111111111111111111110000000000000000000000000000001111111111111111111111111111110000000000	2596	1540196746
180.000000	180.000000	406477785	3299	406477785	0.450000	0000000000000000000011111111111111111111000000000000000000000000000000000000000011111111111111111111000000000011111111111111111111000000000000000000000000000000111111111100000000001111111111111111111100000000000000000000111111111100000000001111111111000000000011111111111111111111000000000011111111110000000000111111111111111111110000000000000000000011111111110000000000000000000000000000001111111111	3299	1540196766
180.000000	180.000000	361693163	2535	361693163	0.500000	0000000000111111111100000000001111111111111111111100000000001111111111000000000011111111111111111111111111111100000000001111111111000000000011111111110000000000111111111111111111111111111111000000000000000000001111111111111111111100000000000000000000000000000000000000001111111111111111111111111111110000000000000000000000000000001111111111000000000011111111110000000000000000000000000000001111111111	2535	1540197068
180.000000	180.000000	361535948	2472	361535948	0.525000	0000000000000000000011111111110000000000000000000011111111111111111111111111111100000000001111111111000000000000000000000000000000111111111111111111111111111111000000000011111111111111111111000000000000000000001111111111000000000011111111111111111111111111111111111111110000000000111111111100000000001111111111111111111100000000000000000000111111111100000000000000000000111111111111111111110000000000	2472	1540197112
180.000000	180.000000	419448337	3368	419448337	0.475000	0000000000111111111100000000001111111111000000000000000000001111111111111111111111111111110000000000000000000000000000000000000000000000000000000000000000000000111111111100000000000000000000000000000011111111111111111111000000000011111111111111111111111111111111111111111111111111000000000011111111110000000000111111111100000000001111111111111111111100000000001111111111000000000011111111110000000000	3368	1540197150
180.000000	180.000000	370773797	2660	370773797	0.550000	1111111111000000000011111111111111111111111111111111111111111111111111111111111100000000000000000000000000000011111111111111111111111111111100000000001111111111000000000011111111110000000000000000000011111111110000000000000000000000000000000000000000000000000011111111111111111111000000000011111111111111111111111111111100000000001111111111111111111111111111110000000000111111111100000000000000000000	2660	1540197480
180.000000	180.000000	234851418	1323	234851418	0.425000	0000000000111111111100000000000000000000000000000011111111111111111111000000000011111111110000000000000000000011111111110000000000111111111111111111111111111111000000000000000000000000000000111111111100000000000000000000000000000000000000000000000000000000000011111111110000000000111111111111111111111111111111111111111111111111110000000000111111111100000000000000000000000000000011111111110000000000	1323	1540197656
180.000000	180.000000	469753432	3608	469753432	0.575000	1111111111000000000011111111111111111111111111111111111111110000000000111111111100000000000000000000000000000011111111111111111111111111111100000000000000000000111111111111111111111111111111111111111100000000001111111111111111111111111111110000000000000000000011111111110000000000111111111100000000000000000000111111111111111111111111111111000000000000000000001111111111111111111100000000000000000000	3608	1540197664
180.000000	180.000000	460663033	3552	460663033	0.500000	0000000000111111111111111111110000000000111111111111111111111111111111000000000011111111111111111111000000000000000000001111111111000000000000000000001111111111111111111111111111110000000000000000000011111111110000000000000000000000000000000000000000000000000000000000001111111111111111111100000000000000000000111111111111111111111111111111111111111100000000001111111111000000000000000000001111111111	3552	1540197789
180.000000	180.000000	416033774	2550	416033774	0.500000	0000000000000000000000000000000000000000111111111100000000000000000000111111111111111111111111111111111111111111111111110000000000000000000011111111111111111111111111111111111111110000000000000000000000000000000000000000000000000011111111111111111111000000000011111111111111111111000000000011111111110000000000111111111100000000001111111111111111111100000000001111111111111111111100000000000000000000	2550	1540198235
180.000000	180.000000	407427543	2271	407427543	0.475000	0000000000000000000011111111110000000000111111111100000000001111111111111111111100000000000000000000111111111100000000000000000000111111111111111111111111111111000000000000000000001111111111111111111100000000000000000000111111111111111111111111111111111111111100000000000000000000000000000011111111110000000000111111111111111111111111111111000000000000000000000000000000000000000000000000001111111111	2271	1540198576
180.000000	180.000000	409504488	2494	409504488	0.375000	0000000000000000000000000000000000000000000000000011111111110000000000111111111100000000000000000000111111111100000000000000000000000000000000000000001111111111111111111100000000000000000000111111111111111111111111111111111111111100000000000000000000111111111100000000001111111111111111111100000000000000000000000000000011111111110000000000000000000011111111111111111111000000000000000000000000000000	2494	1540198858
180.000000	180.000000	409724227	2487	409724227	0.400000	1111111111111111111100000000000000000000000000000000000000000000000000000000000000000000001111111111111111111111111111111111111111000000000000000000000000000000111111111100000000000000000000000000000000000000000000000000000000000000000000000000000000000000000011111111110000000000111111111111111111111111111111000000000011111111110000000000111111111111111111110000000000111111111111111111110000000000	2487	1540198866
