180.000000	180.000000	699169608	6207	699169608	0.600000	0000000000111111111111111111111111111111111111111111111111110000000000111111111100000000001111111111000000000000000000000000000000111111111111111111111111111111000000000000000000000000000000111111111111111111111111111111000000000011111111111111111111000000000011111111110000000000000000000011111111110000000000111111111100000000001111111111111111111111111111111111111111111111111111111111110000000000	6208	1540180392
180.000000	180.000000	691049136	6014	691049136	0.550000	1111111111111111111111111111111111111111000000000000000000001111111111111111111100000000001111111111111111111111111111111111111111111111111111111111110000000000000000000011111111111111111111111111111100000000001111111111111111111111111111110000000000000000000000000000000000000000000000000000000000001111111111111111111100000000000000000000000000000000000000000000000000111111111111111111110000000000	6014	1540180400
180.000000	180.000000	691508692	6123	691508692	0.525000	0000000000111111111100000000000000000000111111111100000000000000000000000000000011111111111111111111000000000000000000000000000000111111111111111111111111111111111111111111111111111111111111000000000011111111110000000000111111111100000000001111111111000000000000000000001111111111000000000011111111111111111111111111111111111111110000000000000000000011111111111111111111000000000011111111110000000000	6123	1540180411
180.000000	180.000000	565569507	3338	565569507	0.425000	1111111111000000000011111111111111111111000000000000000000000000000000000000000000000000000000000000000000000000000000001111111111111111111100000000001111111111000000000011111111110000000000111111111111111111110000000000000000000011111111110000000000000000000000000000001111111111111111111111111111111111111111111111111100000000000000000000000000000000000000000000000000000000000011111111111111111111	3338	1540180420
180.000000	180.000000	701496523	4600	701496523	0.525000	1111111111111111111111111111110000000000111111111111111111110000000000000000000011111111111111111111000000000011111111111111111111111111111100000000001111111111000000000011111111111111111111000000000000000000001111111111000000000000000000000000000000111111111111111111110000000000000000000000000000001111111111000000000000000000000000000000111111111100000000001111111111111111111100000000001111111111	4600	1540180638
180.000000	180.000000	789365359	5441	789365359	0.475000	0000000000111111111111111111111111111111000000000000000000001111111111000000000000000000000000000000111111111111111111110000000000000000000011111111110000000000000000000011111111110000000000000000000000000000001111111111111111111111111111110000000000111111111111111111110000000000000000000011111111110000000000111111111111111111111111111111000000000000000000001111111111000000000011111111110000000000	5442	1540181822
180.000000	180.000000	718247319	4463	718247319	0.425000	0000000000111111111111111111110000000000000000000011111111111111111111000000000000000000000000000000111111111100000000000000000000111111111111111111111111111111000000000000000000000000000000111111111100000000000000000000000000000000000000001111111111111111111111111111110000000000000000000000000000001111111111111111111100000000000000000000000000000011111111111111111111000000000000000000001111111111	4463	1540183150
180.000000	180.000000	597548732	3577	597548732	0.500000	0000000000111111111111111111111111111111111111111100000000001111111111111111111100000000001111111111111111111100000000000000000000000000000000000000000000000000111111111100000000001111111111111111111100000000001111111111000000000011111111110000000000000000000011111111111111111111111111111111111111110000000000000000000000000000001111111111111111111100000000001111111111000000000000000000000000000000	3577	1540183380
180.000000	180.000000	805012701	7272	805012701	0.350000	0000000000000000000000000000000000000000000000000000000000001111111111111111111100000000001111111111000000000011111111111111111111000000000000000000000000000000111111111111111111110000000000000000000000000000000000000000111111111100000000000000000000000000000000000000001111111111000000000000000000001111111111111111111100000000000000000000000000000011111111111111111111111111111100000000000000000000	7272	1540183760
180.000000	180.000000	813766594	8033	813766594	0.550000	1111111111000000000011111111111111111111000000000000000000001111111111111111111100000000001111111111111111111100000000000000000000000000000000000000000000000000111111111111111111110000000000000000000011111111111111111111111111111100000000000000000000111111111111111111111111111111000000000011111111110000000000111111111100000000001111111111000000000000000000001111111111111111111111111111111111111111	8033	1540183777
180.000000	180.000000	669741534	5975	669741534	0.725000	1111111111111111111111111111111111111111111111111111111111110000000000111111111111111111111111111111000000000000000000000000000000111111111111111111111111111111000000000000000000001111111111111111111111111111110000000000111111111111111111111111111111000000000000000000001111111111111111111111111111111111111111111111111111111111111111111111111111111111111111110000000000000000000011111111111111111111	5975	1540183896
180.000000	180.000000	210803578	726	210803578	0.375000	0000000000000000000000000000000000000000111111111111111111111111111111000000000011111111110000000000000000000000000000000000000000000000000000000000001111111111111111111100000000000000000000000000000011111111110000000000111111111100000000001111111111111111111100000000000000000000111111111111111111110000000000111111111111111111110000000000000000000000000000000000000000000000000011111111110000000000	726	1540185240
180.000000	180.000000	684222655	6717	684222655	0.575000	0000000000111111111111111111111111111111000000000011111111111111111111000000000011111111111111111111000000000000000000001111111111000000000011111111111111111111000000000000000000001111111111111111111111111111111111111111000000000000000000000000000000000000000000000000000000000000000000000011111111111111111111111111111111111111110000000000111111111111111111111111111111111111111100000000001111111111	6717	1540185968
180.000000	180.000000	443098884	4154	443098884	0.550000	1111111111000000000011111111110000000000000000000011111111110000000000000000000000000000000000000000000000000011111111111111111111000000000011111111111111111111111111111111111111111111111111111111111111111111110000000000111111111100000000001111111111111111111111111111110000000000111111111111111111110000000000111111111100000000001111111111000000000000000000000000000000111111111111111111110000000000	4154	1540186415
180.000000	180.000000	453703374	3973	453703374	0.525000	1111111111000000000011111111111111111111000000000011111111110000000000111111111111111111111111111111111111111111111111110000000000111111111100000000001111111111000000000011111111110000000000111111111100000000001111111111111111111111111111110000000000111111111100000000001111111111000000000000000000001111111111000000000000000000000000000000000000000000000000000000000000111111111100000000001111111111	3973	1540186537
180.000000	180.000000	590506317	5553	590506317	0.525000	1111111111000000000011111111111111111111111111111111111111111111111111111111111100000000001111111111000000000000000000001111111111111111111100000000001111111111000000000011111111110000000000000000000011111111110000000000111111111100000000000000000000000000000011111111111111111111000000000011111111111111111111000000000000000000000000000000111111111100000000000000000000111111111100000000001111111111	5553	1540186602
180.000000	180.000000	436292964	4034	436292964	0.575000	1111111111111111111100000000001111111111111111111111111111110000000000000000000011111111110000000000000000000000000000001111111111000000000011111111111111111111000000000011111111110000000000111111111111111111110000000000111111111111111111111111111111111111111100000000001111111111000000000000000000001111111111111111111111111111110000000000000000000000000000000000000000111111111111111111111111111111	4034	1540186958
180.000000	180.000000	680139353	6477	680139353	0.500000	0000000000111111111100000000001111111111000000000011111111111111111111111111111100000000000000000000111111111100000000000000000000111111111100000000000000000000111111111111111111110000000000111111111100000000000000000000111111111100000000000000000000111111111111111111110000000000111111111100000000001111111111111111111111111111111111111111000000000011111111110000000000000000000011111111110000000000	6477	1540187092
180.000000	180.000000	671365922	6661	671365922	0.425000	1111111111000000000000000000001111111111111111111111111111110000000000000000000011111111110000000000000000000011111111111111111111111111111100000000001111111111000000000011111111110000000000000000000000000000001111111111000000000000000000001111111111000000000011111111110000000000000000000011111111110000000000111111111100000000000000000000111111111100000000000000000000000000000011111111110000000000	6661	1540187265
180.000000	180.000000	780580085	7163	780580085	0.625000	1111111111000000000000000000000000000000000000000000000000001111111111111111111111111111110000000000111111111111111111110000000000111111111111111111110000000000000000000000000000001111111111111111111111111111111111111111111111111111111111111111111111111111111111111111110000000000000000000011111111111111111111000000000011111111111111111111111111111100000000000000000000111111111111111111111111111111	7163	1540187616
180.000000	180.000000	712464548	4838	712464548	0.450000	1111111111111111111100000000001111111111111111111100000000001111111111000000000000000000001111111111000000000011111111110000000000000000000000000000000000000000111111111100000000000000000000111111111111111111111111111111111111111100000000000000000000000000000011111111110000000000000000000000000000001111111111000000000011111111110000000000111111111111111111110000000000111111111100000000000000000000	4838	1540189872
180.000000	180.000000	686755760	5345	686755760	0.600000	1111111111111111111100000000000000000000111111111100000000001111111111000000000000000000001111111111000000000011111111110000000000000000000011111111111111111111000000000011111111110000000000111111111100000000001111111111111111111111111111111111111111111111111111111111111111111111111111111111111111111111111111111111111100000000000000000000000000000000000000000000000000111111111111111111111111111111	5345	1540190460
180.000000	180.000000	682661993	5250	682661993	0.475000	0000000000111111111111111111111111111111000000000000000000001111111111111111111111111111110000000000000000000000000000000000000000111111111100000000000000000000111111111111111111110000000000000000000000000000000000000000000000000000000000001111111111000000000011111111111111111111000000000011111111111111111111000000000011111111111111111111000000000011111111110000000000111111111111111111110000000000	5250	1540190513
180.000000	180.000000	418163046	2297	418163046	0.525000	1111111111000000000011111111110000000000111111111100000000000000000000000000000011111111111111111111000000000011111111111111111111111111111100000000000000000000000000000000000000001111111111111111111111111111110000000000000000000000000000001111111111111111111100000000001111111111111111111111111111110000000000000000000011111111111111111111000000000000000000000000000000111111111111111111111111111111	2297	1540190569
180.000000	180.000000	569954705	4367	569954705	0.400000	1111111111111111111111111111110000000000000000000011111111110000000000000000000000000000001111111111000000000011111111111111111111000000000011111111111111111111000000000000000000000000000000000000000000000000001111111111000000000000000000000000000000111111111100000000001111111111111111111100000000000000000000000000000011111111111111111111111111111100000000000000000000000000000000000000000000000000	4367	1540190994
180.000000	180.000000	590530470	4332	590530470	0.450000	0000000000111111111111111111110000000000000000000000000000000000000000000000000000000000001111111111111111111111111111111111111111000000000011111111110000000000000000000011111111111111111111000000000000000000001111111111000000000011111111110000000000111111111111111111111111111111111111111111111111110000000000000000000000000000000000000000000000000000000000000000000000111111111111111111110000000000	4332	1540191035
180.000000	180.000000	661446410	4257	661446410	0.475000	0000000000000000000011111111110000000000000000000000000000000000000000111111111100000000000000000000000000000011111111110000000000111111111111111111111111111111000000000011111111111111111111000000000011111111111111111111000000000011111111111111111111000000000011111111111111111111000000000011111111111111111111111111111100000000000000000000000000000000000000000000000000111111111100000000001111111111	4257	1540191810
180.000000	180.000000	692940514	4285	692940514	0.350000	1111111111000000000000000000000000000000000000000000000000000000000000000000000000000000000000000000000000000000000000000000000000000000000000000000001111111111111111111100000000001111111111000000000011111111110000000000111111111111111111110000000000000000000000000000001111111111111111111100000000001111111111000000000011111111111111111111000000000000000000001111111111111111111100000000000000000000	4285	1540192158
180.000000	180.000000	684064312	4968	684064312	0.550000	1111111111000000000000000000000000000000000000000011111111110000000000111111111111111111111111111111111111111100000000000000000000111111111111111111111111111111111111111111111111111111111111111111111100000000000000000000000000000011111111111111111111111111111111111111111111111111111111111100000000001111111111000000000011111111110000000000000000000000000000001111111111000000000000000000000000000000	4969	1540192685
180.000000	180.000000	595790053	4282	595790053	0.375000	1111111111000000000011111111110000000000111111111111111111110000000000111111111111111111110000000000111111111111111111111111111111000000000000000000000000000000000000000000000000000000000000000000000000000000000000000000000000000000000000000000000000111111111100000000001111111111000000000000000000000000000000111111111100000000000000000000111111111100000000001111111111000000000000000000001111111111	4282	1540192868
