180.000000	180.000000	166451068	607	166451068	0.550000	0000000000000000000011111111110000000000111111111111111111111111111111000000000011111111110000000000000000000000000000000000000000111111111111111111111111111111111111111111111111110000000000111111111111111111111111111111000000000011111111111111111111000000000000000000001111111111000000000000000000000000000000111111111100000000000000000000000000000011111111111111111111111111111111111111111111111111	607	1569728252
180.000000	180.000000	166887452	507	166887452	0.525000	0000000000111111111100000000001111111111111111111100000000001111111111111111111100000000000000000000111111111100000000000000000000111111111111111111110000000000000000000011111111110000000000111111111111111111111111111111000000000000000000001111111111111111111100000000001111111111000000000011111111110000000000000000000011111111110000000000000000000011111111110000000000111111111111111111111111111111	507	1569728615
180.000000	180.000000	172326475	510	172326475	0.550000	1111111111111111111100000000001111111111111111111111111111110000000000000000000000000000000000000000111111111111111111110000000000000000000011111111111111111111000000000011111111110000000000111111111111111111111111111111111111111100000000001111111111111111111111111111110000000000000000000000000000001111111111111111111100000000001111111111111111111100000000000000000000111111111100000000000000000000	510	1569728641
180.000000	180.000000	171683840	538	171683840	0.575000	0000000000111111111111111111111111111111111111111111111111110000000000111111111111111111110000000000111111111111111111111111111111111111111100000000001111111111000000000000000000001111111111111111111111111111110000000000000000000011111111110000000000000000000011111111111111111111000000000000000000000000000000111111111100000000000000000000000000000000000000001111111111111111111111111111111111111111	538	1569728859
180.000000	180.000000	176069887	512	176069887	0.550000	0000000000111111111111111111110000000000111111111111111111111111111111000000000011111111111111111111000000000011111111111111111111000000000000000000001111111111111111111100000000000000000000111111111111111111111111111111111111111100000000000000000000111111111100000000001111111111111111111100000000001111111111000000000011111111110000000000111111111100000000000000000000111111111100000000000000000000	512	1569729119
180.000000	180.000000	196831685	701	196831685	0.550000	0000000000000000000000000000000000000000000000000000000000000000000000111111111111111111111111111111000000000011111111111111111111111111111100000000001111111111111111111111111111110000000000111111111111111111111111111111111111111100000000001111111111000000000000000000001111111111111111111100000000001111111111000000000011111111110000000000000000000011111111111111111111111111111111111111110000000000	701	1569729127
180.000000	180.000000	178607522	632	178607522	0.500000	0000000000111111111100000000000000000000000000000000000000000000000000111111111100000000000000000000000000000011111111111111111111111111111100000000001111111111111111111111111111110000000000111111111100000000001111111111111111111111111111110000000000000000000000000000001111111111111111111111111111110000000000111111111111111111111111111111000000000011111111110000000000000000000000000000001111111111	632	1569729153
180.000000	180.000000	165818097	622	165818097	0.525000	1111111111000000000011111111111111111111000000000000000000001111111111111111111111111111111111111111000000000000000000001111111111000000000011111111110000000000111111111111111111110000000000111111111111111111111111111111111111111111111111110000000000000000000000000000000000000000000000000000000000001111111111111111111111111111111111111111000000000000000000000000000000000000000011111111110000000000	622	1569729191
180.000000	180.000000	144878270	532	144878270	0.550000	1111111111000000000011111111111111111111000000000011111111111111111111111111111111111111110000000000000000000000000000001111111111000000000011111111110000000000111111111111111111110000000000000000000000000000001111111111111111111100000000000000000000111111111111111111111111111111111111111111111111110000000000000000000011111111110000000000000000000011111111110000000000000000000011111111111111111111	532	1569729322
180.000000	180.000000	175758812	572	175758812	0.475000	1111111111111111111111111111110000000000000000000000000000001111111111111111111111111111111111111111111111111100000000001111111111000000000011111111110000000000111111111100000000001111111111000000000000000000001111111111000000000000000000001111111111000000000000000000000000000000000000000011111111111111111111000000000000000000001111111111000000000011111111110000000000000000000000000000001111111111	572	1569729399
180.000000	180.000000	174999819	547	174999819	0.500000	0000000000000000000011111111111111111111111111111100000000001111111111111111111111111111111111111111111111111100000000001111111111111111111100000000001111111111000000000000000000001111111111000000000011111111110000000000000000000011111111110000000000000000000011111111110000000000111111111100000000000000000000111111111111111111110000000000111111111100000000000000000000000000000011111111110000000000	547	1569729632
180.000000	180.000000	175003940	581	175003940	0.525000	0000000000111111111100000000000000000000000000000011111111110000000000111111111111111111111111111111111111111111111111110000000000000000000000000000000000000000000000000000000000001111111111000000000011111111111111111111000000000011111111110000000000000000000011111111111111111111000000000011111111111111111111000000000000000000001111111111111111111111111111111111111111111111111100000000001111111111	581	1569729787
180.000000	180.000000	168731694	573	168731694	0.525000	0000000000111111111111111111111111111111111111111100000000000000000000111111111111111111111111111111111111111111111111110000000000111111111100000000000000000000000000000000000000000000000000000000000011111111111111111111000000000000000000000000000000000000000011111111110000000000111111111111111111110000000000000000000000000000001111111111111111111111111111111111111111111111111100000000001111111111	573	1569729813
180.000000	180.000000	170077036	550	170077036	0.375000	1111111111000000000000000000000000000000000000000011111111110000000000000000000011111111110000000000000000000011111111111111111111111111111100000000000000000000000000000000000000001111111111000000000000000000001111111111000000000000000000000000000000000000000000000000001111111111111111111100000000001111111111000000000000000000000000000000111111111100000000001111111111000000000011111111111111111111	550	1569729830
180.000000	180.000000	168127954	530	168127954	0.375000	1111111111111111111100000000000000000000000000000000000000000000000000000000000000000000000000000000111111111100000000000000000000000000000000000000000000000000000000000011111111110000000000000000000011111111110000000000111111111100000000001111111111111111111111111111110000000000000000000011111111111111111111111111111100000000001111111111000000000000000000001111111111000000000011111111110000000000	530	1569729856
180.000000	180.000000	337942294	1541	337942294	0.625000	0000000000111111111111111111111111111111000000000011111111111111111111000000000011111111111111111111111111111111111111111111111111000000000011111111110000000000000000000011111111110000000000000000000000000000001111111111111111111100000000001111111111000000000011111111111111111111111111111111111111111111111111111111111100000000001111111111111111111111111111110000000000111111111100000000000000000000	1541	1569729973
180.000000	180.000000	163239325	690	163239325	0.450000	0000000000111111111111111111111111111111111111111111111111111111111111111111111111111111111111111111000000000000000000000000000000000000000000000000001111111111000000000011111111110000000000111111111100000000001111111111000000000000000000000000000000000000000000000000000000000000000000000000000000000000000000111111111111111111111111111111000000000011111111111111111111000000000000000000000000000000	690	1569730179
180.000000	180.000000	172544807	657	172544807	0.525000	0000000000111111111100000000001111111111000000000011111111111111111111111111111100000000000000000000111111111111111111111111111111111111111111111111110000000000000000000011111111110000000000000000000000000000000000000000000000000011111111111111111111111111111111111111111111111111000000000011111111111111111111111111111100000000000000000000111111111111111111110000000000000000000000000000000000000000	657	1569730370
180.000000	180.000000	175142469	606	175142469	0.425000	0000000000111111111100000000001111111111111111111111111111110000000000111111111100000000001111111111000000000000000000000000000000000000000000000000001111111111000000000000000000001111111111111111111100000000000000000000111111111100000000000000000000111111111100000000000000000000000000000011111111111111111111111111111100000000001111111111000000000000000000001111111111111111111100000000000000000000	606	1569730381
180.000000	180.000000	169106442	592	169106442	0.475000	0000000000000000000011111111110000000000000000000011111111110000000000000000000000000000001111111111000000000011111111111111111111111111111111111111110000000000111111111100000000001111111111111111111100000000000000000000000000000000000000001111111111111111111100000000001111111111111111111100000000001111111111000000000011111111110000000000000000000000000000001111111111111111111100000000001111111111	592	1569730389
180.000000	180.000000	170197655	596	170197655	0.575000	1111111111111111111100000000001111111111000000000011111111111111111111111111111111111111111111111111000000000011111111111111111111000000000000000000000000000000111111111100000000001111111111111111111100000000000000000000111111111100000000000000000000111111111111111111110000000000111111111100000000001111111111000000000011111111110000000000111111111111111111111111111111000000000000000000001111111111	596	1569730397
180.000000	180.000000	172807913	593	172807913	0.450000	0000000000111111111111111111111111111111111111111100000000001111111111000000000000000000000000000000111111111100000000000000000000111111111111111111110000000000111111111100000000001111111111000000000000000000000000000000000000000011111111110000000000111111111100000000000000000000000000000011111111110000000000111111111100000000000000000000000000000000000000001111111111111111111111111111111111111111	593	1569730870
180.000000	180.000000	168220372	598	168220372	0.600000	1111111111111111111100000000000000000000000000000011111111110000000000000000000011111111110000000000111111111111111111111111111111111111111111111111111111111111111111111111111111111111111111111111111100000000000000000000111111111111111111110000000000111111111100000000000000000000000000000000000000000000000000000000000011111111110000000000111111111111111111111111111111111111111111111111111111111111	598	1569730983
180.000000	180.000000	169374730	567	169374730	0.450000	0000000000111111111111111111110000000000111111111111111111110000000000111111111100000000000000000000111111111100000000000000000000000000000011111111111111111111000000000011111111111111111111000000000000000000000000000000000000000000000000001111111111000000000000000000001111111111000000000000000000001111111111000000000011111111110000000000111111111111111111110000000000111111111111111111110000000000	567	1569730991
180.000000	180.000000	171642913	540	171642913	0.450000	0000000000111111111100000000001111111111111111111111111111110000000000111111111100000000000000000000111111111100000000000000000000111111111100000000001111111111000000000000000000001111111111000000000000000000001111111111000000000011111111110000000000111111111100000000001111111111000000000000000000001111111111000000000011111111111111111111111111111100000000000000000000000000000011111111110000000000	540	1569730999
180.000000	180.000000	195465178	667	195465178	0.525000	0000000000000000000000000000001111111111111111111100000000001111111111111111111100000000000000000000000000000011111111110000000000111111111111111111110000000000111111111100000000001111111111111111111100000000000000000000111111111100000000000000000000000000000000000000000000000000111111111111111111111111111111111111111111111111111111111111111111111111111111111111111111000000000000000000001111111111	667	1569731028
180.000000	180.000000	173234629	588	173234629	0.550000	1111111111000000000011111111111111111111000000000011111111110000000000111111111111111111110000000000111111111100000000001111111111111111111100000000000000000000111111111111111111110000000000111111111100000000001111111111111111111111111111111111111111000000000000000000000000000000111111111100000000001111111111000000000011111111110000000000000000000011111111110000000000111111111111111111110000000000	588	1569731465
180.000000	180.000000	172063281	522	172063281	0.450000	1111111111111111111100000000001111111111000000000000000000001111111111000000000000000000000000000000000000000000000000001111111111000000000000000000000000000000000000000011111111111111111111111111111111111111111111111111111111111100000000000000000000000000000011111111110000000000000000000000000000000000000000111111111100000000000000000000111111111111111111111111111111111111111111111111110000000000	522	1569731515
180.000000	180.000000	166497931	530	166497931	0.550000	1111111111111111111111111111111111111111000000000011111111111111111111000000000011111111110000000000111111111100000000001111111111111111111100000000001111111111111111111111111111110000000000000000000000000000000000000000111111111100000000000000000000000000000011111111111111111111111111111111111111110000000000000000000000000000000000000000111111111100000000001111111111111111111100000000001111111111	530	1569731541
180.000000	180.000000	223516229	727	223516229	0.525000	1111111111111111111100000000000000000000111111111100000000000000000000111111111100000000001111111111000000000000000000001111111111111111111111111111111111111111111111111100000000001111111111000000000000000000000000000000000000000011111111111111111111000000000000000000001111111111000000000000000000000000000000111111111111111111111111111111111111111111111111110000000000111111111100000000001111111111	727	1569731558
