228.000000	228.000000	7848420580	41542	7848420580	1.000000  	LogFile:	_3lo_dsm_000.txt	1111111111111111111111111111111111111111111111111111111111111111111111111111111111111111111111111111111111111111111111111111111111111111111111111111111111111111111111111111111111111111111111111111111111111111111111111111111111111111111111111111111111111111111111111111111111111111111111111111111111111111111111111111111111111111111111111111111	41542	1558240499
228.000000	228.000000	7761825687	40857	7761825687	1.000000  	LogFile:	_3lo_dsm_001.txt	1111111111111111111111111111111111111111111111111111111111111111111111111111111111111111111111111111111111111111111111111111111111111111111111111111111111111111111111111111111111111111111111111111111111111111111111111111111111111111111111111111111111111111111111111111111111111111111111111111111111111111111111111111111111111111111111111111111	40858	1558240870
228.000000	228.000000	5190146760	27658	5190146760	1.000000  	LogFile:	_3lo_dsm_002.txt	1111111111111111111111111111111111111111111111111111111111111111111111111111111111111111111111111111111111111111111111111111111111111111111111111111111111111111111111111111111111111111111111111111111111111111111111111111111111111111111111111111111111111111111111111111111111111111111111111111111111111111111111111111111111111111111111111111111	27658	1558241097
228.000000	228.000000	6797671184	36752	6797671184	1.000000  	LogFile:	_3lo_dsm_003.txt	1111111111111111111111111111111111111111111111111111111111111111111111111111111111111111111111111111111111111111111111111111111111111111111111111111111111111111111111111111111111111111111111111111111111111111111111111111111111111111111111111111111111111111111111111111111111111111111111111111111111111111111111111111111111111111111111111111111	36752	1558241573
228.000000	228.000000	5643544991	31272	5643544991	1.000000  	LogFile:	_3lo_dsm_004.txt	1111111111111111111111111111111111111111111111111111111111111111111111111111111111111111111111111111111111111111111111111111111111111111111111111111111111111111111111111111111111111111111111111111111111111111111111111111111111111111111111111111111111111111111111111111111111111111111111111111111111111111111111111111111111111111111111111111111	31273	1558265948
228.000000	228.000000	3962802897	22701	3962802897	1.000000  	LogFile:	_3lo_dsm_005.txt	1111111111111111111111111111111111111111111111111111111111111111111111111111111111111111111111111111111111111111111111111111111111111111111111111111111111111111111111111111111111111111111111111111111111111111111111111111111111111111111111111111111111111111111111111111111111111111111111111111111111111111111111111111111111111111111111111111111	22701	1558266386
228.000000	228.000000	9178040254	51454	9178040254	1.000000  	LogFile:	_3lo_dsm_006.txt	1111111111111111111111111111111111111111111111111111111111111111111111111111111111111111111111111111111111111111111111111111111111111111111111111111111111111111111111111111111111111111111111111111111111111111111111111111111111111111111111111111111111111111111111111111111111111111111111111111111111111111111111111111111111111111111111111111111	51455	1558266475
228.000000	228.000000	7051385006	39651	7051385006	1.000000  	LogFile:	_3lo_dsm_007.txt	1111111111111111111111111111111111111111111111111111111111111111111111111111111111111111111111111111111111111111111111111111111111111111111111111111111111111111111111111111111111111111111111111111111111111111111111111111111111111111111111111111111111111111111111111111111111111111111111111111111111111111111111111111111111111111111111111111111	39651	1558266525
228.000000	228.000000	6600390431	36962	6600390431	1.000000  	LogFile:	_3lo_dsm_008.txt	1111111111111111111111111111111111111111111111111111111111111111111111111111111111111111111111111111111111111111111111111111111111111111111111111111111111111111111111111111111111111111111111111111111111111111111111111111111111111111111111111111111111111111111111111111111111111111111111111111111111111111111111111111111111111111111111111111111	36962	1558266677
228.000000	228.000000	6681846231	36132	6681846231	1.000000  	LogFile:	_3lo_dsm_009.txt	1111111111111111111111111111111111111111111111111111111111111111111111111111111111111111111111111111111111111111111111111111111111111111111111111111111111111111111111111111111111111111111111111111111111111111111111111111111111111111111111111111111111111111111111111111111111111111111111111111111111111111111111111111111111111111111111111111111	36132	1558267537
228.000000	228.000000	5498817128	30587	5498817128	1.000000  	LogFile:	_3lo_dsm_010.txt	1111111111111111111111111111111111111111111111111111111111111111111111111111111111111111111111111111111111111111111111111111111111111111111111111111111111111111111111111111111111111111111111111111111111111111111111111111111111111111111111111111111111111111111111111111111111111111111111111111111111111111111111111111111111111111111111111111111	30587	1558268139
219.000000	228.000000	4120409285	23597	9679726804	0.959184  	LogFile:	_3lo_dsm_011.txt	1111111111111111111111111111111111111111111111111111111111111111111111111111111111111111111111111111111111111111111111111111111111111111111111111111111111111111111111111111111111111111111111111111111111111111111111111111111111111111111111111111111111110000000111111111111110000000111111111111111111111111111111111111111111111111111111111111111	52291	1558268507
228.000000	228.000000	7412257910	40552	7412257910	1.000000  	LogFile:	_3lo_dsm_012.txt	1111111111111111111111111111111111111111111111111111111111111111111111111111111111111111111111111111111111111111111111111111111111111111111111111111111111111111111111111111111111111111111111111111111111111111111111111111111111111111111111111111111111111111111111111111111111111111111111111111111111111111111111111111111111111111111111111111111	40552	1558268759
228.000000	228.000000	5927231052	32548	5927231052	1.000000  	LogFile:	_3lo_dsm_013.txt	1111111111111111111111111111111111111111111111111111111111111111111111111111111111111111111111111111111111111111111111111111111111111111111111111111111111111111111111111111111111111111111111111111111111111111111111111111111111111111111111111111111111111111111111111111111111111111111111111111111111111111111111111111111111111111111111111111111	32548	1558269772
228.000000	228.000000	8489540476	45000	8489540476	1.000000  	LogFile:	_3lo_dsm_014.txt	1111111111111111111111111111111111111111111111111111111111111111111111111111111111111111111111111111111111111111111111111111111111111111111111111111111111111111111111111111111111111111111111111111111111111111111111111111111111111111111111111111111111111111111111111111111111111111111111111111111111111111111111111111111111111111111111111111111	45000	1558271499
219.000000	228.000000	3028932165	17705	9922965112	0.959184  	LogFile:	_3lo_dsm_015.txt	1111111111111111111111111111111111111111111111111111111111111111111111111111111111111111111111111100000001111111111111111111110000000111111111111111111111111111111111111111111111111111111111111111111111111111111111111111111111111111111111111111111111111111111111111111111111111111111111111111111111111111111111111111111111111111111111111111111	52443	1558272303
228.000000	228.000000	4650816767	27334	4650816767	1.000000  	LogFile:	_3lo_dsm_016.txt	1111111111111111111111111111111111111111111111111111111111111111111111111111111111111111111111111111111111111111111111111111111111111111111111111111111111111111111111111111111111111111111111111111111111111111111111111111111111111111111111111111111111111111111111111111111111111111111111111111111111111111111111111111111111111111111111111111111	27334	1558272380
228.000000	228.000000	6675499242	36074	6675499242	1.000000  	LogFile:	_3lo_dsm_017.txt	1111111111111111111111111111111111111111111111111111111111111111111111111111111111111111111111111111111111111111111111111111111111111111111111111111111111111111111111111111111111111111111111111111111111111111111111111111111111111111111111111111111111111111111111111111111111111111111111111111111111111111111111111111111111111111111111111111111	36074	1558273276
219.000000	228.000000	5446514216	30818	10079170293	0.959184  	LogFile:	_3lo_dsm_018.txt	1111111111111111111111111111111111111111111111111111111111111111111111111111111111111111111111111111111111111111111111111111111111111000000000000001111111111111111111111111111111111111111111111111111111111111111111111111111111111111111111111111111111111111111111111111111111111111111111111111111111111111111111111111111111111111111111111111111	52610	1558273452
228.000000	228.000000	5060472703	28604	5060472703	1.000000  	LogFile:	_3lo_dsm_019.txt	1111111111111111111111111111111111111111111111111111111111111111111111111111111111111111111111111111111111111111111111111111111111111111111111111111111111111111111111111111111111111111111111111111111111111111111111111111111111111111111111111111111111111111111111111111111111111111111111111111111111111111111111111111111111111111111111111111111	28605	1558273820
228.000000	228.000000	9966146728	50967	9966146728	1.000000  	LogFile:	_3lo_dsm_020.txt	1111111111111111111111111111111111111111111111111111111111111111111111111111111111111111111111111111111111111111111111111111111111111111111111111111111111111111111111111111111111111111111111111111111111111111111111111111111111111111111111111111111111111111111111111111111111111111111111111111111111111111111111111111111111111111111111111111111	50967	1558273948
228.000000	228.000000	5617156712	33004	5617156712	1.000000  	LogFile:	_3lo_dsm_021.txt	1111111111111111111111111111111111111111111111111111111111111111111111111111111111111111111111111111111111111111111111111111111111111111111111111111111111111111111111111111111111111111111111111111111111111111111111111111111111111111111111111111111111111111111111111111111111111111111111111111111111111111111111111111111111111111111111111111111	33004	1558274016
228.000000	228.000000	4822307130	20384	4822307130	1.000000  	LogFile:	_3lo_dsm_022.txt	1111111111111111111111111111111111111111111111111111111111111111111111111111111111111111111111111111111111111111111111111111111111111111111111111111111111111111111111111111111111111111111111111111111111111111111111111111111111111111111111111111111111111111111111111111111111111111111111111111111111111111111111111111111111111111111111111111111	20385	1558275228
228.000000	228.000000	8588775238	36160	8588775238	1.000000  	LogFile:	_3lo_dsm_023.txt	1111111111111111111111111111111111111111111111111111111111111111111111111111111111111111111111111111111111111111111111111111111111111111111111111111111111111111111111111111111111111111111111111111111111111111111111111111111111111111111111111111111111111111111111111111111111111111111111111111111111111111111111111111111111111111111111111111111	36160	1558275600
228.000000	228.000000	6822287644	36765	6822287644	1.000000  	LogFile:	_3lo_dsm_024.txt	1111111111111111111111111111111111111111111111111111111111111111111111111111111111111111111111111111111111111111111111111111111111111111111111111111111111111111111111111111111111111111111111111111111111111111111111111111111111111111111111111111111111111111111111111111111111111111111111111111111111111111111111111111111111111111111111111111111	36765	1558278328
228.000000	228.000000	8131915314	43356	8131915314	1.000000  	LogFile:	_3lo_dsm_025.txt	1111111111111111111111111111111111111111111111111111111111111111111111111111111111111111111111111111111111111111111111111111111111111111111111111111111111111111111111111111111111111111111111111111111111111111111111111111111111111111111111111111111111111111111111111111111111111111111111111111111111111111111111111111111111111111111111111111111	43356	1558281731
228.000000	228.000000	9329621163	47606	9329621163	1.000000  	LogFile:	_3lo_dsm_026.txt	1111111111111111111111111111111111111111111111111111111111111111111111111111111111111111111111111111111111111111111111111111111111111111111111111111111111111111111111111111111111111111111111111111111111111111111111111111111111111111111111111111111111111111111111111111111111111111111111111111111111111111111111111111111111111111111111111111111	47606	1558282042
228.000000	228.000000	8116755143	40778	8116755143	1.000000  	LogFile:	_3lo_dsm_027.txt	1111111111111111111111111111111111111111111111111111111111111111111111111111111111111111111111111111111111111111111111111111111111111111111111111111111111111111111111111111111111111111111111111111111111111111111111111111111111111111111111111111111111111111111111111111111111111111111111111111111111111111111111111111111111111111111111111111111	40779	1558289089
228.000000	228.000000	6421140483	32342	6421140483	1.000000  	LogFile:	_3lo_dsm_028.txt	1111111111111111111111111111111111111111111111111111111111111111111111111111111111111111111111111111111111111111111111111111111111111111111111111111111111111111111111111111111111111111111111111111111111111111111111111111111111111111111111111111111111111111111111111111111111111111111111111111111111111111111111111111111111111111111111111111111	32342	1558295613
228.000000	228.000000	5486560781	28163	5486560781	1.000000  	LogFile:	_3lo_dsm_029.txt	1111111111111111111111111111111111111111111111111111111111111111111111111111111111111111111111111111111111111111111111111111111111111111111111111111111111111111111111111111111111111111111111111111111111111111111111111111111111111111111111111111111111111111111111111111111111111111111111111111111111111111111111111111111111111111111111111111111	28163	1558297223
