1.000000	1.000000	180221143	1714	180221143	0.590000  	LogFile:	_3lo_000.txt	0101111110000011110110101111101011111100010101101111100111110001010111000100011100101100100110111010	1714	1558524779
1.000000	1.000000	215132436	2022	215132436	0.530000  	LogFile:	_3lo_001.txt	0101011000011001111110101011101110000111100101001011110110001110101001001001101110010110000000110111	2022	1558524784
1.000000	1.000000	67582535	701	67582535	0.480000  	LogFile:	_3lo_002.txt	1001001101000100001010111100001001110100101000011111110001100101011011000111011100001111111000001000	701	1558524789
1.000000	1.000000	95154229	970	95154229	0.410000  	LogFile:	_3lo_003.txt	0100011000100110101100010000011000011011000100000010101111100110111110010100001010000110110010000100	970	1558524794
1.000000	1.000000	110734596	1097	110734596	0.460000  	LogFile:	_3lo_004.txt	1101001110001001000010011101001000001010010000111101111101101011000000010010101101010101111000000111	1097	1558524799
1.000000	1.000000	110335458	1125	110335458	0.530000  	LogFile:	_3lo_005.txt	0010010000001010000110001111010010001101101011001010111011111010011101100110010111111100001111110110	1125	1558524804
1.000000	1.000000	171195957	1623	171195957	0.520000  	LogFile:	_3lo_006.txt	0101000011011000100011000011010001101111110000111111100001011110000111011010111001101111101101000001	1623	1558524809
1.000000	1.000000	160584356	1531	160584356	0.430000  	LogFile:	_3lo_007.txt	0110000101000001000001000001010010010110100000011111001110101111101101101110110001011000001000000111	1531	1558524814
1.000000	1.000000	84423220	856	84423220	0.550000  	LogFile:	_3lo_008.txt	1011101011001010010101000011110101101101111110110110111011000001110101000110010100101001110000111110	856	1558524819
1.000000	1.000000	67891303	756	67891303	0.590000  	LogFile:	_3lo_009.txt	0011100101100101101101110110101001111111111110000100010000100101101101010101011011101110101111101110	756	1558524824
1.000000	1.000000	41497320	489	41497320	0.420000  	LogFile:	_3lo_010.txt	0011010100101000110101000100000011011101011010101000001101100110010011001101010010000110101001010000	489	1558524829
1.000000	1.000000	41925954	501	41925954	0.480000  	LogFile:	_3lo_011.txt	0001100100011110100101101111111010011010111100010011101000001110001001000011010011001110110101000000	501	1558524834
1.000000	1.000000	157875589	1515	157875589	0.480000  	LogFile:	_3lo_012.txt	1011000101111000101110111110000010011011001000011110000011011010001100100010001101101010100100110110	1515	1558524839
1.000000	1.000000	51151159	579	51151159	0.580000  	LogFile:	_3lo_013.txt	1110011111101011000110001010111100011010101011000110011011101011011111001001101001101101001001011111	579	1558524844
1.000000	1.000000	102117804	1069	102117804	0.440000  	LogFile:	_3lo_014.txt	1011111100011011100110100101110101001100100100000000000000000110110110110110001000111101000100110000	1069	1558524849
1.000000	1.000000	65465224	697	65465224	0.520000  	LogFile:	_3lo_015.txt	0110111001001100101110000010010011001110101011001100110101010001101011001001001110011010111111100011	697	1558524854
1.000000	1.000000	26220160	353	26220160	0.460000  	LogFile:	_3lo_016.txt	1000101100100101100011000010110000110101101100111010000001011001001001010101111001011110000001011110	353	1558524859
1.000000	1.000000	30002301	368	30002301	0.570000  	LogFile:	_3lo_017.txt	1111110101000111111010010000011100110000100010111001001110100111111000110111011010110111010110101101	368	1558524864
1.000000	1.000000	46055650	544	46055650	0.490000  	LogFile:	_3lo_018.txt	0101100001000100001101000010111101011101011110110110000010000110111110101100001100101111001010110001	544	1558524869
1.000000	1.000000	71295116	758	71295116	0.440000  	LogFile:	_3lo_019.txt	0101010001011011010100000001101111110100011010100110000110110000100001110100110100000011110100010100	758	1558524874
1.000000	1.000000	13070178	207	13070178	0.520000  	LogFile:	_3lo_020.txt	1111001101010110100111100000100101001111010100011110000010101000101011101001001111001001111000111110	207	1558524879
1.000000	1.000000	39478950	460	39478950	0.480000  	LogFile:	_3lo_021.txt	1001010001111010101010011001110111110000100110011011010100101111011100101010110000001111000000010000	461	1558524884
1.000000	1.000000	179585135	1775	179585135	0.440000  	LogFile:	_3lo_022.txt	0001000001111000101000100011110100001000100111000111101110110100110001000011110000101001010111100100	1776	1558524889
1.000000	1.000000	123835763	1155	123835763	0.400000  	LogFile:	_3lo_023.txt	1001001010111000000010110001010000000101101001010101000000110001011101010101111100011010000001010001	1155	1558525089
1.000000	1.000000	85382856	849	85382856	0.530000  	LogFile:	_3lo_024.txt	0000000010111101110000111011000010001100011001100001111101010101110011011111111111111111000000001011	849	1558525214
1.000000	1.000000	48830544	484	48830544	0.470000  	LogFile:	_3lo_025.txt	1001000000011101001110001010111100000100110001011101101010111111101010010101001011110000110000110000	484	1558525234
1.000000	1.000000	131516999	1237	131516999	0.560000  	LogFile:	_3lo_026.txt	0111001111001110011010001110011110000101111100010111010101010010100100010101110011111010111110110001	1238	1558525320
1.000000	1.000000	22321306	248	22321306	0.580000  	LogFile:	_3lo_027.txt	1111110001010111010101001110101001111010110001111100010100001101110001101100101111100101101101011101	249	1558525337
1.000000	1.000000	128365933	1240	128365933	0.560000  	LogFile:	_3lo_028.txt	1101100101101111011101000011100101001101011111101001110011000000001111011010101011001111010011111000	1241	1558525345
1.000000	1.000000	66886403	675	66886403	0.600000  	LogFile:	_3lo_029.txt	1000010010100011101101100111000101101110101111011111111011101001111110100011110000001110111101101101	675	1558525414
