100.000000	100.000000	8702366	15	8702366	0.000000	0000000000000000000000000000000000000000000000000000000000000000000000000000000000000000000000000000	15	1569859180
100.000000	100.000000	10818866	19	10818866	0.000000	0000000000000000000000000000000000000000000000000000000000000000000000000000000000000000000000000000	19	1569859197
100.000000	100.000000	10679083	18	10679083	0.000000	0000000000000000000000000000000000000000000000000000000000000000000000000000000000000000000000000000	18	1569859205
100.000000	100.000000	8135768	14	8135768	1.000000	1111111111111111111111111111111111111111111111111111111111111111111111111111111111111111111111111111	14	1569859216
100.000000	100.000000	10916423	19	10916423	0.000000	0000000000000000000000000000000000000000000000000000000000000000000000000000000000000000000000000000	19	1569859221
100.000000	100.000000	10129267	17	10129267	0.000000	0000000000000000000000000000000000000000000000000000000000000000000000000000000000000000000000000000	17	1569859226
100.000000	100.000000	12298209	21	12298209	0.000000	0000000000000000000000000000000000000000000000000000000000000000000000000000000000000000000000000000	21	1569859234
100.000000	100.000000	6182941	11	6182941	1.000000	1111111111111111111111111111111111111111111111111111111111111111111111111111111111111111111111111111	11	1569859242
100.000000	100.000000	8538676	11	8538676	1.000000	1111111111111111111111111111111111111111111111111111111111111111111111111111111111111111111111111111	11	1569859247
100.000000	100.000000	5211274	6	5211274	1.000000	1111111111111111111111111111111111111111111111111111111111111111111111111111111111111111111111111111	6	1569859255
100.000000	100.000000	10643218	17	10643218	1.000000	1111111111111111111111111111111111111111111111111111111111111111111111111111111111111111111111111111	17	1569859260
100.000000	100.000000	10637659	17	10637659	0.000000	0000000000000000000000000000000000000000000000000000000000000000000000000000000000000000000000000000	17	1569859268
100.000000	100.000000	8822992	11	8822992	1.000000	1111111111111111111111111111111111111111111111111111111111111111111111111111111111111111111111111111	11	1569859273
100.000000	100.000000	8676884	11	8676884	0.000000	0000000000000000000000000000000000000000000000000000000000000000000000000000000000000000000000000000	11	1569859278
100.000000	100.000000	14145158	25	14145158	0.000000	0000000000000000000000000000000000000000000000000000000000000000000000000000000000000000000000000000	25	1569859286
100.000000	100.000000	10484241	18	10484241	0.000000	0000000000000000000000000000000000000000000000000000000000000000000000000000000000000000000000000000	18	1569859291
100.000000	100.000000	5827831	10	5827831	1.000000	1111111111111111111111111111111111111111111111111111111111111111111111111111111111111111111111111111	10	1569859296
100.000000	100.000000	7057852	12	7057852	0.000000	0000000000000000000000000000000000000000000000000000000000000000000000000000000000000000000000000000	12	1569859301
100.000000	100.000000	5903920	6	5903920	0.000000	0000000000000000000000000000000000000000000000000000000000000000000000000000000000000000000000000000	6	1569859309
100.000000	100.000000	8896517	13	8896517	0.000000	0000000000000000000000000000000000000000000000000000000000000000000000000000000000000000000000000000	13	1569859314
100.000000	100.000000	5615005	10	5615005	1.000000	1111111111111111111111111111111111111111111111111111111111111111111111111111111111111111111111111111	10	1569859319
100.000000	100.000000	10646092	12	10646092	1.000000	1111111111111111111111111111111111111111111111111111111111111111111111111111111111111111111111111111	12	1569859327
100.000000	100.000000	5803038	10	5803038	0.000000	0000000000000000000000000000000000000000000000000000000000000000000000000000000000000000000000000000	10	1569859332
100.000000	100.000000	5885976	6	5885976	0.000000	0000000000000000000000000000000000000000000000000000000000000000000000000000000000000000000000000000	6	1569859337
100.000000	100.000000	6090017	6	6090017	0.000000	0000000000000000000000000000000000000000000000000000000000000000000000000000000000000000000000000000	6	1569859345
100.000000	100.000000	4984968	5	4984968	0.000000	0000000000000000000000000000000000000000000000000000000000000000000000000000000000000000000000000000	5	1569859350
100.000000	100.000000	4318805	4	4318805	1.000000	1111111111111111111111111111111111111111111111111111111111111111111111111111111111111111111111111111	4	1569859355
100.000000	100.000000	8785799	9	8785799	0.000000	0000000000000000000000000000000000000000000000000000000000000000000000000000000000000000000000000000	9	1569859360
100.000000	100.000000	5883665	6	5883665	1.000000	1111111111111111111111111111111111111111111111111111111111111111111111111111111111111111111111111111	6	1569859365
100.000000	100.000000	5996987	6	5996987	1.000000	1111111111111111111111111111111111111111111111111111111111111111111111111111111111111111111111111111	6	1569859373
