100.000000	100.000000	14104665	23	14104665	1.000000	1111111111111111111111111111111111111111111111111111111111111111111111111111111111111111111111111111	23	1571215376
100.000000	100.000000	13868378	13	13868378	0.000000	0000000000000000000000000000000000000000000000000000000000000000000000000000000000000000000000000000	13	1571215399
100.000000	100.000000	11003642	10	11003642	0.000000	0000000000000000000000000000000000000000000000000000000000000000000000000000000000000000000000000000	10	1571215413
100.000000	100.000000	6022921	6	6022921	0.000000	0000000000000000000000000000000000000000000000000000000000000000000000000000000000000000000000000000	6	1571215424
100.000000	100.000000	7506956	7	7506956	1.000000	1111111111111111111111111111111111111111111111111111111111111111111111111111111111111111111111111111	7	1571215432
100.000000	100.000000	7384146	7	7384146	1.000000	1111111111111111111111111111111111111111111111111111111111111111111111111111111111111111111111111111	7	1571215440
100.000000	100.000000	6119333	6	6119333	1.000000	1111111111111111111111111111111111111111111111111111111111111111111111111111111111111111111111111111	6	1571215448
100.000000	100.000000	15574199	15	15574199	1.000000	1111111111111111111111111111111111111111111111111111111111111111111111111111111111111111111111111111	15	1571215456
100.000000	100.000000	5107533	5	5107533	0.000000	0000000000000000000000000000000000000000000000000000000000000000000000000000000000000000000000000000	5	1571215473
100.000000	100.000000	7253977	7	7253977	1.000000	1111111111111111111111111111111111111111111111111111111111111111111111111111111111111111111111111111	7	1571215481
100.000000	100.000000	14515123	14	14515123	0.000000	0000000000000000000000000000000000000000000000000000000000000000000000000000000000000000000000000000	14	1571215489
100.000000	100.000000	10985295	10	10985295	1.000000	1111111111111111111111111111111111111111111111111111111111111111111111111111111111111111111111111111	10	1571215503
100.000000	100.000000	5201065	5	5201065	0.000000	0000000000000000000000000000000000000000000000000000000000000000000000000000000000000000000000000000	5	1571215514
100.000000	100.000000	5248200	9	5248200	0.000000	0000000000000000000000000000000000000000000000000000000000000000000000000000000000000000000000000000	9	1571215522
100.000000	100.000000	10495506	10	10495506	0.000000	0000000000000000000000000000000000000000000000000000000000000000000000000000000000000000000000000000	10	1571215533
100.000000	100.000000	10324685	10	10324685	1.000000	1111111111111111111111111111111111111111111111111111111111111111111111111111111111111111111111111111	10	1571215544
100.000000	100.000000	6283184	6	6283184	0.000000	0000000000000000000000000000000000000000000000000000000000000000000000000000000000000000000000000000	6	1571215555
100.000000	100.000000	6205423	6	6205423	0.000000	0000000000000000000000000000000000000000000000000000000000000000000000000000000000000000000000000000	6	1571215563
100.000000	100.000000	10996837	10	10996837	0.000000	0000000000000000000000000000000000000000000000000000000000000000000000000000000000000000000000000000	10	1571215571
100.000000	100.000000	5998718	6	5998718	1.000000	1111111111111111111111111111111111111111111111111111111111111111111111111111111111111111111111111111	6	1571215582
100.000000	100.000000	12180691	12	12180691	1.000000	1111111111111111111111111111111111111111111111111111111111111111111111111111111111111111111111111111	12	1571215590
100.000000	100.000000	12443011	12	12443011	0.000000	0000000000000000000000000000000000000000000000000000000000000000000000000000000000000000000000000000	12	1571215604
100.000000	100.000000	7677238	8	7677238	0.000000	0000000000000000000000000000000000000000000000000000000000000000000000000000000000000000000000000000	8	1571215618
100.000000	100.000000	10747439	10	10747439	0.000000	0000000000000000000000000000000000000000000000000000000000000000000000000000000000000000000000000000	10	1571215626
100.000000	100.000000	12462801	11	12462801	0.000000	0000000000000000000000000000000000000000000000000000000000000000000000000000000000000000000000000000	11	1571215638
100.000000	100.000000	6154847	5	6154847	0.000000	0000000000000000000000000000000000000000000000000000000000000000000000000000000000000000000000000000	5	1571215652
100.000000	100.000000	7141687	6	7141687	1.000000	1111111111111111111111111111111111111111111111111111111111111111111111111111111111111111111111111111	6	1571215660
100.000000	100.000000	14719302	14	14719302	0.000000	0000000000000000000000000000000000000000000000000000000000000000000000000000000000000000000000000000	14	1571215668
100.000000	100.000000	10597212	9	10597212	0.000000	0000000000000000000000000000000000000000000000000000000000000000000000000000000000000000000000000000	9	1571215685
100.000000	100.000000	6502263	6	6502263	0.000000	0000000000000000000000000000000000000000000000000000000000000000000000000000000000000000000000000000	6	1571215696
