40.000000	40.000000	1986000132	6763	1986000132	0.300000  	LogFile:	_3lo_dsm_000.txt	0000000000000000000000000000000000000000111111111111111111110000000000000000000000000000001111111111	6763	1558525425
40.000000	40.000000	736776152	1577	736776152	0.400000  	LogFile:	_3lo_dsm_001.txt	0000000000111111111111111111110000000000000000000011111111111111111111000000000000000000000000000000	1577	1558525493
40.000000	40.000000	3380839819	14097	3380839819	0.600000  	LogFile:	_3lo_dsm_002.txt	0000000000000000000011111111111111111111111111111111111111111111111111000000000000000000001111111111	14097	1558525552
40.000000	40.000000	982236973	2507	982236973	0.500000  	LogFile:	_3lo_dsm_003.txt	1111111111111111111100000000001111111111000000000011111111110000000000000000000000000000001111111111	2507	1558525581
40.000000	40.000000	1737220691	6681	1737220691	0.700000  	LogFile:	_3lo_dsm_004.txt	1111111111000000000000000000000000000000111111111111111111111111111111111111111111111111111111111111	6681	1558525589
40.000000	40.000000	3807156893	15129	3807156893	0.300000  	LogFile:	_3lo_dsm_005.txt	0000000000111111111111111111110000000000000000000011111111110000000000000000000000000000000000000000	15129	1558525634
40.000000	40.000000	1534016300	5401	1534016300	0.500000  	LogFile:	_3lo_dsm_006.txt	1111111111000000000000000000001111111111111111111111111111110000000000000000000011111111110000000000	5401	1558525678
40.000000	40.000000	1729320830	5911	1729320830	0.400000  	LogFile:	_3lo_dsm_007.txt	0000000000000000000011111111110000000000000000000011111111110000000000000000000011111111111111111111	5911	1558525719
40.000000	40.000000	1408791944	4961	1408791944	0.600000  	LogFile:	_3lo_dsm_008.txt	0000000000000000000000000000001111111111111111111100000000001111111111111111111111111111111111111111	4961	1558525767
40.000000	40.000000	2728331059	10511	2728331059	0.700000  	LogFile:	_3lo_dsm_009.txt	1111111111000000000011111111110000000000111111111100000000001111111111111111111111111111111111111111	10511	1558525898
40.000000	40.000000	1752268207	8349	1752268207	0.400000  	LogFile:	_3lo_dsm_010.txt	0000000000000000000000000000000000000000111111111100000000001111111111000000000011111111111111111111	8349	1558525921
40.000000	40.000000	1832337521	7538	1832337521	0.600000  	LogFile:	_3lo_dsm_011.txt	1111111111000000000000000000001111111111111111111100000000001111111111111111111100000000001111111111	7538	1558525929
40.000000	40.000000	1110754149	3572	1110754149	0.600000  	LogFile:	_3lo_dsm_012.txt	0000000000111111111100000000001111111111111111111111111111110000000000111111111100000000001111111111	3572	1558526064
40.000000	40.000000	1221081788	3991	1221081788	0.500000  	LogFile:	_3lo_dsm_013.txt	0000000000000000000011111111111111111111111111111111111111110000000000000000000011111111110000000000	3991	1558526090
40.000000	40.000000	1610745841	5449	1610745841	0.200000  	LogFile:	_3lo_dsm_014.txt	0000000000000000000000000000000000000000111111111100000000000000000000000000000011111111110000000000	5449	1558526245
40.000000	40.000000	4430240899	23506	4430240899	0.200000  	LogFile:	_3lo_dsm_015.txt	0000000000000000000000000000000000000000000000000000000000001111111111111111111100000000000000000000	23506	1558526346
40.000000	40.000000	2352574300	9574	2352574300	0.700000  	LogFile:	_3lo_dsm_016.txt	1111111111000000000000000000001111111111111111111111111111111111111111000000000011111111111111111111	9574	1558526354
40.000000	40.000000	1628658013	4955	1628658013	0.300000  	LogFile:	_3lo_dsm_017.txt	0000000000111111111111111111111111111111000000000000000000000000000000000000000000000000000000000000	4955	1558526435
40.000000	40.000000	2315549929	8576	2315549929	0.600000  	LogFile:	_3lo_dsm_018.txt	0000000000000000000011111111110000000000111111111111111111111111111111111111111100000000001111111111	8576	1558526494
40.000000	40.000000	5940559724	33365	5940559724	0.700000  	LogFile:	_3lo_dsm_019.txt	1111111111111111111111111111111111111111111111111100000000000000000000111111111111111111110000000000	33365	1558526559
40.000000	40.000000	1412451181	4902	1412451181	0.700000  	LogFile:	_3lo_dsm_020.txt	0000000000111111111111111111111111111111111111111111111111110000000000111111111100000000001111111111	4902	1558526588
40.000000	40.000000	2832300390	13169	2832300390	0.500000  	LogFile:	_3lo_dsm_021.txt	0000000000000000000000000000001111111111111111111100000000000000000000111111111111111111111111111111	13169	1558526668
40.000000	40.000000	1441040927	6310	1441040927	0.600000  	LogFile:	_3lo_dsm_022.txt	1111111111000000000011111111110000000000000000000011111111111111111111111111111100000000001111111111	6310	1558526809
40.000000	40.000000	842280591	2542	842280591	0.400000  	LogFile:	_3lo_dsm_023.txt	0000000000000000000011111111111111111111000000000011111111110000000000000000000000000000001111111111	2543	1558527072
40.000000	40.000000	3525793606	13353	3525793606	0.200000  	LogFile:	_3lo_dsm_024.txt	0000000000000000000000000000001111111111000000000000000000000000000000111111111100000000000000000000	13353	1558528091
40.000000	40.000000	7904743021	38911	7904743021	0.300000  	LogFile:	_3lo_dsm_025.txt	1111111111111111111100000000000000000000111111111100000000000000000000000000000000000000000000000000	38911	1558529615
40.000000	40.000000	933772321	2926	933772321	0.700000  	LogFile:	_3lo_dsm_026.txt	0000000000111111111100000000000000000000111111111111111111111111111111111111111111111111111111111111	2926	1558529638
40.000000	40.000000	3471131838	12618	3471131838	0.200000  	LogFile:	_3lo_dsm_027.txt	0000000000000000000000000000000000000000000000000000000000000000000000111111111100000000001111111111	12618	1558530084
40.000000	40.000000	2003819783	7512	2003819783	0.500000  	LogFile:	_3lo_dsm_028.txt	0000000000111111111111111111110000000000111111111111111111110000000000111111111100000000000000000000	7512	1558530729
40.000000	40.000000	3679972638	14739	3679972638	0.500000  	LogFile:	_3lo_dsm_029.txt	0000000000111111111100000000000000000000000000000011111111110000000000111111111111111111111111111111	14739	1558531082
