40.000000	40.000000	85475	0	85475	0.800000	llinkGens:	5	linkTime:	0.05	linkFFE:	61872	totalInd:	4		1111111111000000000011111111111111111111111111111111111111110000000000111111111111111111111111111111	0	1559221634
40.000000	40.000000	85532	0	85532	0.600000	llinkGens:	5	linkTime:	0.05	linkFFE:	61872	totalInd:	4		0000000000111111111111111111111111111111000000000011111111111111111111000000000011111111110000000000	0	1559221642
40.000000	40.000000	85676	0	85676	0.700000	llinkGens:	5	linkTime:	0.05	linkFFE:	61872	totalInd:	4		1111111111000000000000000000001111111111111111111100000000001111111111111111111111111111111111111111	0	1559221647
40.000000	40.000000	85600	0	85600	0.600000	llinkGens:	5	linkTime:	0.05	linkFFE:	61872	totalInd:	4		0000000000111111111100000000001111111111111111111100000000001111111111000000000011111111111111111111	0	1559221652
40.000000	40.000000	85450	0	85450	0.400000	llinkGens:	5	linkTime:	0.05	linkFFE:	61872	totalInd:	4		0000000000111111111111111111110000000000000000000000000000001111111111111111111100000000000000000000	0	1559221657
40.000000	40.000000	85510	0	85510	0.500000	llinkGens:	5	linkTime:	0.05	linkFFE:	61872	totalInd:	4		0000000000111111111100000000001111111111111111111100000000000000000000000000000011111111111111111111	0	1559221665
40.000000	40.000000	85532	0	85532	0.600000	llinkGens:	5	linkTime:	0.05	linkFFE:	61872	totalInd:	4		1111111111111111111111111111111111111111000000000011111111110000000000000000000011111111110000000000	0	1559221670
40.000000	40.000000	85631	0	85631	0.500000	llinkGens:	5	linkTime:	0.05	linkFFE:	61872	totalInd:	4		0000000000111111111100000000001111111111111111111111111111110000000000000000000011111111110000000000	0	1559221675
40.000000	40.000000	85691	0	85691	0.400000	llinkGens:	5	linkTime:	0.05	linkFFE:	61872	totalInd:	4		0000000000000000000000000000000000000000111111111111111111110000000000111111111100000000001111111111	0	1559221680
40.000000	40.000000	85801	0	85801	0.500000	llinkGens:	5	linkTime:	0.05	linkFFE:	61872	totalInd:	4		1111111111000000000000000000001111111111000000000011111111110000000000000000000011111111111111111111	0	1559221688
40.000000	40.000000	85556	0	85556	0.400000	llinkGens:	5	linkTime:	0.05	linkFFE:	61872	totalInd:	4		1111111111000000000011111111111111111111000000000000000000000000000000111111111100000000000000000000	0	1559221693
40.000000	40.000000	85729	0	85729	0.500000	llinkGens:	5	linkTime:	0.05	linkFFE:	61872	totalInd:	4		0000000000111111111111111111111111111111111111111100000000000000000000000000000000000000001111111111	0	1559221698
40.000000	40.000000	85642	0	85642	0.600000	llinkGens:	5	linkTime:	0.05	linkFFE:	61872	totalInd:	4		0000000000111111111111111111111111111111000000000011111111110000000000111111111111111111110000000000	0	1559221703
40.000000	40.000000	85661	0	85661	0.600000	llinkGens:	5	linkTime:	0.05	linkFFE:	61872	totalInd:	4		1111111111000000000011111111110000000000111111111111111111111111111111000000000011111111110000000000	0	1559221711
40.000000	40.000000	85740	0	85740	0.400000	llinkGens:	5	linkTime:	0.05	linkFFE:	61872	totalInd:	4		1111111111000000000011111111110000000000000000000011111111110000000000000000000000000000001111111111	0	1559221716
40.000000	40.000000	84620	0	84620	0.400000	llinkGens:	5	linkTime:	0.04	linkFFE:	60872	totalInd:	4		0000000000000000000011111111110000000000111111111100000000001111111111000000000011111111110000000000	0	1559221721
40.000000	40.000000	85460	0	85460	0.500000	llinkGens:	5	linkTime:	0.05	linkFFE:	61872	totalInd:	4		1111111111000000000000000000001111111111000000000011111111111111111111000000000011111111110000000000	0	1559221726
40.000000	40.000000	85473	0	85473	0.800000	llinkGens:	5	linkTime:	0.04	linkFFE:	61872	totalInd:	4		1111111111111111111111111111110000000000111111111111111111111111111111111111111111111111110000000000	0	1559221734
40.000000	40.000000	85759	0	85759	0.500000	llinkGens:	5	linkTime:	0.05	linkFFE:	61872	totalInd:	4		0000000000111111111111111111110000000000000000000011111111110000000000000000000011111111111111111111	0	1559221739
40.000000	40.000000	85970	0	85970	0.400000	llinkGens:	5	linkTime:	0.05	linkFFE:	61872	totalInd:	4		0000000000000000000011111111110000000000111111111111111111110000000000111111111100000000000000000000	0	1559221744
40.000000	40.000000	85608	0	85608	0.300000	llinkGens:	5	linkTime:	0.05	linkFFE:	61872	totalInd:	4		0000000000000000000000000000000000000000000000000011111111111111111111000000000011111111110000000000	0	1559221749
40.000000	40.000000	85617	0	85617	0.500000	llinkGens:	5	linkTime:	0.05	linkFFE:	61872	totalInd:	4		1111111111000000000000000000001111111111000000000000000000001111111111111111111111111111110000000000	0	1559221757
40.000000	40.000000	85649	0	85649	0.500000	llinkGens:	5	linkTime:	0.05	linkFFE:	61872	totalInd:	4		0000000000111111111111111111110000000000000000000011111111111111111111000000000000000000001111111111	0	1559221762
40.000000	40.000000	85474	0	85474	0.500000	llinkGens:	5	linkTime:	0.05	linkFFE:	61872	totalInd:	4		1111111111000000000000000000001111111111000000000011111111111111111111111111111100000000000000000000	0	1559221767
40.000000	40.000000	85743	0	85743	0.400000	llinkGens:	5	linkTime:	0.05	linkFFE:	61872	totalInd:	4		1111111111111111111100000000000000000000000000000000000000001111111111000000000011111111110000000000	0	1559221772
40.000000	40.000000	85805	0	85805	0.500000	llinkGens:	5	linkTime:	0.05	linkFFE:	61872	totalInd:	4		1111111111000000000000000000000000000000111111111111111111110000000000111111111100000000001111111111	0	1559221780
40.000000	40.000000	85544	0	85544	0.400000	llinkGens:	5	linkTime:	0.05	linkFFE:	61872	totalInd:	4		1111111111000000000011111111111111111111000000000000000000001111111111000000000000000000000000000000	0	1559221785
40.000000	40.000000	85609	1	85609	0.400000	llinkGens:	5	linkTime:	0.05	linkFFE:	61872	totalInd:	4		1111111111111111111100000000000000000000000000000000000000001111111111000000000011111111110000000000	1	1559221790
40.000000	40.000000	85861	1	85861	0.400000	llinkGens:	5	linkTime:	0.05	linkFFE:	61872	totalInd:	4		0000000000111111111111111111110000000000000000000000000000001111111111111111111100000000000000000000	1	1559221795
40.000000	40.000000	85520	1	85520	0.400000	llinkGens:	5	linkTime:	0.05	linkFFE:	61872	totalInd:	4		1111111111111111111100000000001111111111000000000000000000001111111111000000000000000000000000000000	1	1559221803
