198.000000	198.000000	1005387	4	1005387	0.409091	llinkGens:	5	linkTime:	3.14	linkFFE:	981184	totalInd:	4		000000000000111111000000000000000000111111111111111111111111000000000000000000111111000000000000000000000000000000111111000000000000000000111111111111000000111111111111111111000000000000111111111111111111000000000000000000000000000000000000000000111111000000111111000000000000000000000000111111111111000000000000000000111111111111000000111111111111111111111111000000111111000000000000000000111111	4	1512205899
198.000000	198.000000	1004771	4	1004771	0.439394	llinkGens:	5	linkTime:	3.17	linkFFE:	980376	totalInd:	4		111111000000000000000000111111111111000000111111000000000000000000111111000000000000111111000000000000000000000000000000000000000000111111111111111111111111111111111111000000000000111111111111000000111111000000111111111111000000111111000000000000111111000000000000111111000000111111111111111111111111000000111111000000000000000000000000000000000000000000111111111111111111000000000000000000111111	4	1512205907
198.000000	198.000000	1007758	4	1007758	0.560606	llinkGens:	5	linkTime:	3.20	linkFFE:	982848	totalInd:	4		111111111111111111111111111111000000111111111111111111111111111111000000111111000000111111111111000000000000111111000000000000000000111111000000111111111111000000000000000000000000111111000000111111111111000000000000111111000000111111111111111111111111000000000000111111111111111111111111000000111111000000111111000000111111000000111111000000111111000000111111000000000000111111111111000000000000	4	1512205915
198.000000	198.000000	1004751	4	1004751	0.515152	llinkGens:	5	linkTime:	3.19	linkFFE:	980376	totalInd:	4		000000111111111111111111111111000000000000111111111111111111111111000000000000000000111111111111111111000000111111000000111111111111000000000000000000111111111111111111000000111111000000000000111111000000111111000000111111111111111111000000111111111111000000000000111111111111000000111111000000000000111111000000000000000000111111111111000000000000000000111111000000111111111111000000000000000000	4	1512205923
198.000000	198.000000	1006312	4	1006312	0.560606	llinkGens:	5	linkTime:	3.15	linkFFE:	982008	totalInd:	4		111111111111111111111111111111111111000000000000111111111111111111111111000000111111000000000000000000000000111111111111111111000000000000111111000000111111111111111111000000000000111111000000111111111111111111111111111111000000000000000000000000111111111111111111111111111111000000111111000000000000111111111111000000000000000000111111000000111111000000111111000000000000111111000000111111000000	4	1512205931
198.000000	198.000000	1007506	4	1007506	0.530303	llinkGens:	5	linkTime:	3.13	linkFFE:	982848	totalInd:	4		111111000000000000000000000000000000111111000000111111111111111111111111000000111111000000111111000000111111000000111111111111111111111111000000111111000000000000000000111111000000111111111111000000111111111111111111000000000000111111111111000000111111000000111111000000111111111111000000111111000000111111111111000000111111111111111111000000111111000000000000000000000000000000111111111111000000	4	1512205939
198.000000	198.000000	1004560	4	1004560	0.560606	llinkGens:	5	linkTime:	3.13	linkFFE:	980376	totalInd:	4		000000111111111111000000000000111111111111000000111111000000111111111111000000111111111111000000111111111111000000000000000000000000111111000000111111111111111111111111111111000000000000111111000000111111000000111111000000000000111111111111111111111111111111000000000000111111111111000000111111111111000000000000111111111111000000111111000000000000111111000000000000000000111111111111111111111111	4	1512205944
198.000000	198.000000	1005556	4	1005556	0.484848	llinkGens:	5	linkTime:	3.11	linkFFE:	981184	totalInd:	4		111111000000111111111111000000111111111111111111111111000000000000111111111111000000111111000000000000000000111111000000000000000000000000111111000000111111111111000000000000000000000000111111111111111111111111000000111111111111000000111111000000000000111111111111111111111111111111111111111111111111000000000000000000000000000000111111000000000000000000000000000000111111111111000000000000000000	4	1512205952
198.000000	198.000000	1009207	4	1009207	0.409091	llinkGens:	5	linkTime:	3.12	linkFFE:	984576	totalInd:	4		000000111111000000000000111111000000111111000000000000000000111111000000000000000000000000111111000000000000000000000000000000000000000000111111111111000000000000111111111111111111111111000000111111000000111111111111000000000000111111000000111111111111000000111111111111000000000000111111000000000000000000000000000000000000111111111111000000111111000000111111111111000000000000000000111111111111	4	1512205957
198.000000	198.000000	681022	3	681022	0.045455	llinkGens:	4	linkTime:	2.12	linkFFE:	671753	totalInd:	2		000000000000000000000000000000000000000000000000000000000000000000000000000000000000000000000000000000000000000000000000000000000000000000000000000000000000000000000000000000000000000000000000000000111111000000000000000000000000000000000000000000000000000000000000000000000000000000000000000000000000000000111111000000000000000000000000111111000000000000000000000000000000000000000000000000000000	3	1512205965
198.000000	198.000000	1009142	4	1009142	0.545455	llinkGens:	5	linkTime:	3.12	linkFFE:	984512	totalInd:	4		000000111111111111000000000000111111000000000000000000111111111111111111000000000000000000000000000000111111111111111111000000111111111111000000111111111111000000000000000000111111111111000000000000111111111111111111111111111111000000111111111111111111111111111111000000111111000000111111000000111111000000000000000000111111111111111111111111000000111111111111111111000000111111000000000000000000	4	1512205970
198.000000	198.000000	1007356	4	1007356	0.515152	llinkGens:	5	linkTime:	3.11	linkFFE:	982816	totalInd:	4		000000000000000000111111111111000000111111000000111111000000000000111111000000000000111111000000000000111111111111111111111111111111111111111111111111000000000000000000111111000000111111000000111111111111111111111111000000111111000000000000000000000000111111000000111111111111000000111111111111111111000000111111000000111111111111000000000000000000111111000000000000111111111111111111000000000000	4	1512205975
198.000000	198.000000	1004500	4	1004500	0.590909	llinkGens:	5	linkTime:	3.07	linkFFE:	980376	totalInd:	4		111111000000000000111111111111111111111111000000111111111111111111000000111111000000000000111111111111111111111111000000000000000000111111111111111111111111111111111111111111111111111111000000111111000000000000111111111111000000111111000000111111111111111111000000000000111111111111000000111111111111111111000000000000000000000000111111000000000000111111111111000000000000000000111111000000111111	4	1512205983
198.000000	198.000000	1005152	4	1005152	0.545455	llinkGens:	5	linkTime:	3.07	linkFFE:	981184	totalInd:	4		111111111111111111111111111111000000000000000000111111000000111111111111111111111111111111000000000000111111111111111111111111000000111111111111000000111111111111000000000000111111000000111111000000000000000000111111111111111111111111111111111111000000111111000000111111000000111111000000000000111111000000111111000000111111000000000000000000000000000000111111111111000000000000000000000000111111	4	1512205988
198.000000	198.000000	1005016	4	1005016	0.545455	llinkGens:	5	linkTime:	3.06	linkFFE:	980376	totalInd:	4		111111111111111111111111111111000000000000000000111111111111111111111111111111111111000000111111111111000000111111000000000000000000111111000000111111111111111111111111111111000000111111000000111111111111111111111111000000000000111111111111000000000000111111000000000000000000111111000000000000000000111111000000000000111111000000111111000000000000000000000000111111111111111111000000000000111111	4	1512205993
198.000000	198.000000	1007197	4	1007197	0.454545	llinkGens:	5	linkTime:	3.06	linkFFE:	982848	totalInd:	4		111111111111000000111111111111111111111111111111000000000000111111000000000000000000111111000000000000000000000000111111000000000000000000000000111111111111000000000000111111111111000000000000000000000000111111000000111111000000111111000000111111111111111111000000111111000000000000111111000000111111111111111111111111000000000000000000000000111111111111000000000000111111111111000000000000000000	4	1512206001
198.000000	198.000000	1005435	4	1005435	0.560606	llinkGens:	5	linkTime:	3.05	linkFFE:	981184	totalInd:	4		000000000000111111000000000000000000111111111111111111000000000000111111111111111111000000111111000000000000111111111111000000000000111111000000000000111111111111000000111111000000111111000000111111111111111111111111111111111111111111111111111111000000000000000000000000111111111111111111111111000000111111000000111111000000000000111111111111000000111111111111111111000000111111111111000000000000	4	1512206006
198.000000	198.000000	1004530	4	1004530	0.560606	llinkGens:	5	linkTime:	3.05	linkFFE:	980376	totalInd:	4		111111000000111111111111111111111111000000111111000000111111111111111111000000111111000000000000000000111111000000111111111111000000000000000000111111111111000000111111000000111111111111111111111111111111111111111111000000000000111111111111000000000000000000111111000000111111111111111111111111000000000000000000000000000000000000111111000000000000000000111111111111111111111111111111111111000000	4	1512206011
198.000000	198.000000	1006973	4	1006973	0.469697	llinkGens:	5	linkTime:	3.05	linkFFE:	982816	totalInd:	4		000000000000000000000000000000111111111111111111000000000000111111000000000000111111000000111111000000111111000000111111000000111111000000000000000000000000000000000000111111111111111111111111000000111111000000000000111111111111000000000000000000000000111111000000000000000000111111111111111111000000000000111111000000111111111111000000111111111111000000111111111111111111111111000000111111111111	4	1512206016
198.000000	198.000000	1007227	4	1007227	0.530303	llinkGens:	5	linkTime:	3.05	linkFFE:	982848	totalInd:	4		000000111111111111111111000000111111000000000000111111111111000000000000111111000000111111000000111111111111111111111111111111111111000000000000111111000000000000000000111111000000000000111111111111000000000000111111111111000000000000000000111111111111000000111111111111111111000000000000111111000000000000111111000000111111111111000000000000111111111111111111111111000000111111000000000000111111	4	1512206024
198.000000	198.000000	1006156	4	1006156	0.484848	llinkGens:	5	linkTime:	3.06	linkFFE:	982008	totalInd:	4		111111000000111111111111000000000000000000111111111111111111000000000000111111000000000000000000000000111111000000111111111111111111000000111111000000111111000000000000111111000000000000000000000000111111000000111111000000111111111111111111000000111111111111000000000000111111000000111111000000111111111111000000000000111111111111000000111111000000000000000000111111111111111111000000111111000000	4	1512206029
198.000000	198.000000	1005261	4	1005261	0.545455	llinkGens:	5	linkTime:	3.06	linkFFE:	981184	totalInd:	4		111111111111000000111111000000111111111111000000000000111111000000111111000000000000000000111111111111111111000000111111000000000000111111000000111111111111000000111111111111111111000000000000111111111111111111111111000000000000111111000000000000000000111111000000000000111111111111000000000000111111000000111111000000111111111111000000000000111111111111000000111111111111000000111111111111111111	4	1512206034
198.000000	198.000000	1004746	4	1004746	0.545455	llinkGens:	5	linkTime:	3.07	linkFFE:	980376	totalInd:	4		000000000000111111000000111111000000111111000000111111111111000000000000000000000000111111111111000000111111111111111111111111000000111111111111111111111111000000111111111111111111111111000000111111111111000000111111000000111111111111000000000000000000111111111111000000111111111111111111111111111111111111111111000000111111000000000000000000000000000000000000000000111111111111000000000000000000	4	1512206039
198.000000	198.000000	1008019	4	1008019	0.545455	llinkGens:	5	linkTime:	3.06	linkFFE:	983640	totalInd:	4		000000000000000000111111000000111111111111111111111111000000000000000000000000111111111111000000000000111111111111111111111111111111111111111111111111000000000000111111000000111111111111000000111111000000111111111111111111000000111111000000000000000000000000000000111111000000111111111111111111000000111111111111111111111111000000000000111111000000000000111111111111000000111111111111000000000000	4	1512206044
198.000000	198.000000	1005520	4	1005520	0.469697	llinkGens:	5	linkTime:	3.05	linkFFE:	981184	totalInd:	4		000000000000000000000000111111000000000000000000000000111111000000111111111111111111000000000000111111000000111111000000111111000000000000111111000000000000000000000000000000111111111111000000111111111111111111000000000000111111000000000000111111000000111111111111111111000000000000111111111111000000000000111111111111000000000000000000111111000000000000111111111111111111111111111111111111111111	4	1512206052
198.000000	198.000000	1006073	4	1006073	0.484848	llinkGens:	5	linkTime:	3.04	linkFFE:	982008	totalInd:	4		111111111111000000000000000000111111111111000000000000111111111111000000000000111111000000111111111111111111000000000000111111000000111111111111111111111111111111000000000000111111111111000000111111111111111111000000111111111111000000000000000000000000111111000000000000111111000000000000111111000000000000000000000000111111111111111111000000000000000000000000111111111111000000000000000000111111	4	1512206057
198.000000	198.000000	1004381	4	1004381	0.484848	llinkGens:	5	linkTime:	3.06	linkFFE:	980376	totalInd:	4		000000111111111111000000000000111111111111111111000000000000000000000000000000111111111111000000000000111111000000000000111111000000111111111111111111000000000000111111111111111111111111000000000000000000111111111111000000111111000000111111000000000000000000000000000000111111111111111111111111111111000000000000000000000000111111111111000000111111000000000000111111000000111111111111111111000000	4	1512206062
198.000000	198.000000	1005540	4	1005540	0.500000	llinkGens:	5	linkTime:	3.05	linkFFE:	981184	totalInd:	4		111111000000111111000000000000111111111111111111111111000000000000111111111111000000000000000000111111111111111111000000111111111111000000111111111111000000111111000000000000000000000000000000000000000000111111000000000000111111111111000000000000111111111111000000111111000000111111000000111111111111000000000000111111000000000000111111111111111111111111000000111111111111111111000000000000000000	4	1512206067
198.000000	198.000000	1005694	4	1005694	0.590909	llinkGens:	5	linkTime:	3.05	linkFFE:	981184	totalInd:	4		000000111111111111111111000000111111111111111111000000111111111111000000111111000000000000111111111111000000000000000000111111000000000000111111111111111111000000111111111111111111000000111111111111111111111111111111000000000000111111111111000000111111000000111111000000111111111111111111000000000000000000111111111111000000111111000000111111000000000000000000111111111111111111000000111111111111	4	1512206072
198.000000	198.000000	1005589	4	1005589	0.575758	llinkGens:	5	linkTime:	3.06	linkFFE:	981184	totalInd:	4		000000000000111111000000000000111111111111111111000000111111000000111111111111000000000000000000111111111111111111000000000000111111111111111111111111111111000000000000000000000000111111111111000000111111111111000000111111111111111111111111111111111111111111000000000000000000000000000000000000111111111111111111000000111111111111000000000000111111000000111111111111111111111111111111111111000000	4	1512206080
198.000000	198.000000	1004317	3	1004317	0.530303	llinkGens:	5	linkTime:	3.06	linkFFE:	980376	totalInd:	4		111111000000000000000000111111111111000000111111000000000000000000111111111111111111000000111111111111000000000000000000000000111111111111000000111111000000111111111111000000000000111111111111000000111111111111111111000000000000111111000000000000111111000000000000000000111111000000111111111111111111111111111111111111000000000000111111111111000000111111111111111111111111000000111111000000000000	3	1512206086
198.000000	198.000000	1006164	3	1006164	0.530303	llinkGens:	5	linkTime:	3.04	linkFFE:	981992	totalInd:	4		111111000000000000111111111111111111111111000000000000111111000000000000000000000000111111000000000000000000000000000000111111111111111111111111000000000000000000000000000000111111111111000000111111111111111111111111111111111111000000111111111111000000111111000000111111111111111111111111111111111111000000111111000000111111111111111111111111000000000000000000000000111111000000000000000000111111	3	1512206091
198.000000	198.000000	1008176	3	1008176	0.515152	llinkGens:	5	linkTime:	3.04	linkFFE:	983704	totalInd:	4		000000000000000000111111111111111111000000111111000000111111111111000000000000000000000000111111000000111111000000111111000000000000111111111111000000111111000000000000000000111111111111000000000000000000111111000000111111111111000000111111111111000000111111000000111111000000111111111111111111000000111111111111111111000000111111111111111111111111000000000000000000111111000000111111000000111111	3	1512206096
198.000000	198.000000	1004584	3	1004584	0.424242	llinkGens:	5	linkTime:	3.05	linkFFE:	980376	totalInd:	4		000000111111000000111111000000111111111111000000000000111111000000111111000000000000111111000000111111000000000000111111000000000000000000000000111111000000111111000000111111000000111111000000111111111111111111000000000000111111000000000000000000000000000000111111111111111111000000111111000000111111000000000000000000000000000000111111111111111111111111000000000000111111000000111111000000000000	3	1512206101
198.000000	198.000000	1007563	3	1007563	0.469697	llinkGens:	5	linkTime:	3.05	linkFFE:	982816	totalInd:	4		000000111111111111111111000000111111111111000000000000000000111111111111000000000000000000111111111111000000111111111111111111111111000000111111111111000000000000000000111111111111000000111111111111111111000000000000000000111111000000111111000000000000000000000000111111111111000000000000000000111111000000111111000000000000000000000000000000111111000000111111111111000000000000111111111111000000	3	1512206109
198.000000	198.000000	1006516	3	1006516	0.484848	llinkGens:	5	linkTime:	3.06	linkFFE:	982008	totalInd:	4		111111000000000000000000111111111111111111111111000000000000111111000000000000000000111111111111000000000000000000111111111111000000000000000000000000000000111111111111000000000000111111000000111111111111000000111111111111111111000000111111000000000000111111111111111111000000111111000000111111000000000000000000000000000000000000111111111111000000111111000000111111111111111111111111000000111111	3	1512206114
198.000000	198.000000	1005162	3	1005162	0.469697	llinkGens:	5	linkTime:	3.05	linkFFE:	981184	totalInd:	4		000000111111111111000000000000111111000000111111000000000000111111000000111111000000111111111111000000111111000000000000000000000000000000111111111111000000111111000000111111111111111111000000111111111111000000000000000000000000000000111111000000000000111111111111111111000000000000111111000000000000000000000000111111000000111111000000000000111111000000111111111111111111111111111111000000111111	3	1512206119
198.000000	198.000000	1006173	3	1006173	0.560606	llinkGens:	5	linkTime:	3.05	linkFFE:	982008	totalInd:	4		111111111111000000111111000000111111111111000000111111111111000000111111000000111111111111111111111111000000111111111111000000111111111111000000000000000000000000000000000000111111111111000000111111111111111111000000000000000000111111111111111111000000000000000000111111000000000000111111111111111111000000111111000000111111111111000000000000000000000000111111111111000000111111111111111111111111	3	1512206124
198.000000	198.000000	1007051	3	1007051	0.545455	llinkGens:	5	linkTime:	3.05	linkFFE:	982816	totalInd:	4		111111000000000000111111000000000000000000111111000000111111111111111111111111111111000000111111000000000000000000111111000000111111000000000000000000111111000000000000000000111111000000000000111111111111000000111111111111111111111111111111111111111111111111000000111111111111111111111111000000111111111111000000000000000000111111000000000000111111000000000000111111111111111111111111111111000000	3	1512206129
198.000000	198.000000	1008895	3	1008895	0.545455	llinkGens:	5	linkTime:	3.05	linkFFE:	984512	totalInd:	4		000000111111000000111111000000111111111111111111000000111111000000111111000000000000000000000000000000000000000000000000000000111111000000111111111111111111111111000000111111111111111111000000000000000000111111111111111111111111000000111111111111111111000000111111111111111111000000000000111111111111000000000000000000000000111111111111000000111111111111111111000000111111000000111111111111111111	3	1512206137
198.000000	198.000000	1007393	3	1007393	0.469697	llinkGens:	5	linkTime:	3.04	linkFFE:	982848	totalInd:	4		000000111111111111000000000000111111000000000000111111000000000000111111111111000000111111111111111111000000111111111111111111000000000000000000000000111111000000000000111111000000111111000000111111111111000000000000111111111111111111000000000000000000000000000000111111000000111111111111000000000000000000111111000000111111000000000000111111000000000000111111111111000000111111111111000000111111	3	1512206142
198.000000	198.000000	1005846	3	1005846	0.393939	llinkGens:	5	linkTime:	3.06	linkFFE:	981184	totalInd:	4		000000111111111111000000000000000000111111000000000000111111000000111111000000111111111111000000000000111111000000000000111111000000000000111111111111000000000000111111000000111111111111000000000000111111000000000000111111000000000000000000000000111111000000000000000000111111000000000000000000000000000000111111111111111111111111111111111111000000000000000000000000000000111111000000000000111111	3	1512206147
198.000000	198.000000	1005437	3	1005437	0.500000	llinkGens:	5	linkTime:	3.05	linkFFE:	981184	totalInd:	4		111111000000000000000000000000111111000000111111000000111111000000000000000000111111111111000000111111111111000000000000111111111111111111111111000000111111000000000000111111000000111111111111111111111111000000000000000000111111111111000000111111111111111111000000000000000000000000111111000000111111111111111111111111111111000000000000000000111111000000000000000000000000111111000000111111111111	3	1512206152
198.000000	198.000000	1006399	3	1006399	0.681818	llinkGens:	5	linkTime:	3.05	linkFFE:	982008	totalInd:	4		000000111111111111111111000000111111000000111111000000111111111111111111111111111111111111111111000000000000000000111111000000111111000000111111111111000000111111000000111111111111111111111111000000111111000000111111000000111111111111111111000000111111111111000000111111111111111111111111111111111111111111111111000000000000111111111111111111000000111111111111111111111111000000111111000000111111	3	1512206157
198.000000	198.000000	1006469	3	1006469	0.409091	llinkGens:	5	linkTime:	3.06	linkFFE:	982008	totalInd:	4		111111000000000000000000111111111111111111111111111111000000111111111111111111111111000000000000000000000000000000111111000000000000000000000000000000111111000000000000000000111111000000000000111111000000000000000000000000111111111111000000000000000000111111111111111111111111000000111111000000111111000000000000000000000000000000000000111111000000111111111111000000111111000000111111000000000000	3	1512206165
198.000000	198.000000	1008257	3	1008257	0.545455	llinkGens:	5	linkTime:	3.05	linkFFE:	983704	totalInd:	4		111111111111000000111111000000000000111111111111111111000000111111111111111111000000111111111111000000000000000000000000111111111111000000000000000000111111000000000000000000111111000000000000000000111111000000111111111111000000111111000000111111111111000000111111111111111111111111111111111111111111000000000000000000000000111111111111111111111111000000111111111111111111000000111111000000000000	3	1512206170
198.000000	198.000000	1005279	3	1005279	0.424242	llinkGens:	5	linkTime:	3.06	linkFFE:	981184	totalInd:	4		000000000000000000111111111111000000000000000000000000111111000000111111111111111111111111000000000000111111000000000000000000000000000000111111000000111111111111111111111111111111000000111111111111000000000000000000111111000000111111111111000000000000000000000000000000111111000000111111000000111111000000111111000000111111000000111111111111000000000000000000111111000000000000000000111111000000	3	1512206175
198.000000	198.000000	1006534	3	1006534	0.515152	llinkGens:	5	linkTime:	3.05	linkFFE:	982008	totalInd:	4		000000000000111111000000000000000000000000000000111111000000111111000000000000000000111111111111000000111111000000111111111111111111111111000000111111000000000000111111111111111111111111000000111111000000111111111111000000000000000000000000111111111111111111000000111111000000000000000000000000111111111111111111111111000000000000111111111111111111111111111111000000111111000000000000111111111111	3	1512206180
198.000000	198.000000	1009213	4	1009213	0.424242	llinkGens:	5	linkTime:	3.06	linkFFE:	984512	totalInd:	4		111111000000000000111111111111000000000000111111000000111111000000000000111111000000111111000000000000000000000000111111111111000000000000111111000000111111000000000000000000000000000000000000111111111111111111111111000000000000000000000000111111000000000000000000000000000000000000111111111111000000111111000000111111111111000000000000111111000000111111000000111111111111111111111111000000111111	4	1512206185
198.000000	198.000000	1004989	4	1004989	0.348485	llinkGens:	5	linkTime:	3.05	linkFFE:	981184	totalInd:	4		000000111111000000111111111111111111111111111111111111000000000000000000000000000000000000111111000000000000000000111111000000000000000000111111000000000000111111111111111111111111111111000000000000111111000000000000000000000000000000000000000000111111000000000000111111111111000000111111000000000000111111000000000000000000111111000000000000000000000000000000111111000000000000000000000000000000	4	1512206193
