198.000000	198.000000	10661651	27	10661651	0.560606	111111111111111111111111111111000000000000111111000000111111000000111111111111111111111111111111111111111111000000000000000000111111111111000000111111111111111111000000111111111111111111000000000000000000000000000000000000111111000000111111000000000000111111000000111111111111000000111111000000111111000000111111111111111111111111000000000000000000111111000000111111000000111111000000111111000000	27	1536833234
198.000000	198.000000	10901701	28	10901701	0.500000	111111000000111111000000111111000000000000000000000000000000000000111111000000111111000000111111111111000000111111000000111111111111111111000000111111000000000000111111111111000000000000111111111111000000111111000000000000000000000000000000111111111111000000111111000000111111111111111111111111000000000000111111000000111111111111000000000000111111000000111111111111111111111111000000000000111111	28	1536833248
198.000000	198.000000	12280100	32	12280100	0.469697	000000111111000000111111000000111111000000000000000000000000000000111111111111000000111111111111000000000000111111111111111111000000000000111111111111111111000000111111000000111111000000111111111111000000111111111111111111111111000000000000000000111111111111111111111111000000000000111111000000000000111111000000000000111111000000000000111111000000000000111111000000000000000000000000111111000000	32	1536833262
198.000000	198.000000	12197391	31	12197391	0.409091	111111111111111111111111111111000000000000000000000000111111000000000000111111111111000000000000000000111111000000111111111111111111000000111111111111111111000000000000000000111111000000111111000000000000000000000000111111000000000000000000000000000000111111000000000000111111000000000000111111111111111111000000000000000000111111000000000000000000111111000000000000000000000000111111000000111111	31	1536833276
198.000000	198.000000	11045877	29	11045877	0.560606	000000000000000000000000000000000000000000111111111111111111000000111111111111000000111111000000111111111111111111111111111111111111111111111111111111111111000000000000111111000000111111000000111111000000111111111111000000000000000000111111111111111111000000000000111111000000000000111111111111111111111111000000000000000000111111111111111111111111111111111111000000111111000000000000111111000000	29	1536833284
198.000000	198.000000	11081691	28	11081691	0.454545	000000000000000000000000111111000000111111111111000000000000000000111111111111000000000000111111111111000000111111000000111111000000111111000000000000000000000000111111111111000000111111111111000000000000000000111111000000111111000000111111000000000000111111111111000000111111000000111111111111000000111111000000000000111111000000000000111111111111000000000000111111111111111111000000111111000000	28	1536833295
198.000000	198.000000	12197590	31	12197590	0.560606	111111111111111111111111000000111111111111111111000000000000111111111111111111000000111111000000000000111111111111000000111111000000000000000000111111111111111111000000000000000000000000000000111111000000111111111111111111111111000000111111111111000000111111111111000000111111000000111111111111000000111111111111111111000000000000000000111111111111000000111111000000111111000000000000000000111111	31	1536833303
198.000000	198.000000	11920719	30	11920719	0.515152	000000000000000000111111000000000000000000111111111111000000111111111111111111111111111111111111000000111111000000000000111111000000111111000000000000111111000000111111000000111111000000111111111111000000000000111111111111000000000000000000000000111111000000111111000000000000111111000000111111111111111111000000111111111111111111000000111111000000000000000000111111111111111111111111111111000000	30	1536833311
198.000000	198.000000	11895261	30	11895261	0.469697	000000111111111111000000111111000000111111111111000000000000000000000000000000111111000000111111000000000000000000000000000000000000111111111111111111111111000000111111000000000000111111000000000000000000000000111111111111111111000000111111000000111111111111111111111111111111111111111111000000111111111111111111000000000000000000111111000000111111000000000000000000111111000000000000000000111111	30	1536833319
198.000000	198.000000	12242288	31	12242288	0.378788	000000111111111111000000000000000000000000111111000000000000000000111111111111000000000000111111000000000000111111111111000000000000000000000000000000000000000000111111000000000000000000000000111111000000111111000000000000000000111111111111111111000000111111000000000000111111000000111111111111111111000000111111000000111111111111111111000000000000000000111111000000000000000000000000111111000000	31	1536833327
198.000000	198.000000	12383838	32	12383838	0.454545	111111111111000000111111111111000000000000111111000000111111000000111111000000111111111111111111000000111111111111111111111111111111000000000000000000000000000000000000111111111111000000000000000000111111111111111111000000000000000000111111111111111111000000111111000000111111000000111111000000111111111111111111000000000000000000000000000000000000000000000000111111000000000000000000000000000000	32	1536833335
198.000000	198.000000	12427124	31	12427124	0.590909	111111111111111111000000111111000000111111000000111111111111111111000000000000000000111111000000111111111111000000111111111111000000000000000000111111000000000000111111000000111111111111000000111111111111111111111111000000000000000000111111111111000000000000111111111111111111000000000000000000111111000000111111000000000000111111111111111111111111111111111111111111111111111111111111111111000000	31	1536833343
198.000000	198.000000	12329257	31	12329257	0.606061	111111111111111111000000111111000000111111111111111111000000111111111111111111111111000000111111111111000000111111111111111111000000111111000000111111000000111111000000111111111111111111000000111111000000111111111111111111000000000000111111111111111111000000000000000000000000111111000000000000000000111111000000111111000000000000000000111111111111111111111111111111111111000000111111000000111111	31	1536833351
198.000000	198.000000	12160567	31	12160567	0.575758	111111111111111111000000000000111111111111000000111111000000000000000000111111000000111111111111111111000000111111111111111111111111111111000000111111111111111111111111000000000000111111111111111111000000111111000000111111111111000000000000111111000000111111000000000000111111111111111111000000111111000000000000111111000000111111000000000000111111111111111111111111111111000000000000000000000000	31	1536833359
198.000000	198.000000	10728055	27	10728055	0.454545	111111111111000000000000111111111111000000000000111111000000000000000000000000000000000000111111000000111111000000111111000000111111000000111111000000000000111111111111111111111111111111111111000000000000000000111111111111111111000000000000000000111111111111000000111111000000111111000000000000111111111111000000000000000000000000111111000000111111000000111111000000000000000000000000111111111111	27	1536833367
198.000000	198.000000	12312787	32	12312787	0.393939	111111000000000000000000000000111111000000111111000000000000000000111111111111111111111111000000000000000000000000000000000000111111111111000000000000000000000000000000111111000000111111111111000000000000000000111111000000000000111111000000000000000000000000111111000000111111000000000000111111000000000000000000111111111111000000111111000000000000000000111111111111111111000000111111111111111111	32	1536833375
198.000000	198.000000	11928926	32	11928926	0.560606	000000111111111111000000111111111111111111000000111111000000000000000000111111000000000000111111000000000000111111111111111111111111111111000000000000000000111111111111111111111111111111111111000000000000111111111111111111000000111111111111000000111111000000000000000000000000000000000000111111111111000000000000111111111111000000111111111111111111111111111111111111000000000000111111111111000000	32	1536833383
198.000000	198.000000	11961863	30	11961863	0.530303	111111111111111111000000000000000000111111111111111111111111000000111111000000111111111111000000000000000000111111000000000000000000000000111111111111111111111111000000000000111111000000000000111111111111111111111111000000000000000000000000111111000000111111000000000000000000111111111111111111000000111111111111111111000000111111000000111111000000000000111111000000111111111111111111111111000000	30	1536833391
198.000000	198.000000	12246491	32	12246491	0.560606	111111111111000000000000111111111111000000111111111111111111000000000000000000000000000000111111000000111111000000000000111111111111000000000000111111000000000000111111000000000000000000111111000000000000000000111111000000111111111111000000111111111111111111111111111111111111111111111111000000000000111111000000111111111111111111111111111111000000111111000000111111111111111111111111000000111111	32	1536833399
198.000000	198.000000	12026376	31	12026376	0.469697	000000111111000000000000111111000000111111111111000000111111000000000000000000000000000000000000111111000000111111111111111111000000111111000000111111111111000000000000111111000000000000111111000000000000000000000000111111000000111111111111111111111111000000111111000000000000111111111111111111000000000000000000111111000000111111000000111111000000111111000000000000111111111111111111000000111111	31	1536833407
198.000000	198.000000	12352035	32	12352035	0.560606	000000111111000000000000000000111111000000111111000000111111000000111111111111000000000000111111111111000000000000111111111111111111111111000000111111000000111111000000111111111111000000111111111111111111000000000000000000000000111111000000000000111111111111000000000000111111111111111111111111111111000000111111111111111111111111000000111111111111111111111111000000111111000000000000000000111111	32	1536833415
198.000000	198.000000	12245863	35	12245863	0.575758	000000000000000000111111111111111111000000000000000000000000111111000000111111111111000000111111111111000000000000111111111111111111111111111111000000111111111111000000111111111111111111000000111111111111000000111111000000000000111111111111111111111111000000111111111111111111111111000000000000111111000000000000111111000000111111000000000000000000111111111111111111111111000000111111000000111111	35	1536833423
198.000000	198.000000	11983131	31	11983131	0.530303	000000000000000000111111000000111111111111111111111111111111111111111111111111111111000000000000000000000000111111111111000000111111000000000000000000000000000000000000111111111111111111000000111111111111000000111111111111111111111111111111000000111111111111111111111111000000000000111111000000000000000000111111111111000000000000111111000000111111000000000000000000000000111111111111000000111111	31	1536833431
198.000000	198.000000	12358795	32	12358795	0.560606	111111000000111111111111111111111111111111000000111111000000000000111111000000111111111111000000111111111111111111111111111111111111000000000000111111111111111111000000000000000000000000111111111111111111000000000000111111000000111111000000000000111111111111111111000000000000000000111111111111000000000000111111000000111111000000111111000000000000111111111111000000111111000000000000111111111111	32	1536833439
198.000000	198.000000	12011478	33	12011478	0.439394	000000000000000000111111111111000000111111000000111111111111000000111111111111111111111111111111000000000000000000111111111111111111111111000000000000111111111111111111111111111111000000111111000000000000111111000000000000000000000000111111000000000000000000111111000000111111000000000000000000111111000000000000000000000000111111000000000000000000111111000000000000000000000000111111000000111111	33	1536833447
198.000000	198.000000	12284901	32	12284901	0.484848	111111111111000000000000111111000000111111000000111111111111111111000000000000111111111111111111111111111111000000111111111111000000000000000000000000111111000000111111111111111111000000000000111111111111000000000000111111000000111111000000000000111111000000111111111111000000000000000000111111000000111111000000000000111111000000000000111111111111000000000000000000000000000000111111111111000000	32	1536833455
198.000000	198.000000	11237582	28	11237582	0.590909	111111000000111111000000111111111111111111000000111111000000111111000000000000111111111111111111111111111111000000111111111111111111000000000000111111000000000000000000000000000000000000111111111111000000111111111111111111111111111111111111000000111111111111000000111111000000111111111111000000111111000000111111000000111111111111000000111111111111111111111111000000000000111111000000111111000000	28	1536833463
198.000000	198.000000	12301628	32	12301628	0.439394	000000000000111111000000111111000000111111000000111111000000000000000000000000111111111111111111000000111111111111000000111111000000000000000000111111000000111111111111111111000000000000111111111111000000000000000000111111111111111111000000000000000000000000000000000000000000000000000000000000000000000000111111000000111111000000111111000000111111111111111111111111111111000000000000111111111111	32	1536833471
198.000000	198.000000	12119728	31	12119728	0.469697	111111000000111111111111000000111111111111000000000000000000111111000000000000000000000000111111111111000000000000111111111111000000000000111111000000111111000000000000111111111111000000111111111111111111000000111111000000000000111111000000111111000000000000000000000000000000111111111111000000000000000000000000000000111111111111111111111111000000111111111111111111000000000000111111111111000000	31	1536833480
198.000000	198.000000	12482342	31	12482342	0.530303	000000111111111111111111111111000000111111111111000000111111000000000000000000111111000000111111111111000000111111111111111111000000000000111111111111111111000000111111111111111111111111000000000000000000000000000000111111111111000000111111000000111111000000111111000000000000000000000000000000111111111111111111000000000000111111111111000000111111000000000000111111111111111111111111000000000000	31	1536833488
