21.96 0010101111100010100110111001000000101011111000010001111001111110110100111010100000010000101000100101
79.328 1000010010100011101101100111000101101110101111011111111011101001111110100011110000001110111101101101
0.800529 0.346499 0.970085 0.490283 0.333294 0.33096 0.854609 0.831657 0.671172 0.841473 0.130599 0.173348 0.35281 0.501098 0.149769 0.0251016 0.0686493 0.995221 0.314214 0.649362 0.255924 0.471445 0.772559 0.395902 0.721374 0.391368 0.373005 0.677046 0.240483 0.0166841 0.792674 0.840349 0.345124 0.773619 0.0594698 0.643037 0.80307 0.688751 0.00705428 0.653437 0.0765094 0.904211 0.301184 0.51461 0.904308 0.137872 0.9936 0.556641 0.934072 0.671578 0.0983964 0.0690776 0.975438 0.548892 0.0430071 0.487003 0.933654 0.806836 0.792401 0.299395 0.738127 0.817023 0.0487067 0.432514 
0.916795 0.856182 0.698669 0.597653 0.295739 0.563309 0.413327 0.0412034 0.576994 0.713691 0.673894 0.453553 0.362289 0.962001 0.993905 0.671189 0.919404 0.79792 0.961641 0.38166 0.105825 0.00249705 0.431839 0.466623 0.629484 0.194818 0.602755 0.529629 0.019389 0.202515 0.529576 0.993137 0.595364 0.841973 0.465521 0.174808 0.486428 0.0885414 0.955849 0.41124 0.421785 0.00469258 0.254638 0.69405 0.0892683 0.635323 0.483476 0.0912818 0.556624 0.890047 0.486181 0.381089 0.0603117 0.95268 0.472647 0.463602 0.378368 0.149132 0.716815 0.761563 0.678094 0.967749 0.907251 0.701117 
0.89946 0.756225 0.888344 0.1245 0.720919 0.768263 0.406065 0.23422 0.11909 0.631436 0.768671 0.967134 0.645144 0.397281 0.702449 0.60771 0.489802 0.599013 0.25957 0.89296 0.400642 0.676509 0.860621 0.605397 0.318078 0.969617 0.879145 0.966466 0.590317 0.70808 0.361688 0.909954 0.791643 0.191891 0.557532 0.629549 0.363374 0.352614 0.538205 0.828163 0.656669 0.467211 0.9948 0.140407 0.894477 0.0941091 0.840849 0.395425 0.799245 0.518127 0.710326 0.886493 0.630208 0.802037 0.844845 0.466288 0.174991 0.113622 0.395619 0.80245 0.49075 0.89383 0.713016 0.916475 
0.878355 0.695506 0.174662 0.0106421 0.0339604 0.950109 0.0426336 0.0458156 0.9222 0.96172 0.21545 0.661082 0.454193 0.877621 0.900489 0.714368 0.035634 0.29078 0.823144 0.637552 0.863102 0.176865 0.661244 0.00540847 0.0284355 0.278506 0.894069 0.409171 0.117061 0.208698 0.327721 0.215004 0.0897189 0.913124 0.0345682 0.171048 0.281825 0.0768135 0.495998 0.281633 0.0606267 0.210152 0.882602 0.262388 0.146832 0.143213 0.951706 0.706513 0.292746 0.732665 0.901175 0.0283579 0.334875 0.667562 0.551093 0.549168 0.942005 0.215016 0.946684 0.871261 0.602891 0.61176 0.680404 0.976001 
0.870609 0.174988 0.250012 0.673018 0.221297 0.587823 0.429513 0.841488 0.98001 0.743152 0.0167379 0.692105 0.617573 0.958518 0.340179 0.615103 0.809226 0.374719 0.578258 0.271185 0.707549 0.295311 0.694934 0.782525 0.293456 0.0459391 0.367369 0.633081 0.65903 0.372299 0.564245 0.938967 0.876491 0.363665 0.948333 0.0454677 0.887517 0.890908 0.362724 0.413723 0.789907 0.0939636 0.534243 0.663278 0.570253 0.724741 0.0952635 0.156719 0.537617 0.622471 0.89511 0.58296 0.752325 0.48791 0.634694 0.706476 0.935338 0.385931 0.749688 0.454409 0.478311 0.44424 0.0940111 0.860585 
0.518433 0.801734 0.575459 0.152434 0.444908 0.390539 0.0485519 0.163226 0.0156518 0.991436 0.502739 0.270664 0.365214 0.588254 0.683421 0.74761 0.930534 0.33751 0.0342403 0.0713867 0.517737 0.086417 0.687236 0.853714 0.168841 0.200098 0.00609215 0.412982 0.255838 0.300704 0.843574 0.0498892 0.968607 0.82824 0.939806 0.539196 0.635427 0.947194 0.0632148 0.295394 0.0355928 0.384987 0.408045 0.852916 0.31151 0.184792 0.681899 0.585205 0.0941302 0.758932 0.742962 0.602356 0.190533 0.781519 0.980684 0.540739 0.820402 0.561653 0.169704 0.428825 0.212226 0.249901 0.133212 0.489231 
0.383161 0.276002 0.742379 0.22259 0.998342 0.904085 0.0302959 0.229253 0.585369 0.239039 0.778933 0.957889 0.676074 0.886819 0.907273 0.901161 0.825292 0.597724 0.998379 0.111266 0.21841 0.846591 0.629456 0.221221 0.820118 0.0352465 0.734945 0.390437 0.378326 0.821306 0.787456 0.416137 0.687959 0.869826 0.101804 0.958573 0.48276 0.307844 0.949059 0.709275 0.835123 0.22168 0.505428 0.869215 0.36875 0.542694 0.811031 0.30492 0.749025 0.998399 0.306898 0.554724 0.270479 0.987169 0.964937 0.48466 0.759322 0.367115 0.219879 0.204963 0.895455 0.905725 0.490329 0.349808 
0.516576 0.694713 0.355468 0.412439 0.521197 0.0320888 0.314579 0.379087 0.178057 0.516167 0.862576 0.718585 0.786864 0.532002 0.207431 0.891992 0.106107 0.630707 0.944815 0.58478 0.952737 0.462405 0.0177447 0.850389 0.277672 0.19356 0.0935544 0.65979 0.73606 0.468903 0.927032 0.0943081 0.667671 0.124853 0.3728 0.391331 0.719014 0.071406 0.393206 0.489129 0.778404 0.314661 0.0557626 0.260071 0.457508 0.0849443 0.764418 0.8409 0.535874 0.231332 0.765888 0.585148 0.984602 0.671173 0.176114 0.785558 0.735683 0.0456971 0.358429 0.246158 0.423026 0.143571 0.276404 0.406936 
0.101083 0.446444 0.242849 0.504555 0.861342 0.101749 0.409503 0.428783 0.343384 0.234944 0.99603 0.817867 0.235177 0.352196 0.994972 0.876997 0.564824 0.592157 0.120725 0.925277 0.439273 0.344521 0.573872 0.210403 0.866953 0.300532 0.275872 0.785843 0.191487 0.982862 0.731391 0.925619 0.902976 0.531684 0.474314 0.637376 0.835779 0.619656 0.755487 0.694054 0.700749 0.128436 0.794879 0.64923 0.15851 0.667766 0.480375 0.652846 0.16574 0.210009 0.146896 0.31938 0.583702 0.882244 0.398586 0.342464 0.242957 0.570858 0.666217 0.299742 0.49672 0.0618889 0.255636 0.123925 
0.29214 0.603746 0.342238 0.845007 0.477242 0.057797 0.120346 0.127965 0.145208 0.953695 0.64108 0.908725 0.139449 0.848402 0.794895 0.68461 0.58503 0.755842 0.8984 0.372038 0.845348 0.22825 0.452685 0.162933 0.948015 0.256194 0.771996 0.956884 0.555905 0.328619 0.438966 0.371035 0.382093 0.965423 0.317257 0.855132 0.818171 0.19124 0.450271 0.147249 0.433087 0.981826 0.858392 0.491137 0.970309 0.636176 0.448235 0.095205 0.14278 0.360285 0.196374 0.930156 0.40834 0.262442 0.596952 0.401739 0.0869701 0.0892301 0.430475 0.468916 0.294094 0.506887 0.421062 0.480618 
0.0140572 0.721118 0.733284 0.0229369 0.0433794 0.0761657 0.664786 0.974238 0.869427 0.994275 0.307088 0.717165 0.535795 0.35043 0.0872028 0.131243 0.997185 0.40059 0.6426 0.66118 0.726586 0.90341 0.438517 0.243673 0.64 0.592899 0.494121 0.0795427 0.897432 0.0636119 0.636643 0.355292 0.943922 0.292519 0.0697586 0.985117 0.857657 0.384862 0.304351 0.87928 0.763808 0.797766 0.496835 0.189887 0.0176158 0.148982 0.427639 0.464544 0.982272 0.38874 0.744857 0.575971 0.381705 0.312376 0.667236 0.117081 0.435767 0.327568 0.579988 0.510079 0.997164 0.813624 0.440121 0.570826 
0.449692 0.742263 0.0854511 0.291615 0.149046 0.119473 0.334739 0.95254 0.82056 0.787957 0.558557 0.268067 0.325635 0.790726 0.618638 0.989013 0.961695 0.874465 0.253224 0.236596 0.185046 0.532164 0.00143867 0.513247 0.511801 0.163539 0.500836 0.707087 0.0968431 0.155928 0.13182 0.438455 0.450986 0.188239 0.507867 0.359417 0.70053 0.850417 0.303818 0.946919 0.745986 0.46191 0.886123 0.686116 0.321859 0.0701075 0.823412 0.838141 0.100254 0.379282 0.699367 0.0255918 0.282238 0.0723142 0.298083 0.237416 0.377738 0.723579 0.445811 0.998629 0.239124 0.907605 0.61 0.799951 
0.515162 0.874973 0.563433 0.213311 0.795454 0.988022 0.00836548 0.632788 0.405414 0.00375508 0.203495 0.987263 0.317368 0.538495 0.371929 0.534056 0.421082 0.729251 0.100321 0.198715 0.467328 0.489445 0.282141 0.886149 0.00950782 0.293125 0.502689 0.638093 0.582237 0.0218695 0.408703 0.677901 0.93648 0.398456 0.0163963 0.72297 0.390933 0.33867 0.396319 0.045777 0.915733 0.894052 0.518081 0.323009 0.938457 0.815553 0.723559 0.400991 0.411794 0.0465316 0.608464 0.43105 0.405478 0.205535 0.521692 0.941977 0.564006 0.681678 0.945561 0.750243 0.511889 0.0100431 0.350427 0.866311 
0.994898 0.651464 0.877779 0.4633 0.761992 0.269202 0.122106 0.399733 0.70095 0.395014 0.952214 0.435832 0.143347 0.471032 0.0319345 0.781377 0.729289 0.550414 0.95936 0.817553 0.70674 0.0490096 0.290361 0.159838 0.559264 0.531312 0.542509 0.62374 0.113738 0.908365 0.181929 0.801994 0.260731 0.16688 0.016457 0.943256 0.293096 0.940036 0.697049 0.812158 0.614036 0.654885 0.51022 0.539944 0.867867 0.253322 0.791973 0.278585 0.310247 0.925975 0.386407 0.681987 0.759343 0.799478 0.892516 0.0639814 0.519033 0.34345 0.427542 0.848329 0.359889 0.996359 0.197726 0.621685 
0.752539 0.514006 0.686375 0.833921 0.414168 0.438139 0.711051 0.335811 0.488102 0.468733 0.785121 0.0183914 0.671236 0.39715 0.063098 0.597193 0.238567 0.970426 0.251598 0.625313 0.656482 0.661341 0.221567 0.47027 0.158545 0.698599 0.708929 0.0464886 0.177208 0.100131 0.414957 0.84125 0.308915 0.284679 0.939069 0.897452 0.0859717 0.271421 0.440653 0.104657 0.531912 0.151029 0.417241 0.112617 0.680767 0.569887 0.251011 0.211377 0.699047 0.0129276 0.885807 0.20704 0.0959448 0.215723 0.425329 0.834049 0.819814 0.574068 0.95621 0.848453 0.750498 0.590984 0.473756 0.072013 
0.350052 0.673912 0.916095 0.549918 0.371752 0.939837 0.637988 0.62205 0.123736 0.591785 0.704575 0.0161552 0.588312 0.311204 0.82257 0.561227 0.862989 0.195608 0.560258 0.0522415 0.0236302 0.200401 0.640276 0.372665 0.515073 0.981299 0.781751 0.282919 0.573686 0.28967 0.960242 0.951198 0.460597 0.024532 0.520915 0.214152 0.337039 0.577337 0.541173 0.0178889 0.474327 0.535357 0.227842 0.278574 0.506909 0.523179 0.50419 0.589849 0.66594 0.461842 0.230502 0.858376 0.977104 0.784251 0.869904 0.911122 0.938683 0.773988 0.952253 0.63906 0.180138 0.362752 0.0969577 0.581195 
0.814763 0.709046 0.815381 0.254657 0.117999 0.850013 0.075113 0.237929 0.216659 0.304503 0.373722 0.192446 0.295237 0.874021 0.75315 0.964466 0.42967 0.16347 0.211836 0.174107 0.930815 0.809948 0.575179 0.614554 0.670804 0.188516 0.537084 0.435341 0.309604 0.769854 0.0719199 0.718032 0.460552 0.803536 0.40626 0.585524 0.0858153 0.563014 0.0748234 0.72218 0.659433 0.00649458 0.147174 0.276949 0.87647 0.497089 0.172689 0.611076 0.532318 0.927911 0.964473 0.780818 0.443748 0.184615 0.485947 0.501224 0.9221 0.872038 0.768727 0.811243 0.491927 0.675661 0.601911 0.0240686 
0.987724 0.532738 0.339761 0.721608 0.0105396 0.650261 0.086785 0.336798 0.784691 0.288761 0.28212 0.75373 0.913133 0.212999 0.0511285 0.935964 0.958409 0.763732 0.650526 0.643146 0.656365 0.938247 0.117194 0.771723 0.112535 0.304707 0.359763 0.962091 0.160544 0.591043 0.165691 0.983548 0.0247528 0.11542 0.736444 0.373048 0.477378 0.65552 0.254771 0.0909157 0.989245 0.802987 0.88646 0.63176 0.5133 0.601349 0.817918 0.806403 0.52294 0.549371 0.96887 0.647537 0.255652 0.264602 0.29969 0.150353 0.627456 0.321777 0.614924 0.121132 0.384699 0.0791784 0.696361 0.990524 
0.862819 0.535638 0.843399 0.0691541 0.704002 0.726922 0.243086 0.205799 0.249202 0.931952 0.37788 0.0414332 0.913747 0.761515 0.0493728 0.46454 0.935345 0.00180306 0.711615 0.593184 0.025109 0.934558 0.158741 0.427178 0.0309315 0.14599 0.30736 0.253134 0.555538 0.0233952 0.973787 0.751385 0.375386 0.576188 0.309387 0.789406 0.775949 0.0359452 0.405631 0.484755 0.685586 0.282102 0.354819 0.185809 0.299053 0.306243 0.479261 0.411792 0.208952 0.261223 0.057623 0.38633 0.825612 0.531295 0.946721 0.0982056 0.567247 0.321776 0.0803128 0.54034 0.390768 0.461883 0.760787 0.444586 
0.615389 0.337509 0.536516 0.554447 0.262018 0.634306 0.940129 0.729577 0.93146 0.7685 0.551615 0.385075 0.0431795 0.618297 0.574093 0.514479 0.622668 0.623583 0.63528 0.193051 0.963965 0.81264 0.647328 0.489524 0.912038 0.514655 0.895428 0.626287 0.168498 0.00765817 0.132737 0.0731443 0.64174 0.587793 0.154079 0.660994 0.36862 0.136072 0.748521 0.997432 0.932023 0.759358 0.976062 0.0848175 0.967892 0.0123149 0.330006 0.62238 0.444129 0.174906 0.439485 0.464065 0.43142 0.00881333 0.955075 0.183749 0.406074 0.00612428 0.527591 0.13791 0.678143 0.752554 0.42064 0.309461 
0.959098 0.337712 0.0231674 0.750807 0.755183 0.431008 0.295969 0.0566323 0.495928 0.365937 0.0663765 0.584813 0.96012 0.31441 0.185988 0.177473 0.355611 0.765825 0.284644 0.237029 0.211959 0.547147 0.33152 0.900779 0.618817 0.518081 0.451196 0.901793 0.509544 0.844877 0.300583 0.0773467 0.103546 0.398392 0.327174 0.117376 0.698622 0.764367 0.805578 0.636833 0.843732 0.830039 0.824522 0.361718 0.588717 0.332373 0.0242378 0.762892 0.441284 0.116032 0.315597 0.740508 0.922257 0.972072 0.304274 0.499076 0.617685 0.288682 0.0456904 0.268444 0.833324 0.0118543 0.528155 0.783259 
0.448856 0.150818 0.4716 0.0946796 0.628383 0.231662 0.458753 0.207709 0.0438153 0.11244 0.7492 0.736191 0.890906 0.761096 0.408547 0.887666 0.092073 0.595679 0.215563 0.982311 0.724272 0.550309 0.587648 0.0147789 0.369012 0.0213064 0.589416 0.447466 0.033826 0.202428 0.660259 0.455051 0.492865 0.45018 0.316445 0.429431 0.479808 0.0191557 0.678644 0.368089 0.208793 0.24418 0.337788 0.582689 0.126394 0.297004 0.831754 0.559157 0.899322 0.789071 0.472385 0.748431 0.979803 0.919307 0.0299695 0.345223 0.074289 0.299589 0.248182 0.31985 0.531152 0.482628 0.369954 0.0906765 
0.744447 0.158288 0.0374691 0.379059 0.741746 0.00147021 0.197229 0.941156 0.0933037 0.0572227 0.150264 0.262026 0.176675 0.537791 0.680815 0.0899764 0.480239 0.080596 0.0753065 0.493986 0.948061 0.188112 0.810355 0.994389 0.405818 0.467217 0.745165 0.899638 0.19218 0.439738 0.0242474 0.0844647 0.95984 0.723975 0.336019 0.0157162 0.466192 0.698428 0.568774 0.965219 0.968863 0.16167 0.0203175 0.313996 0.611526 0.595639 0.122099 0.628518 0.694919 0.237109 0.6983 0.499732 0.0647098 0.991049 0.357035 0.833327 0.876779 0.175573 0.230104 0.69558 0.805292 0.792685 0.0766431 0.566112 
0.634169 0.926159 0.363325 0.115429 0.395781 0.0686907 0.578971 0.943102 0.513988 0.307489 0.0535668 0.311936 0.625743 0.839688 0.514575 0.991678 0.81883 0.991421 0.14384 0.498747 0.547183 0.14056 0.420873 0.822906 0.846426 0.301465 0.393353 0.795047 0.271384 0.799066 0.0065661 0.0283606 0.390968 0.813134 0.678826 0.639671 0.984902 0.927952 0.284195 0.434613 0.443441 0.880927 0.717493 0.713399 0.48863 0.527904 0.721408 0.301725 0.353733 0.240826 0.544083 0.891301 0.535326 0.661214 0.120648 0.766386 0.993193 0.910807 0.0977839 0.620926 0.120185 0.26045 0.271949 0.723107 
0.50605 0.6329 0.0677592 0.41983 0.770046 0.207849 0.130123 0.96741 0.876237 0.686208 0.850856 0.615081 0.618179 0.375038 0.33838 0.122574 0.310117 0.274639 0.331977 0.350707 0.30513 0.00808138 0.000720531 0.841863 0.6182 0.275092 0.389552 0.393636 0.769375 0.226858 0.406556 0.381572 0.689584 0.903019 0.21551 0.310313 0.323351 0.973318 0.859349 0.801413 0.80481 0.921867 0.565512 0.240128 0.407416 0.104255 0.743984 0.34785 0.771713 0.920452 0.580888 0.662704 0.249653 0.274238 0.489217 0.361391 0.716622 0.0284554 0.768309 0.156501 0.60939 0.352477 0.549191 0.307369 
0.321343 0.457883 0.460213 0.271424 0.649457 0.693808 0.135698 0.646065 0.232463 0.404998 0.0554622 0.390521 0.65918 0.245081 0.574035 0.0559743 0.354074 0.170681 0.0201106 0.442818 0.474338 0.615834 0.186399 0.639143 0.115624 0.779557 0.253279 0.394668 0.218479 0.289118 0.995373 0.70274 0.249967 0.254316 0.253359 0.156897 0.340739 0.0895013 0.857998 0.274068 0.41002 0.24893 0.843063 0.988921 0.318351 0.183121 0.673066 0.602852 0.418282 0.0963659 0.874788 0.442493 0.0298716 0.746423 0.61545 0.247526 0.924087 0.915989 0.295649 0.269144 0.0571479 0.763572 0.166048 0.357678 
0.366527 0.576779 0.449869 0.186898 0.965436 0.19398 0.0369097 0.00501082 0.654176 0.679279 0.713474 0.85015 0.585316 0.441365 0.239443 0.891129 0.449739 0.0429573 0.789996 0.803693 0.531711 0.52642 0.0490845 0.734708 0.559946 0.619019 0.682834 0.74111 0.0130765 0.547203 0.246173 0.575635 0.500032 0.479383 0.765317 0.432041 0.184594 0.928071 0.287267 0.403929 0.21769 0.449162 0.963491 0.20319 0.337651 0.639688 0.0635763 0.819056 0.553832 0.93985 0.441826 0.0290695 0.865583 0.778578 0.486404 0.682532 0.783838 0.499444 0.13841 0.526105 0.163484 0.507288 0.640235 0.103783 
0.238439 0.294455 0.732912 0.040307 0.994197 0.00224284 0.604252 0.916055 0.518879 0.895 0.0410111 0.41081 0.965414 0.643923 0.282872 0.364572 0.687476 0.834622 0.303632 0.0157447 0.743955 0.958281 0.850969 0.461106 0.400301 0.381387 0.424316 0.348875 0.5612 0.180238 0.0580624 0.273208 0.00781972 0.910148 0.985854 0.821496 0.7884 0.971906 0.755232 0.382162 0.197242 0.0734107 0.288963 0.644583 0.185069 0.0702954 0.823709 0.0217657 0.816599 0.968493 0.555854 0.30298 0.38124 0.095602 0.169868 0.469335 0.928551 0.629878 0.587029 0.373515 0.779006 0.67931 0.587814 0.99551 
0.084595 0.191682 0.103296 0.385949 0.221707 0.353205 0.0333112 0.232701 0.539487 0.767202 0.736361 0.0348983 0.0290239 0.952493 0.454239 0.480461 0.0590777 0.505517 0.692183 0.857808 0.648851 0.959984 0.893201 0.568558 0.32208 0.952305 0.562328 0.468507 0.240698 0.368264 0.101573 0.123786 0.0084297 0.922628 0.668365 0.886935 0.550515 0.573923 0.445132 0.398166 0.048544 0.797084 0.530453 0.194366 0.721323 0.575871 0.330798 0.340732 0.174736 0.731616 0.431115 0.184654 0.884157 0.0781233 0.341906 0.288887 0.309783 0.869589 0.565435 0.390686 0.481153 0.585821 0.0324715 0.365652 
0.0528736 0.0682679 0.137987 0.676005 0.959395 0.646226 0.339048 0.723615 0.662028 0.771174 0.468919 0.963368 0.48768 0.204298 0.916623 0.499815 0.868289 0.673683 0.168127 0.715066 0.52315 0.280097 0.963297 0.730996 0.697965 0.93771 0.526894 0.73497 0.628164 0.0598136 0.138764 0.253009 0.603837 0.0462768 0.2158 0.661192 0.0340898 0.54954 0.880286 0.859375 0.510948 0.675625 0.32407 0.127515 0.618743 0.547981 0.400856 0.236308 0.250753 0.326472 0.314118 0.0453833 0.90879 0.26329 0.270739 0.729605 0.819561 0.821459 0.257057 0.673489 0.1334 0.983774 0.811141 0.71982 
0.768272 0.269789 0.242932 0.646403 0.636835 0.948808 0.741348 0.589203 0.74929 0.676644 0.20246 0.406945 0.468516 0.361226 0.249921 0.700513 0.70194 0.955702 0.361668 0.533116 0.799899 0.347365 0.98715 0.0260953 0.768343 0.199498 0.747415 0.512155 0.790919 0.803026 0.401451 0.303812 0.389502 0.882927 0.473753 0.486684 0.987701 0.359998 0.660263 0.556238 0.632192 0.927698 0.298974 0.6375 0.334231 0.641802 0.322753 0.804352 0.360729 0.18204 0.523451 0.194197 0.372696 0.86184 0.961272 0.647611 0.398807 0.895987 0.133184 0.565952 0.411057 0.402619 0.790944 0.90891 
0.181195 0.557236 0.561812 0.0620706 0.956191 0.354715 0.465868 0.641257 0.317329 0.709886 0.178006 0.854144 0.862972 0.0037554 0.85401 0.48186 0.590994 0.118825 0.560896 0.703427 0.619102 0.821001 0.48959 0.593442 0.315897 0.428054 0.37317 0.422932 0.395871 0.853301 0.743163 0.360472 0.608415 0.485158 0.993717 0.790103 0.248389 0.0264642 0.897545 0.569703 0.213139 0.180945 0.831262 0.900587 0.785808 0.768405 0.806192 0.398877 0.911971 0.964866 0.305298 0.850822 0.407046 0.971069 0.60696 0.83248 0.596459 0.885096 0.633375 0.703279 0.473392 0.817773 0.0372004 0.242913 
0.309702 0.934097 0.805225 0.969831 0.757593 0.601051 0.44568 0.834639 0.163611 0.914518 0.207971 0.724402 0.0703575 0.347102 0.231272 0.335009 0.126898 0.447281 0.781351 0.920068 0.725559 0.322774 0.335461 0.766816 0.152503 0.12386 0.811776 0.911754 0.717876 0.291447 0.870357 0.72251 0.562494 0.831533 0.93068 0.898776 0.899569 0.541619 0.99714 0.728349 0.812127 0.257198 0.00219836 0.254932 0.0472651 0.644482 0.364279 0.0474192 0.340776 0.628352 0.65438 0.956644 0.0448257 0.298384 0.910378 0.590489 0.82405 0.972715 0.4603 0.0436603 0.937655 0.225913 0.457043 0.615144 
0.912933 0.760037 0.0971994 0.0831067 0.50536 0.650002 0.323611 0.081147 0.330519 0.139262 0.0810126 0.393652 0.0330827 0.956441 0.563204 0.78202 0.131282 0.00651309 0.969282 0.447483 0.141136 0.187364 0.150823 0.491959 0.0239253 0.990272 0.728492 0.393446 0.15763 0.109088 0.754791 0.702687 0.661196 0.376828 0.311282 0.163567 0.516607 0.339999 0.763936 0.0178652 0.517901 0.498106 0.311198 0.85284 0.967926 0.987831 0.719605 0.513461 0.582975 0.171291 0.458112 0.0373247 0.34023 0.282752 0.442329 0.729294 0.373854 0.102521 0.929484 0.262 0.949405 0.515316 0.1356 0.393714 
0.840559 0.283986 0.587695 0.34873 0.202278 0.20993 0.741022 0.634365 0.416158 0.201743 0.254904 0.552904 0.311183 0.237706 0.990483 0.119065 0.75432 0.716486 0.0611087 0.166336 0.0180047 0.721628 0.10469 0.842172 0.709645 0.981646 0.484553 0.674612 0.521773 0.904938 0.332119 0.724984 0.298328 0.101993 0.537559 0.404526 0.486822 0.259752 0.0426031 0.472194 0.997665 0.933953 0.796959 0.0085961 0.536789 0.713951 0.915056 0.216193 0.990072 0.711549 0.135958 0.0257566 0.605773 0.381605 0.0226394 0.196754 0.383725 0.108874 0.932195 0.672621 0.789084 0.454524 0.294958 0.43555 
0.431231 0.920244 0.361142 0.0457137 0.21113 0.457624 0.855307 0.863124 0.661002 0.319493 0.967888 0.181629 0.43737 0.833434 0.715108 0.700211 0.641575 0.832509 0.0923363 0.748391 0.565491 0.374263 0.350643 0.370776 0.772414 0.142487 0.253554 0.488192 0.522585 0.715322 0.614529 0.390027 0.365279 0.0405952 0.743591 0.852076 0.280355 0.36673 0.998985 0.570495 0.542708 0.532444 0.455151 0.0936914 0.263313 0.677997 0.114047 0.17416 0.737197 0.275155 0.0897886 0.215837 0.4777 0.295635 0.752835 0.682712 0.963843 0.593203 0.532674 0.0414957 0.164148 0.735464 0.320854 0.541728 
0.402345 0.489964 0.632428 0.194055 0.157717 0.696662 0.848955 0.66187 0.743256 0.287544 0.580068 0.0441669 0.243685 0.793822 0.831657 0.679065 0.70232 0.186259 0.600983 0.311809 0.511408 0.279484 0.182717 0.464258 0.579762 0.772646 0.689412 0.781119 0.8538 0.12779 0.158709 0.242081 0.947538 0.547587 0.631916 0.17417 0.656252 0.106692 0.0930312 0.373102 0.0272841 0.0107501 0.909147 0.771157 0.790854 0.484736 0.318526 0.171456 0.738367 0.547394 0.947903 0.820902 0.818593 0.972837 0.492212 0.894556 0.580342 0.428236 0.979516 0.251045 0.353482 0.0409934 0.539641 0.780068 
0.727144 0.741879 0.119534 0.469721 0.012405 0.844564 0.0671884 0.133632 0.791225 0.892802 0.95596 0.630135 0.59851 0.326599 0.0875192 0.680949 0.443362 0.568119 0.600808 0.987834 0.104539 0.868005 0.138342 0.884372 0.654684 0.844445 0.791617 0.531928 0.783508 0.546808 0.0489498 0.289852 0.38768 0.249572 0.135462 0.434248 0.889838 0.168427 0.5576 0.07502 0.142257 0.141143 0.970701 0.698041 0.701013 0.0995762 0.647115 0.0693315 0.457959 0.190596 0.317805 0.978346 0.355227 0.396242 0.397383 0.200043 0.140209 0.201869 0.0334307 0.768074 0.495501 0.718364 0.846287 0.0761128 
0.904952 0.571175 0.505074 0.601727 0.770995 0.604559 0.490075 0.54077 0.65869 0.477645 0.579662 0.309363 0.106869 0.356673 0.908801 0.21282 0.864476 0.0845924 0.645032 0.61896 0.687465 0.548043 0.320961 0.205808 0.80979 0.498444 0.353493 0.309058 0.708024 0.790048 0.763208 0.270124 0.542866 0.335456 0.166873 0.364211 0.583534 0.251698 0.774079 0.51471 0.655407 0.168335 0.759232 0.915593 0.366158 0.454278 0.793266 0.94741 0.469381 0.307547 0.898803 0.374344 0.29051 0.752053 0.506282 0.751933 0.52095 0.684422 0.723893 0.41437 0.19145 0.655109 0.0931439 0.964357 
0.0177107 0.629777 0.98338 0.26953 0.441684 0.601269 0.616555 0.501915 0.36859 0.381576 0.963203 0.132417 0.715217 0.657437 0.501809 0.622894 0.419689 0.314451 0.53764 0.267156 0.190745 0.108783 0.523013 0.242896 0.608397 0.88366 0.543286 0.180206 0.358529 0.779734 0.411367 0.834839 0.621616 0.524539 0.43627 0.551909 0.447703 0.561512 0.29846 0.63607 0.107431 0.360221 0.0498897 0.0409008 0.168554 0.956519 0.791275 0.511976 0.879629 0.620283 0.833834 0.515954 0.467887 0.47329 0.270522 0.493368 0.91562 0.852373 0.577698 0.372154 0.00198319 0.793254 0.0619836 0.459798 
0.334482 0.0658367 0.617441 0.706051 0.520452 0.544005 0.244052 0.235474 0.458353 0.497899 0.19963 0.838692 0.323247 0.0992898 0.285481 0.575088 0.458928 0.575999 0.273961 0.666904 0.411135 0.365331 0.10839 0.781967 0.709037 0.852562 0.385027 0.941221 0.374846 0.565192 0.114508 0.415908 0.216733 0.930776 0.573444 0.159811 0.882082 0.865807 0.655147 0.527681 0.28831 0.221597 0.281486 0.557997 0.0130545 0.57417 0.909566 0.93881 0.643845 0.466356 0.344097 0.763542 0.218574 0.0293197 0.209642 0.865256 0.103228 0.965576 0.433466 0.18509 0.820673 0.0505342 0.999476 0.63777 
0.664422 0.462697 0.0676281 0.0726916 0.228583 0.85499 0.809625 0.677003 0.0687926 0.524063 0.297268 0.375413 0.528942 0.094918 0.743178 0.504269 0.972412 0.319107 0.618653 0.492169 0.573356 0.557888 0.804645 0.608427 0.143788 0.286225 0.369602 0.249445 0.813966 0.0967343 0.95063 0.028669 0.273858 0.771398 0.869792 0.931339 0.815921 0.214914 0.415241 0.721844 0.259968 0.568788 0.536487 0.773406 0.691196 0.97061 0.573585 0.474914 0.345679 0.352192 0.835942 0.0823331 0.160017 0.867322 0.830702 0.797501 0.137807 0.657396 0.213707 0.90032 0.93401 0.0238632 0.462932 0.423552 
0.0417843 0.0927932 0.344851 0.0790671 0.380561 0.402844 0.954641 0.251721 0.18689 0.351327 0.967284 0.290211 0.271521 0.250288 0.324827 0.90912 0.277077 0.660357 0.947555 0.595611 0.652399 0.18251 0.877368 0.666277 0.83937 0.698211 0.732551 0.729242 0.610396 0.808373 0.099854 0.738088 0.787496 0.174649 0.329843 0.613653 0.121617 0.642994 0.739854 0.397333 0.419804 0.898359 0.122764 0.367729 0.0916931 0.156649 0.345194 0.465407 0.342713 0.241793 0.633954 0.827645 0.62811 0.179291 0.148118 0.55732 0.01803 0.587085 0.101993 0.803473 0.1728 0.917955 0.176334 0.690011 
0.750792 0.185461 0.687667 0.440964 0.341139 0.208691 0.274018 0.0145418 0.28775 0.208585 0.0207391 0.221947 0.228369 0.20972 0.996312 0.686332 0.650963 0.720141 0.544794 0.91599 0.518402 0.811699 0.283297 0.394153 0.999448 0.488248 0.356573 0.27939 0.0368138 0.955076 0.706444 0.1054 0.213732 0.4889 0.088708 0.309043 0.447215 0.193625 0.928633 0.428293 0.182814 0.864872 0.193611 0.0899263 0.200407 0.567526 0.00508109 0.503007 0.600619 0.175127 0.000280051 0.462562 0.612243 0.166698 0.888531 0.00837039 0.335667 0.909574 0.506166 0.914945 0.963907 0.714585 0.729645 0.497406 
0.170783 0.527504 0.240277 0.728108 0.0880361 0.97879 0.80521 0.284074 0.233265 0.901532 0.448878 0.354134 0.409802 0.0287718 0.476573 0.257569 0.410167 0.525586 0.584114 0.699277 0.674755 0.876999 0.257544 0.0787994 0.598877 0.257875 0.882285 0.433664 0.801207 0.0523918 0.0466505 0.994981 0.69783 0.890041 0.240109 0.247399 0.356307 0.228094 0.504586 0.463037 0.514925 0.195875 0.0973369 0.170138 0.00971868 0.508819 0.344148 0.17835 0.643218 0.355659 0.710876 0.0899494 0.449872 0.0105729 0.740141 0.97367 0.545207 0.136583 0.925725 0.756746 0.670628 0.542626 0.130334 0.667058 
0.438928 0.103719 0.595471 0.11282 0.393411 0.570138 0.993313 0.875039 0.231683 0.046026 0.84084 0.256043 0.416945 0.563004 0.660619 0.457335 0.15291 0.301654 0.187459 0.907181 0.277295 0.173046 0.982126 0.912424 0.657399 0.924007 0.345804 0.798208 0.897025 0.780234 0.527526 0.571619 0.503791 0.56178 0.786131 0.866299 0.729307 0.518486 0.358183 0.109504 0.00595141 0.417948 0.448083 0.390137 0.600337 0.677766 0.720762 0.368327 0.599094 0.31019 0.123735 0.5834 0.528067 0.469941 0.244801 0.0992588 0.468337 0.819239 0.119467 0.526138 0.368865 0.86048 0.584192 0.902915 
0.175821 0.0182273 0.66693 0.0157669 0.911616 0.0048857 0.946739 0.683781 0.10452 0.675655 0.326936 0.337058 0.0950362 0.198897 0.234697 0.80741 0.933962 0.156125 0.553289 0.2968 0.109458 0.47014 0.257021 0.263724 0.228558 0.053375 0.791531 0.260118 0.37323 0.505416 0.108939 0.423886 0.36063 0.547763 0.435315 0.824099 0.610095 0.651349 0.488864 0.493288 0.901349 0.296424 0.596881 0.643863 0.301703 0.000595716 0.396072 0.790769 0.692069 0.366368 0.774807 0.691013 0.567482 0.879027 0.233438 0.0925641 0.789878 0.488182 0.258611 0.339009 0.181522 0.622246 0.197741 0.847096 
0.128871 0.670926 0.863286 0.603646 0.166542 0.827254 0.299499 0.164512 0.142476 0.138868 0.808761 0.113413 0.182247 0.138079 0.931889 0.324574 0.714764 0.168496 0.360014 0.893268 0.379288 0.909848 0.744903 0.29896 0.0655485 0.500518 0.255802 0.490916 0.444494 0.348941 0.626975 0.00534492 0.331475 0.899398 0.382649 0.206107 0.225262 0.182456 0.316914 0.159339 0.627215 0.0829502 0.0398695 0.411273 0.399889 0.491152 0.921054 0.0448748 0.843513 0.653114 0.0730844 0.620814 0.551217 0.0327433 0.85963 0.636609 0.77082 0.917964 0.33362 0.36104 0.581746 0.44835 0.857672 0.772528 
0.915738 0.703393 0.870419 0.969261 0.197196 0.377942 0.194694 0.613228 0.364723 0.50701 0.19597 0.323347 0.756011 0.721845 0.795516 0.241355 0.270235 0.25137 0.265974 0.0221607 0.946157 0.793117 0.927033 0.533762 0.572974 0.0917989 0.798156 0.712059 0.722951 0.0226249 0.081207 0.202262 0.772438 0.0369024 0.278624 0.773415 0.966272 0.504031 0.983452 0.697157 0.46397 0.479737 0.882737 0.15702 0.452795 0.623345 0.507109 0.589573 0.965817 0.341123 0.685618 0.726672 0.669863 0.10475 0.904894 0.309734 0.087487 0.240604 0.0542292 0.371062 0.181941 0.847319 0.735774 0.923867 
0.557249 0.903383 0.564231 0.302226 0.609289 0.0579299 0.377192 0.585498 0.191573 0.536476 0.37006 0.562307 0.970068 0.193437 0.0372553 0.0576412 0.420486 0.812342 0.833006 0.317173 0.920436 0.824476 0.658675 0.599503 0.453565 0.628217 0.386548 0.45549 0.55849 0.251962 0.977228 0.263732 0.831841 0.0288488 0.0114473 0.587058 0.962323 0.611176 0.00277006 0.364491 0.957741 0.279177 0.387518 0.394953 0.015179 0.851695 0.0925597 0.655416 0.142629 0.628156 0.647866 0.786963 0.161797 0.584706 0.528079 0.634993 0.488283 0.280579 0.0976192 0.787635 0.11782 0.483988 0.119236 0.424793 
0.413042 0.603186 0.853499 0.190307 0.903906 0.461114 0.542023 0.17262 0.864448 0.203201 0.564119 0.234125 0.734571 0.569312 0.703153 0.894813 0.0972177 0.509976 0.578218 0.366906 0.027156 0.708591 0.813033 0.240661 0.932148 0.680808 0.841623 0.206255 0.489743 0.583183 0.0804861 0.526291 0.221646 0.976122 0.485675 0.537995 0.207464 0.104316 0.595704 0.629293 0.926806 0.854796 0.0237648 0.473765 0.886365 0.127562 0.331627 0.719668 0.746088 0.751578 0.574098 0.845532 0.117694 0.488509 0.907381 0.380688 0.430291 0.144656 0.299659 0.255008 0.671297 0.806124 0.89497 0.948205 
0.945942 0.871859 0.228275 0.433739 0.562154 0.638492 0.84405 0.311494 0.556542 0.916409 0.132444 0.267872 0.490929 0.942819 0.550975 0.320774 0.518674 0.918535 0.989908 0.266072 0.783646 0.650589 0.773949 0.31694 0.393418 0.534621 0.480217 0.655367 0.17108 0.708626 0.966808 0.579121 0.39571 0.566138 0.106777 0.608263 0.829967 0.432995 0.126718 0.208224 0.708808 0.913494 0.126898 0.287818 0.151493 0.98013 0.191253 0.951861 0.242789 0.094747 0.181244 0.422112 0.260485 0.400505 0.514826 0.721623 0.194633 0.233514 0.385208 0.986639 0.256489 0.859322 0.754803 0.309013 
0.844366 0.451539 0.774063 0.263867 0.199696 0.603288 0.435413 0.939369 0.509195 0.797188 0.436829 0.86943 0.0127333 0.826081 0.905194 0.0544629 0.812918 0.397246 0.452313 0.426486 0.783577 0.684925 0.480826 0.873191 0.317148 0.623375 0.525766 0.406597 0.164654 0.181756 0.494164 0.875718 0.244579 0.287814 0.827052 0.168302 0.53244 0.809032 0.892289 0.809962 0.795693 0.534612 0.990185 0.144844 0.133184 0.320088 0.907958 0.317943 0.116442 0.560811 0.846522 0.170944 0.191253 0.160776 0.901227 0.487437 0.600986 0.25945 0.201585 0.930624 0.770219 0.458192 0.269058 0.754793 
0.243313 0.431798 0.399336 0.32611 0.00251126 0.529451 0.0973785 0.283093 0.252389 0.6985 0.775676 0.271528 0.281691 0.257019 0.362935 0.278783 0.567544 0.0978205 0.895153 0.702997 0.201594 0.481266 0.00924563 0.219213 0.180084 0.0388259 0.954318 0.51965 0.450023 0.285502 0.581843 0.839825 0.338065 0.900335 0.0287238 0.142098 0.747497 0.316383 0.1833 0.499826 0.874593 0.762519 0.840277 0.816948 0.848233 0.318683 0.771718 0.00104818 0.640895 0.853613 0.430649 0.00807431 0.604242 0.451697 0.549334 0.925653 0.0160054 0.0183371 0.194065 0.917406 0.630243 0.462102 0.73678 0.875245 
0.73863 0.4703 0.482271 0.304782 0.412549 0.364532 0.307434 0.447689 0.28466 0.255983 0.62994 0.62737 0.272982 0.340724 0.935896 0.123539 0.688896 0.530233 0.448652 0.361215 0.811153 0.493268 0.993842 0.678731 0.525053 0.835903 0.742171 0.636014 0.811786 0.0497168 0.518338 0.652736 0.297792 0.0934594 0.593547 0.233599 0.0590817 0.35954 0.631552 0.171991 0.246526 0.409196 0.797312 0.924055 0.146012 0.342727 0.993586 0.154341 0.95485 0.285384 0.907851 0.387994 0.348774 0.862227 0.94159 0.230074 0.340369 0.182482 0.757333 0.100977 0.298287 0.155427 0.691353 0.134853 
0.279818 0.242401 0.379332 0.835137 0.00238742 0.655684 0.65677 0.581747 0.988015 0.226718 0.371875 0.39224 0.816566 0.828432 0.882297 0.166308 0.417069 0.300524 0.0626355 0.951282 0.198655 0.460806 0.26589 0.340408 0.634196 0.223313 0.114347 0.545939 0.220143 0.459226 0.411978 0.0443653 0.596991 0.246096 0.830099 0.476108 0.183396 0.281335 0.0904779 0.193003 0.800231 0.471499 0.569325 0.318608 0.814657 0.138847 0.969421 0.021421 0.743796 0.796775 0.636832 0.631554 0.922577 0.786298 0.00934543 0.989026 0.999058 0.580257 0.706348 0.187939 0.512947 0.321938 0.260259 0.703702 
0.273543 0.792041 0.809406 0.0428726 0.156547 0.629255 0.984828 0.710038 0.164973 0.0929163 0.606863 0.603892 0.957644 0.881942 0.597009 0.288118 0.259626 0.0389327 0.20323 0.852168 0.365759 0.0519299 0.0689786 0.562449 0.00663159 0.40628 0.967935 0.99203 0.274071 0.866105 0.742962 0.125824 0.351964 0.83401 0.269644 0.0290697 0.0350944 0.287103 0.255314 0.518604 0.00717446 0.638045 0.837009 0.63726 0.179892 0.00214838 0.152081 0.858541 0.288327 0.0145001 0.42942 0.712767 0.351146 0.74507 0.175178 0.268219 0.0621862 0.21624 0.682472 0.799025 0.736524 0.573683 0.497509 0.77053 
0.668139 0.87016 0.349899 0.151203 0.190011 0.820811 0.295673 0.860799 0.212766 0.506638 0.485031 0.213523 0.847301 0.0646505 0.289034 0.329026 0.0325052 0.956448 0.193218 0.724447 0.0934419 0.408495 0.895592 0.472618 0.336657 0.779687 0.20537 0.391704 0.199416 0.93706 0.0308018 0.707322 0.0769322 0.0993921 0.0081491 0.903433 0.226688 0.865171 0.040818 0.682968 0.293206 0.15769 0.993774 0.851324 0.259757 0.564136 0.499191 0.310586 0.330758 0.275906 0.143236 0.875662 0.725985 0.557512 0.342979 0.487462 0.571258 0.273648 0.814738 0.233675 0.0236082 0.729863 0.279834 0.390226 
0.615493 0.453446 0.133211 0.328016 0.502978 0.177029 0.382311 0.687 0.223749 0.554512 0.313196 0.185182 0.295961 0.836534 0.663414 0.15391 0.0583478 0.298206 0.529979 0.339863 0.14587 0.205707 0.921189 0.414034 0.00383142 0.345787 0.185472 0.441218 0.307458 0.64701 0.858648 0.483589 0.287104 0.166985 0.606957 0.501385 0.7548 0.342386 0.82101 0.950022 0.163556 0.199563 0.762796 0.79615 0.763142 0.352132 0.548528 0.794427 0.610785 0.61156 0.305462 0.440275 0.688414 0.671065 0.728324 0.752981 0.607983 0.640445 0.402397 0.913505 0.636905 0.335842 0.184127 0.318629 
0.900071 0.332074 0.545311 0.482146 0.378347 0.484913 0.48788 0.0546949 0.516752 0.982472 0.146878 0.228303 0.209688 0.625167 0.598785 0.291798 0.978015 0.543571 0.333814 0.994492 0.0961501 0.513742 0.661066 0.37304 0.014113 0.339118 0.0248684 0.352582 0.439084 0.692845 0.366124 0.764195 0.374222 0.394294 0.821904 0.0268434 0.773399 0.773148 0.312131 0.245197 0.0291549 0.034472 0.40007 0.44702 0.305896 0.994124 0.477274 0.196234 0.731376 0.023144 0.770173 0.750599 0.863799 0.915018 0.778887 0.39676 0.904881 0.867987 0.535215 0.2696 0.511578 0.654711 0.133221 0.617941 
0.578616 0.716882 0.847369 0.175581 0.794058 0.524135 0.456774 0.973635 0.57125 0.333298 0.550315 0.312684 0.772945 0.756512 0.966406 0.716058 0.0107015 0.120252 0.200156 0.429624 0.704582 0.837849 0.510483 0.490017 0.0565103 0.751957 0.426808 0.198275 0.68863 0.273995 0.870437 0.408669 0.211351 0.835492 0.320453 0.113035 0.114552 0.968649 0.292382 0.2213 0.744723 0.574815 0.252094 0.0690818 0.388135 0.87498 0.730003 0.28801 0.299122 0.98161 0.513203 0.819042 0.87605 0.0499199 0.249991 0.788048 0.419059 0.533798 0.74347 0.173528 0.527446 0.114435 0.958147 0.13387 
0.693008 0.530142 0.320757 0.853744 0.299398 0.10992 0.41346 0.593312 0.709144 0.832436 0.472753 0.771219 0.487 0.865 0.625562 0.87431 0.0285573 0.180883 0.831007 0.16009 0.348659 0.324635 0.817843 0.657335 0.0725642 0.953103 0.517834 0.0215346 0.512041 0.0655203 0.844464 0.240816 0.701849 0.599671 0.133265 0.0137332 0.923338 0.686754 0.690155 0.133087 0.714266 0.881073 0.874593 0.327432 0.282098 0.264347 0.754876 0.292507 0.300929 0.962531 0.129952 0.581071 0.826801 0.100789 0.25681 0.698531 0.444955 0.375899 0.849914 0.31209 0.508722 0.565221 0.0329002 0.311795 
0.7282 0.210923 0.75166 0.757017 0.550947 0.414001 0.287784 0.742755 0.825235 0.303615 0.47885 0.642015 0.282966 0.503368 0.918482 0.0334696 0.148748 0.32597 0.368257 0.905026 0.245646 0.881674 0.0271627 0.00626217 0.895355 0.446144 0.0111018 0.759412 0.0446476 0.081434 0.375114 0.984812 0.264426 0.415196 0.12057 0.0243531 0.42049 0.95886 0.928488 0.714225 0.200143 0.388763 0.653036 0.251483 0.538937 0.0524177 0.517798 0.347232 0.565205 0.55223 0.421168 0.882012 0.344781 0.69175 0.7047 0.480448 0.165155 0.24588 0.159075 0.0371145 0.665114 0.285191 0.920097 0.335666 
0.28581 0.722757 0.302804 0.0913571 0.354309 0.121385 0.0349726 0.018588 0.648557 0.769648 0.498737 0.418889 0.00557876 0.88185 0.0705239 0.299814 0.367714 0.264631 0.124888 0.514448 0.767786 0.580005 0.207928 0.974761 0.828834 0.131004 0.106669 0.174768 0.00884371 0.334231 0.507365 0.658034 0.452439 0.308984 0.938537 0.0675386 0.865319 0.404734 0.357491 0.564393 0.508519 0.397945 0.305427 0.70482 0.245436 0.101874 0.710761 0.897103 0.823662 0.931162 0.568036 0.12652 0.534878 0.852222 0.0858675 0.143334 0.211292 0.364485 0.652276 0.0487087 0.754909 0.350349 0.857906 0.972345 
0.502097 0.499208 0.656671 0.279669 0.660383 0.753873 0.727519 0.338489 0.61002 0.859579 0.686358 0.830557 0.937463 0.570941 0.138663 0.526744 0.838388 0.318698 0.500845 0.627029 0.513628 0.290771 0.941761 0.297465 0.356865 0.476541 0.382806 0.239223 0.293113 0.558802 0.743623 0.962261 0.786202 0.76071 0.279566 0.113588 0.794582 0.772131 0.743647 0.159703 0.500685 0.338514 0.454316 0.616089 0.882959 0.505376 0.253854 0.0712626 0.20191 0.816231 0.562995 0.569483 0.908448 0.954661 0.214515 0.537855 0.473042 0.335396 0.300147 0.800945 0.272887 0.404816 0.689715 0.713913 
0.760393 0.503318 0.0974757 0.394027 0.639862 0.792034 0.203773 0.360859 0.664497 0.723047 0.0992198 0.0859794 0.489385 0.810315 0.613373 0.386239 0.506236 0.425373 0.590032 0.539323 0.408504 0.573469 0.6842 0.750059 0.778885 0.336866 0.958854 0.625633 0.468376 0.38026 0.162116 0.546671 0.207336 0.153949 0.628747 0.817553 0.848649 0.37247 0.289219 0.771496 0.325777 0.208027 0.813581 0.648044 0.246093 0.0826634 0.275545 0.309961 0.83388 0.582396 0.892269 0.779945 0.990208 0.486635 0.0554106 0.150471 0.462323 0.876347 0.812839 0.356705 0.407692 0.912274 0.00748424 0.0155484 
0.919673 0.0224018 0.489624 0.291689 0.777301 0.748023 0.0766295 0.670414 0.532207 0.837354 0.267725 0.17044 0.801735 0.53615 0.603094 0.367645 0.216696 0.45128 0.312022 0.246105 0.192553 0.655451 0.364127 0.46711 0.674586 0.761954 0.21376 0.663832 0.59644 0.604213 0.964756 0.973634 0.980125 0.0255631 0.999088 0.0764683 0.841323 0.949436 0.266824 0.0739003 0.2041 0.199673 0.227044 0.324499 0.476864 0.901566 0.713916 0.241861 0.201241 0.375056 0.231345 0.954721 0.216648 0.38005 0.496288 0.448105 0.6672 0.302686 0.968277 0.927038 0.936458 0.774724 0.404538 0.117605 
0.0168195 0.43167 0.415567 0.298853 0.806804 0.861875 0.641004 0.714669 0.0410614 0.523505 0.545779 0.669624 0.519219 0.799746 0.21181 0.679006 0.214589 0.319666 0.377693 0.695315 0.0208689 0.837464 0.570099 0.656116 0.441075 0.992065 0.616847 0.856526 0.779616 0.538429 0.707061 0.835661 0.563686 0.714606 0.103926 0.34923 0.861832 0.779042 0.207125 0.081031 0.463768 0.818463 0.262161 0.0943917 0.689946 0.344091 0.918218 0.935413 0.268959 0.447379 0.953122 0.988679 0.744002 0.949808 0.884586 0.635942 0.214711 0.846392 0.0758054 0.617161 0.819407 0.940999 0.418679 0.0247962 
0.0411498 0.771213 0.505259 0.206276 0.329222 0.303068 0.665537 0.635678 0.380606 0.896372 0.762418 0.719497 0.372566 0.118992 0.0634374 0.443476 0.534305 0.577427 0.349719 0.92845 0.280735 0.397685 0.76405 0.4717 0.430881 0.953262 0.116151 0.62746 0.522712 0.026447 0.581907 0.316386 0.262342 0.483906 0.903792 0.483433 0.22698 0.780045 0.9618 0.00804921 0.933072 0.648808 0.725022 0.495204 0.916266 0.672225 0.516693 0.436311 0.850043 0.739748 0.0154073 0.657076 0.788374 0.709785 0.969716 0.225553 0.518877 0.185522 0.321744 0.883678 0.635266 0.36155 0.0564468 0.340709 
0.433292 0.965758 0.399871 0.792127 0.699942 0.0593928 0.774169 0.848667 0.674253 0.860848 0.981285 0.781971 0.446234 0.193858 0.338128 0.142096 0.876881 0.955764 0.32573 0.0751501 0.810215 0.129458 0.892963 0.743105 0.478939 0.498413 0.211342 0.850798 0.229776 0.127102 0.0775225 0.932289 0.577144 0.824243 0.470835 0.214355 0.207065 0.00704131 0.0341479 0.887272 0.66157 0.429742 0.803409 0.158065 0.100368 0.384052 0.711816 0.875516 0.0118545 0.345216 0.0405885 0.872577 0.17668 0.342956 0.175566 0.373302 0.127623 0.09466 0.723784 0.249796 0.833706 0.778974 0.39053 0.953332 
0.557148 0.733214 0.228367 0.449942 0.261804 0.120183 0.739203 0.484281 0.890665 0.963801 0.535844 0.937573 0.424354 0.555554 0.538549 0.308784 0.557891 0.257444 0.238795 0.409983 0.601778 0.42228 0.694596 0.999403 0.949875 0.776642 0.655214 0.572315 0.628469 0.44471 0.74585 0.534527 0.939188 0.884398 0.658109 0.783838 0.0358707 0.497822 0.579464 0.732725 0.706416 0.287963 0.249763 0.244801 0.408523 0.188744 0.0536395 0.444611 0.408452 0.74621 0.885341 0.369557 0.728718 0.738583 0.05164 0.336033 0.653938 0.190514 0.162184 0.136598 0.836443 0.482845 0.819271 0.200591 
0.906165 0.834153 0.125764 0.853474 0.763064 0.749867 0.913554 0.971385 0.587866 0.438108 0.235476 0.732951 0.126027 0.578091 0.427011 0.588778 0.170255 0.512512 0.066953 0.172839 0.580818 0.770713 0.745262 0.351235 0.483037 0.117379 0.674791 0.537282 0.510185 0.815063 0.0924634 0.900999 0.109023 0.086958 0.947115 0.221883 0.816524 0.533392 0.901715 0.509149 0.404084 0.132582 0.515595 0.864653 0.40173 0.307059 0.391814 0.291883 0.646312 0.0512742 0.169775 0.836717 0.0327009 0.339332 0.900123 0.226568 0.560824 0.585963 0.217389 0.598332 0.721592 0.732618 0.252187 0.334615 
0.446829 0.329918 0.629607 0.14157 0.817051 0.919563 0.315809 0.846206 0.528814 0.650248 0.0860124 0.477825 0.981467 0.195109 0.362069 0.702388 0.308126 0.463054 0.947009 0.331948 0.942103 0.932443 0.41073 0.83636 0.00694587 0.383598 0.143125 0.178811 0.876032 0.0853898 0.220292 0.454292 0.442161 0.745313 0.444825 0.249718 0.712995 0.535532 0.243559 0.519388 0.614901 0.44431 0.130284 0.374258 0.486988 0.933603 0.655638 0.494222 0.291565 0.657559 0.023448 0.04363 0.98218 0.186413 0.586372 0.39661 0.559436 0.11459 0.2109 0.136785 0.545991 0.932167 0.630249 0.145701 
0.57765 0.984976 0.977685 0.796026 0.792478 0.867572 0.828655 0.149604 0.458476 0.862673 0.632173 0.58263 0.362878 0.115339 0.563899 0.0707302 0.345946 0.227517 0.430449 0.248944 0.354362 0.144809 0.0421721 0.0618842 0.575557 0.835507 0.188434 0.0920875 0.545263 0.341326 0.986529 0.533517 0.451532 0.144842 0.808195 0.386506 0.759971 0.691578 0.951627 0.379723 0.929772 0.24533 0.367158 0.841049 0.960909 0.415203 0.87459 0.228541 0.133753 0.388574 0.807301 0.360938 0.71695 0.434545 0.101837 0.608952 0.347134 0.193576 0.506502 0.270914 0.350703 0.0734062 0.81352 0.0694628 
0.304396 0.545396 0.538144 0.348084 0.584153 0.272376 0.521449 0.983557 0.0642433 0.882885 0.638104 0.316307 0.206104 0.921541 0.996499 0.580749 0.2112 0.408515 0.510116 0.17165 0.33963 0.753766 0.790118 0.914737 0.399079 0.940806 0.852303 0.335403 0.764391 0.484578 0.554267 0.283737 0.199225 0.494767 0.236847 0.611217 0.429364 0.904937 0.767143 0.146013 0.157076 0.113709 0.391035 0.946595 0.852562 0.287407 0.589022 0.428171 0.900379 0.398098 0.887744 0.98411 0.00528672 0.794493 0.462508 0.942386 0.273742 0.0474236 0.648294 0.0015428 0.596863 0.593418 0.910014 0.329378 
0.662803 0.895105 0.831109 0.210012 0.899006 0.0255995 0.923345 0.188147 0.113413 0.696313 0.433452 0.794693 0.603442 0.318361 0.34602 0.991007 0.0307341 0.788795 0.69348 0.868746 0.938955 0.92717 0.368165 0.49608 0.255023 0.0694878 0.654796 0.671488 0.988597 0.510933 0.783935 0.288848 0.245121 0.83965 0.184495 0.699168 0.306059 0.119912 0.139891 0.327905 0.696501 0.738871 0.301785 0.504218 0.594033 0.489703 0.199891 0.764234 0.861974 0.130294 0.868055 0.95014 0.116305 0.620052 0.369897 0.892277 0.568538 0.97577 0.863743 0.992106 0.692258 0.685368 0.583794 0.027305 
0.67752 0.592183 0.800811 0.873887 0.292923 0.763733 0.0747703 0.219857 0.844637 0.6148 0.920386 0.0311969 0.759714 0.633494 0.960982 0.454611 0.156317 0.725395 0.232007 0.0612433 0.368845 0.140828 0.301309 0.0837465 0.657455 0.894727 0.530274 0.240412 0.96926 0.659588 0.187785 0.23804 0.60336 0.359854 0.241757 0.309255 0.977977 0.986101 0.834179 0.563732 0.266845 0.257732 0.852765 0.0456599 0.253487 0.369957 0.823888 0.61787 0.727416 0.835546 0.295053 0.435079 0.508031 0.542216 0.408351 0.107751 0.991819 0.361924 0.267 0.155684 0.740666 0.753114 0.750231 0.809701 
0.0274313 0.84814 0.132296 0.808339 0.320752 0.7339 0.780417 0.0518995 0.848836 0.0926782 0.64196 0.264412 0.960234 0.113364 0.301659 0.510011 0.205175 0.728201 0.40979 0.662229 0.1056 0.503166 0.412757 0.939239 0.329681 0.985144 0.945085 0.587267 0.878922 0.149672 0.832531 0.413773 0.54408 0.654663 0.819758 0.521126 0.0576482 0.849877 0.166741 0.322097 0.768909 0.333774 0.415221 0.138021 0.49909 0.881903 0.103689 0.0414694 0.240809 0.93294 0.86384 0.902762 0.0350846 0.0265195 0.0246864 0.342792 0.937273 0.931812 0.328273 0.286491 0.111909 0.213091 0.264179 0.270624 
0.881824 0.0342418 0.277848 0.434496 0.96534 0.89633 0.640517 0.973884 0.780534 0.123926 0.61301 0.224053 0.354829 0.465187 0.257756 0.448154 0.0286123 0.254717 0.622603 0.508873 0.778496 0.973832 0.0337659 0.111227 0.263726 0.624531 0.441371 0.215934 0.713108 0.666107 0.421971 0.262695 0.692839 0.733197 0.88096 0.504693 0.204959 0.785665 0.498763 0.495426 0.730084 0.479996 0.40938 0.170822 0.539805 0.469142 0.829609 0.273855 0.628815 0.229151 0.14505 0.809545 0.800505 0.537576 0.0402719 0.553646 0.248394 0.424147 0.834178 0.461425 0.526652 0.998925 0.818086 0.920577 
0.421618 0.754783 0.823735 0.542147 0.183887 0.995658 0.334221 0.675856 0.146799 0.511018 0.0378221 0.0454175 0.994951 0.0507875 0.33838 0.675586 0.213883 0.54992 0.703583 0.78405 0.4807 0.202719 0.957614 0.840976 0.159699 0.967792 0.978164 0.973406 0.777367 0.909217 0.131107 0.440915 0.119526 0.755757 0.753685 0.840302 0.0977802 0.264255 0.630397 0.56968 0.216826 0.559765 0.164432 0.79631 0.131722 0.960226 0.67362 0.123275 0.821774 0.00718443 0.883081 0.0381484 0.949902 0.591979 0.423662 0.619571 0.478067 0.278092 0.85916 0.303705 0.0363929 0.735615 0.518444 0.234581 
0.26831 0.293842 0.968226 0.999303 0.0337577 0.308427 0.947811 0.375478 0.210565 0.270322 0.445263 0.424517 0.699829 0.457565 0.917829 0.37575 0.834337 0.889541 0.390087 0.266646 0.843939 0.424022 0.958055 0.186063 0.104728 0.13539 0.40553 0.631415 0.514752 0.543039 0.378069 0.853722 0.109022 0.698702 0.616932 0.97093 0.963346 0.575097 0.762083 0.089502 0.33471 0.349734 0.851329 0.680718 0.68739 0.180739 0.294425 0.60053 0.166069 0.690207 0.595804 0.183415 0.545705 0.92322 0.222084 0.82447 0.666549 0.209177 0.415836 0.731497 0.0488226 0.276951 0.228672 0.772457 
0.00568099 0.481757 0.715534 0.740406 0.318209 0.939057 0.00788674 0.646052 0.259003 0.699321 0.30878 0.264049 0.09585 0.827005 0.686956 0.978187 0.116655 0.931602 0.855703 0.0775187 0.0162326 0.700703 0.036814 0.158429 0.0627865 0.450996 0.783675 0.918537 0.638146 0.630344 0.545219 0.681095 0.253543 0.163308 0.903549 0.696644 0.449964 0.411854 0.38948 0.875119 0.185154 0.560799 0.0405199 0.1697 0.322176 0.951111 0.969176 0.477154 0.766063 0.466357 0.115015 0.0568602 0.226955 0.978651 0.275504 0.98128 0.330586 0.135655 0.0189851 0.574088 0.381395 0.902243 0.886484 0.879046 
0.2536 0.4857 0.107942 0.165859 0.611931 0.129254 0.25269 0.324069 0.732682 0.662879 0.237911 0.342317 0.378843 0.877536 0.873568 0.2138 0.0785221 0.248747 0.535932 0.99608 0.803261 0.0229285 0.705208 0.0754869 0.371173 0.893119 0.24491 0.13418 0.275864 0.691679 0.925634 0.998577 0.0547716 0.87559 0.653567 0.7944 0.52012 0.287506 0.910548 0.268073 0.617341 0.76637 0.100465 0.0922282 0.88159 0.998432 0.208718 0.507964 0.947267 0.131781 0.762767 0.239067 0.887139 0.644013 0.832864 0.0876092 0.81936 0.867915 0.588938 0.062873 0.57618 0.110084 0.573845 0.413498 
0.617466 0.856337 0.539888 0.798317 0.622937 0.901298 0.0318006 0.597784 0.120442 0.0327165 0.495613 0.148624 0.593909 0.273422 0.929537 0.7216 0.251517 0.327654 0.0860977 0.990442 0.903534 0.697947 0.214385 0.819689 0.21981 0.951289 0.0191161 0.95384 0.490482 0.911903 0.772222 0.474285 0.277337 0.0287688 0.812039 0.00761309 0.129322 0.252394 0.718324 0.528314 0.24905 0.497935 0.890523 0.027385 0.170475 0.69557 0.139426 0.339481 0.433863 0.792312 0.0827749 0.2568 0.841205 0.997157 0.660691 0.540612 0.939697 0.985374 0.907446 0.955174 0.828954 0.494961 0.667363 0.750734 
0.0429104 0.719107 0.314556 0.938313 0.920969 0.502415 0.3776 0.40237 0.145184 0.672075 0.326816 0.588592 0.943056 0.582266 0.414655 0.41083 0.560952 0.908838 0.744579 0.993617 0.615507 0.610417 0.98926 0.266017 0.866561 0.34688 0.333723 0.762015 0.0840065 0.436877 0.506546 0.268536 0.262984 0.553621 0.607712 0.665247 0.597625 0.677865 0.693073 0.649179 0.9566 0.378752 0.165032 0.784609 0.550587 0.624877 0.397708 0.458085 0.261722 0.760852 0.0961584 0.351279 0.103896 0.558553 0.291867 0.755388 0.52389 0.556083 0.211211 0.844356 0.176305 0.914811 0.803165 0.108627 
0.858455 0.369212 0.266817 0.254351 0.423742 0.274092 0.369545 0.937801 0.246302 0.541418 0.889502 0.457077 0.258525 0.178672 0.925071 0.667967 0.928382 0.631595 0.856824 0.385013 0.502521 0.726732 0.397934 0.272747 0.480817 0.400082 0.108281 0.548168 0.267286 0.688051 0.0243406 0.52017 0.695065 0.45829 0.394495 0.150463 0.144702 0.885091 0.293975 0.575635 0.449784 0.146455 0.90766 0.404199 0.778804 0.375891 0.702242 0.268715 0.382502 0.307749 0.405091 0.677753 0.0857095 0.912979 0.82846 0.90117 0.0862859 0.160749 0.124732 0.980556 0.675455 0.697558 0.916827 0.965964 
0.595625 0.0342121 0.192309 0.692705 0.896414 0.335831 0.774484 0.707497 0.356179 0.84795 0.211773 0.286986 0.261351 0.953061 0.31889 0.0364877 0.481811 0.545514 0.916423 0.065271 0.174183 0.765783 0.376195 0.146252 0.391366 0.11247 0.304085 0.296254 0.795511 0.670733 0.534214 0.982512 0.170505 0.743435 0.778774 0.816091 0.935467 0.454919 0.900086 0.609873 0.163586 0.113965 0.661033 0.868269 0.708349 0.260177 0.83908 0.759182 0.445603 0.126422 0.997362 0.627944 0.115821 0.424093 0.709267 0.693374 0.221152 0.695569 0.665735 0.693496 0.0138821 0.804155 0.760418 0.0849478 
0.961242 0.150499 0.701687 0.489813 0.523784 0.234141 0.759307 0.921601 0.45222 0.64874 0.749261 0.633418 0.631263 0.0392355 0.47169 0.104035 0.445504 0.361386 0.293721 0.0525384 0.0881291 0.495976 0.306279 0.0339024 0.170578 0.753966 0.596047 0.475591 0.0336623 0.894299 0.856395 0.165864 0.886628 0.475868 0.518658 0.196326 0.870977 0.432988 0.298991 0.451307 0.588017 0.375137 0.317527 0.740081 0.853912 0.251143 0.645573 0.866303 0.937637 0.33053 0.806592 0.218545 0.364733 0.963815 0.275197 0.990037 0.127854 0.528662 0.566591 0.531592 0.979777 0.18805 0.42759 0.352412 
0.783588 0.774018 0.208957 0.37081 0.154255 0.326855 0.751742 0.97257 0.790262 0.993367 0.22895 0.763613 0.857234 0.263456 0.0630489 0.160781 0.546967 0.231863 0.640283 0.246318 0.830253 0.894365 0.290031 0.573139 0.318665 0.205457 0.652737 0.394433 0.706902 0.0823398 0.447583 0.54081 0.706446 0.866229 0.750295 0.652241 0.21074 0.791868 0.668974 0.608491 0.157756 0.523119 0.744576 0.97079 0.150803 0.598167 0.997313 0.489333 0.737728 0.64712 0.580567 0.926071 0.0900738 0.718387 0.113252 0.224365 0.683605 0.608987 0.491922 0.277211 0.864601 0.67422 0.133696 0.957369 
0.28951 0.535586 0.683358 0.263156 0.902948 0.878921 0.0990638 0.394416 0.386916 0.449852 0.622502 0.787844 0.33014 0.844898 0.48864 0.269907 0.159784 0.417373 0.726918 0.534121 0.773251 0.209082 0.585401 0.798165 0.0729502 0.314497 0.515602 0.739678 0.676132 0.180159 0.202083 0.895338 0.546521 0.508664 0.179177 0.446776 0.795514 0.338011 0.834347 0.310355 0.575192 0.0216561 0.279715 0.465137 0.920088 0.834806 0.986902 0.634365 0.103077 0.201064 0.98456 0.834 0.712267 0.557259 0.21254 0.933239 0.0147707 0.639085 0.999873 0.982274 0.776593 0.553933 0.652668 0.893037 
0.833268 0.696928 0.880625 0.455538 0.806218 0.842529 0.299809 0.546784 0.0190721 0.411176 0.775451 0.192862 0.952047 0.0470587 0.791054 0.0214451 0.30664 0.779942 0.00984992 0.761911 0.0415199 0.065453 0.77989 0.267355 0.954323 0.89781 0.84824 0.945303 0.933562 0.320659 0.606921 0.353733 0.571068 0.999888 0.357738 0.182626 0.744696 0.958887 0.507695 0.889394 0.452973 0.119752 0.350574 0.515223 0.375414 0.527964 0.563669 0.756747 0.589888 0.219538 0.246046 0.293744 0.239689 0.171261 0.945754 0.793725 0.648698 0.671923 0.622753 0.683618 0.566042 0.961358 0.291818 0.85627 
0.639772 0.185429 0.495976 0.940857 0.160748 0.743506 0.65728 0.258844 0.23653 0.648338 0.15791 0.115736 0.323671 0.37105 0.795561 0.799776 0.889586 0.0868317 0.0304025 0.236948 0.322923 0.754684 0.308044 0.409688 0.218549 0.38324 0.970905 0.433794 0.882058 0.610033 0.315394 0.883989 0.146783 0.435511 0.649654 0.636477 0.897281 0.592728 0.940152 0.437168 0.108591 0.515082 0.293833 0.439582 0.0660736 0.979647 0.0293621 0.0636205 0.947468 0.317999 0.333511 0.971699 0.40747 0.667852 0.189415 0.480656 0.0998717 0.0926301 0.535651 0.750098 0.464063 0.436545 0.55613 0.615781 
0.349602 0.479068 0.0242368 0.486411 0.997278 0.567034 0.576962 0.275251 0.375811 0.293415 0.232339 0.912835 0.348339 0.858419 0.62621 0.764102 0.745989 0.197389 0.111535 0.373872 0.722088 0.443269 0.844141 0.793837 0.140285 0.384492 0.944276 0.456701 0.434474 0.027427 0.905537 0.130773 0.810286 0.63476 0.748816 0.657793 0.887549 0.585987 0.843601 0.49207 0.99902 0.397215 0.190837 0.821529 0.845957 0.704295 0.953565 0.455612 0.55631 0.785523 0.583926 0.399374 0.593037 0.744112 0.158075 0.561524 0.846098 0.430483 0.825639 0.843379 0.375 0.256433 0.0523345 0.137319 
0.304557 0.576597 0.967782 0.422322 0.180123 0.680791 0.179342 0.705316 0.114747 0.51464 0.293466 0.638349 0.328958 0.268508 0.458163 0.667719 0.100306 0.861464 0.375528 0.753477 0.108136 0.877669 0.13934 0.576827 0.928645 0.122667 0.781086 0.166993 0.708064 0.152818 0.394656 0.0402381 0.768023 0.51894 0.863394 0.28773 0.437023 0.813668 0.335729 0.89458 0.29152 0.859683 0.172568 0.618569 0.675626 0.628351 0.751229 0.0436012 0.622459 0.315323 0.20433 0.639637 0.276586 0.0387854 0.877406 0.202853 0.590217 0.665311 0.313864 0.550324 0.236963 0.595511 0.323881 0.770703 
0.583715 0.898889 0.0438144 0.0779399 0.897628 0.577413 0.240958 0.106937 0.922899 0.416577 0.382499 0.471417 0.269219 0.541985 0.195964 0.881305 0.554647 0.893136 0.880949 0.144192 0.124616 0.455342 0.70842 0.430695 0.257581 0.429458 0.150539 0.189334 0.711365 0.76127 0.282131 0.652906 0.214271 0.911908 0.38207 0.565531 0.418298 0.0594013 0.871783 0.881165 0.142281 0.909134 0.0369707 0.11523 0.690936 0.888458 0.670152 0.775678 0.912856 0.569221 0.232858 0.923186 0.811575 0.650451 0.808878 0.853056 0.0327311 0.127853 0.499777 0.864884 0.802217 0.503567 0.795655 0.226297 
0.90046 0.230482 0.150715 0.962249 0.0991664 0.833971 0.506138 0.196005 0.641251 0.555647 0.0795737 0.394386 0.407135 0.161112 0.85536 0.913116 0.768596 0.0606338 0.432194 0.141395 0.21524 0.431041 0.513515 0.279929 0.656269 0.999444 0.762859 0.846179 0.135964 0.391202 0.434048 0.467086 0.666632 0.038211 0.483775 0.146192 0.56564 0.66027 0.178218 0.279701 0.0774238 0.503324 0.440029 0.166779 0.325627 0.00525401 0.0778381 0.529183 0.765057 0.0932261 0.441148 0.881323 0.00156244 0.0415521 0.00231704 0.854487 0.792697 0.54319 0.93678 0.766624 0.0948016 0.449499 0.921862 0.818832 
0.400114 0.865168 0.644494 0.500091 0.431809 0.09726 0.459134 0.999497 0.697431 0.46984 0.928194 0.466856 0.577929 0.732129 0.668687 0.626838 0.2153 0.424841 0.453327 0.381973 0.0690994 0.992098 0.855713 0.12602 0.0874226 0.539589 0.643047 0.956376 0.216869 0.702429 0.882332 0.124241 0.71616 0.813216 0.475756 0.219157 0.402011 0.739859 0.810674 0.329862 0.279832 0.445386 0.938373 0.695279 0.0291763 0.842695 0.190043 0.601452 0.127513 0.889567 0.864145 0.474206 0.40908 0.599504 0.902765 0.753979 0.382303 0.688856 0.222861 0.731521 0.075048 0.619514 0.445085 0.572179 
0.481448 0.772985 0.760623 0.127307 0.392249 0.782843 0.760069 0.148106 0.745078 0.962795 0.0897374 0.0134812 0.0700747 0.37019 0.275729 0.0327781 0.34799 0.0823076 0.71438 0.749762 0.53512 0.918933 0.685536 0.745036 0.401495 0.510619 0.33394 0.735566 0.349411 0.428703 0.734063 0.687646 0.431971 0.178176 0.787814 0.186939 0.40769 0.955174 0.272115 0.580504 0.948629 0.0789441 0.303817 0.794338 0.830111 0.339178 0.350128 0.146095 0.436825 0.464195 0.0720648 0.495192 0.896522 0.80462 0.988866 0.831947 0.570456 0.965353 0.178855 0.430193 0.129075 0.366585 0.763846 0.0227812 
0.51458 0.889037 0.463327 0.186045 0.58091 0.954165 0.472536 0.869901 0.679324 0.00787618 0.137902 0.340597 0.971997 0.675024 0.69646 0.378245 0.181378 0.805746 0.304019 0.315423 0.509142 0.219965 0.428666 0.341951 0.862677 0.871701 0.329601 0.855455 0.206988 0.353723 0.197328 0.267014 0.917709 0.84335 0.494554 0.847142 0.531005 0.000350648 0.510469 0.473419 0.330564 0.851559 0.508008 0.739035 0.0532544 0.910628 0.683991 0.986113 0.935014 0.848234 0.270433 0.423373 0.65333 0.894454 0.675736 0.463895 0.0678497 0.751919 0.965538 0.892449 0.637265 0.679806 0.570443 0.550997 
0.379241 0.327489 0.206797 0.430412 0.404449 0.0423411 0.357767 0.338509 0.185694 0.596017 0.0446912 0.12109 0.0618032 0.502242 0.671488 0.469938 0.151617 0.637137 0.409524 0.947093 0.531947 0.321037 0.468918 0.594542 0.109469 0.838183 0.774662 0.640142 0.458967 0.652691 0.74775 0.5776 0.805654 0.412228 0.317808 0.438314 0.632862 0.567421 0.212226 0.344437 0.412365 0.39347 0.273685 0.178543 0.884765 0.0611664 0.460821 0.825659 0.819011 0.31604 0.987732 0.955545 0.177802 0.88251 0.638774 0.641096 0.0730959 0.350134 0.452942 0.641483 0.69572 0.844735 0.126284 0.0984569 
