21.7648 1101010100111100010111001011010010111001101110011110101000100101010111111101010101101010001011111011
78.2048 0101100001000100001101000010111101011101011110110110000010000110111110101100001100101111001010110001
0.0760108 0.432625 0.244549 0.908375 0.203972 0.0115067 0.426891 0.569141 0.84963 0.979012 0.323345 0.554711 0.594323 0.288613 0.635548 0.203552 0.285359 0.622142 0.392383 0.555053 0.90573 0.520989 0.938748 0.737155 0.264718 0.424556 0.970888 0.190095 0.538934 0.487269 0.774353 0.70194 0.846116 0.546452 0.361203 0.798998 0.944988 0.560748 0.804239 0.748162 0.161432 0.867339 0.470202 0.959702 0.499695 0.752965 0.555056 0.0614332 0.113772 0.484992 0.469764 0.218112 0.0356203 0.36422 0.0554412 0.753372 0.331871 0.77086 0.480724 0.330025 0.626457 0.427566 0.25106 0.1356 
0.761178 0.917648 0.19592 0.692148 0.487116 0.0153507 0.461993 0.512798 0.218285 0.663223 0.591824 0.502075 0.822109 0.210724 0.243008 0.970127 0.657838 0.691317 0.988281 0.744381 0.568436 0.484555 0.292843 0.491559 0.598808 0.915317 0.170787 0.411309 0.927742 0.30514 0.466349 0.499921 0.78209 0.0102863 0.574412 0.783255 0.939573 0.731749 0.964652 0.237225 0.175092 0.807271 0.155079 0.79847 0.965676 0.258458 0.35019 0.419696 0.669079 0.278594 0.537901 0.0862958 0.859244 0.200194 0.59221 0.902093 0.371346 0.93304 0.79193 0.255843 0.747311 0.420836 0.76186 0.76333 
0.140638 0.684011 0.0432686 0.49392 0.180321 0.0442188 0.424392 0.812623 0.307645 0.235372 0.035323 0.248086 0.780395 0.705185 0.584485 0.984755 0.614088 0.958728 0.48703 0.952065 0.749659 0.461104 0.396857 0.572158 0.880691 0.262012 0.683353 0.528599 0.134662 0.901881 0.781205 0.432005 0.505256 0.701867 0.475253 0.334233 0.53054 0.0812205 0.731557 0.880155 0.0841358 0.430208 0.539041 0.938119 0.604195 0.0821631 0.895048 0.162751 0.286519 0.457056 0.749166 0.143052 0.354427 0.406501 0.739335 0.697985 0.0874142 0.0763398 0.128622 0.717033 0.554855 0.691906 0.00363796 0.600429 
0.427787 0.0127328 0.439469 0.27537 0.514006 0.938192 0.490108 0.474554 0.22856 0.528424 0.844373 0.503448 0.742509 0.119408 0.0229055 0.51282 0.244733 0.937773 0.787103 0.202603 0.792233 0.178318 0.0635633 0.465724 0.302422 0.114396 0.251587 0.138301 0.160602 0.483269 0.133426 0.337544 0.960326 0.159191 0.839985 0.513148 0.894985 0.220173 0.507668 0.442544 0.627916 0.00715114 0.11824 0.573117 0.988289 0.129125 0.0829475 0.288048 0.7647 0.217187 0.470849 0.0816407 0.644111 0.296973 0.495499 0.68348 0.499773 0.365912 0.343956 0.126567 0.306803 0.638961 0.140495 0.410704 
0.308126 0.777068 0.8264 0.777308 0.209077 0.268066 0.316031 0.561323 0.979628 0.0981797 0.715235 0.839745 0.428772 0.0780626 0.99597 0.585972 0.467115 0.273608 0.659965 0.0912688 0.318607 0.663216 0.208602 0.34842 0.855608 0.734201 0.127526 0.398558 0.0251272 0.358217 0.077774 0.927385 0.576473 0.717311 0.328903 0.0813518 0.274676 0.393583 0.548282 0.0405378 0.761423 0.338092 0.45569 0.508774 0.356443 0.9445 0.381715 0.724504 0.376353 0.205773 0.92526 0.251387 0.93911 0.566972 0.229603 0.793087 0.458805 0.436145 0.791018 0.554894 0.1209 0.33742 0.567088 0.107885 
0.935664 0.213219 0.879427 0.568797 0.539468 0.6546 0.355051 0.729504 0.56499 0.660782 0.341378 0.212187 0.704318 0.683291 0.563721 0.980459 0.436953 0.0292915 0.302163 0.713169 0.624999 0.251146 0.945807 0.890396 0.509779 0.597039 0.500054 0.746488 0.800041 0.667516 0.794061 0.145322 0.746262 0.567483 0.947099 0.508917 0.401063 0.677381 0.45668 0.0185245 0.983998 0.174734 0.564113 0.819726 0.737405 0.782566 0.287186 0.735321 0.218108 0.353191 0.780109 0.843247 0.204643 0.688331 0.963804 0.592062 0.458344 0.156161 0.958177 0.558762 0.457469 0.832147 0.846567 0.58656 
0.427856 0.283066 0.625286 0.815116 0.812882 0.245527 0.332801 0.0159765 0.192232 0.430735 0.0944273 0.683454 0.561462 0.303147 0.516032 0.443873 0.629817 0.11768 0.241736 0.176629 0.451863 0.0391422 0.313836 0.657174 0.424106 0.579632 0.716119 0.754776 0.126465 0.64413 0.909988 0.459147 0.702433 0.198068 0.407798 0.3964 0.150457 0.920908 0.187387 0.97082 0.026349 0.263442 0.0998626 0.593231 0.816488 0.82831 0.643418 0.509343 0.842988 0.441183 0.0745982 0.246592 0.442549 0.750456 0.187065 0.846969 0.835239 0.579746 0.265647 0.0004694 0.105456 0.36811 0.286804 0.679904 
0.168501 0.477403 0.58011 0.496702 0.75357 0.400619 0.997989 0.958329 0.261228 0.711589 0.715867 0.736764 0.44826 0.577954 0.134765 0.0556143 0.694146 0.51827 0.571759 0.0847365 0.329329 0.218513 0.619029 0.622141 0.330443 0.192548 0.698301 0.299109 0.580631 0.42581 0.0862524 0.0878209 0.436085 0.0626653 0.573979 0.163331 0.354412 0.574923 0.620683 0.300674 0.394343 0.147157 0.649997 0.232782 0.721545 0.117592 0.405708 0.55407 0.248555 0.697259 0.0333984 0.133463 0.0868734 0.123049 0.534005 0.36947 0.119587 0.402871 0.257581 0.249892 0.958436 0.640243 0.373774 0.698614 
0.047566 0.293405 0.611059 0.973277 0.43328 0.140128 0.258582 0.560034 0.330937 0.279982 0.551747 0.215995 0.0677889 0.643248 0.158575 0.548829 0.919593 0.839014 0.423736 0.946512 0.606244 0.0606326 0.99198 0.149848 0.327325 0.881343 0.162187 0.692431 0.224175 0.948631 0.937505 0.467832 0.884572 0.269682 0.352564 0.288903 0.142098 0.543079 0.35623 0.705299 0.768178 0.499698 0.220403 0.348232 0.0680008 0.109942 0.547665 0.598082 0.566576 0.654076 0.289169 0.765623 0.401825 0.351075 0.382195 0.333987 0.531813 0.270605 0.675083 0.39537 0.555267 0.415934 0.0470845 0.457224 
0.175695 0.55073 0.40553 0.14986 0.480744 0.154066 0.881068 0.0749323 0.938899 0.122203 0.734533 0.663801 0.592885 0.533765 0.00392061 0.384658 0.402053 0.517982 0.134835 0.325221 0.587353 0.0911922 0.86938 0.485932 0.275819 0.531361 0.714073 0.555995 0.82544 0.198766 0.231876 0.306056 0.9093 0.743804 0.982902 0.192279 0.194889 0.794621 0.00194833 0.99238 0.60094 0.145913 0.887581 0.26978 0.199492 0.547784 0.8963 0.778055 0.338356 0.802235 0.162223 0.896161 0.982661 0.48972 0.0221499 0.615073 0.749438 0.145285 0.646978 0.244077 0.174088 0.937733 0.66786 0.0107268 
0.637296 0.843948 0.475942 0.0793024 0.943326 0.0336344 0.952863 0.0669899 0.138371 0.958308 0.081258 0.875974 0.982329 0.236232 0.0614272 0.399462 0.299596 0.963317 0.288489 0.756786 0.775355 0.500871 0.814175 0.184597 0.188389 0.0598626 0.178246 0.119965 0.272951 0.214575 0.248577 0.855443 0.803333 0.762867 0.679679 0.784259 0.657602 0.633314 0.401279 0.0655276 0.743566 0.476722 0.704997 0.755614 0.899868 0.738556 0.732956 0.503639 0.599497 0.0644958 0.0785066 0.395723 0.706137 0.936867 0.669942 0.0261893 0.664061 0.342372 0.913195 0.711222 0.163185 0.0430461 0.905523 0.772411 
0.374316 0.164975 0.391278 0.0386928 0.360381 0.238407 0.419935 0.982879 0.816195 0.983793 0.359945 0.584068 0.644127 0.192783 0.220915 0.810412 0.0904365 0.925513 0.781704 0.945927 0.869445 0.337407 0.634723 0.164049 0.138986 0.18843 0.960454 0.836829 0.442548 0.327916 0.847318 0.380116 0.0555606 0.889962 0.383152 0.252317 0.620626 0.720429 0.870091 0.207924 0.92082 0.993774 0.368021 0.891702 0.276246 0.600381 0.0398415 0.974394 0.462864 0.890283 0.476494 0.36175 0.309817 0.531493 0.803662 0.486794 0.138841 0.215002 0.44835 0.865125 0.387242 0.750959 0.902787 0.960404 
0.695452 0.743878 0.933629 0.94887 0.340092 0.219679 0.412501 0.896328 0.601584 0.497607 0.388882 0.134227 0.0674978 0.937129 0.583594 0.431954 0.457701 0.306816 0.208547 0.70725 0.750441 0.998394 0.859324 0.782841 0.273477 0.605623 0.859595 0.840141 0.842009 0.437092 0.9125 0.47609 0.558321 0.712044 0.633663 0.992082 0.190835 0.365533 0.967942 0.819555 0.955847 0.162808 0.724742 0.569149 0.725028 0.679405 0.482502 0.0911431 0.180854 0.285349 0.593086 0.304936 0.49991 0.151233 0.713697 0.873854 0.354701 0.316348 0.874555 0.345658 0.564357 0.360158 0.889388 0.437589 
0.327433 0.287881 0.109448 0.0160822 0.506408 0.682484 0.103276 0.273945 0.855195 0.6091 0.723097 0.474843 0.489191 0.913937 0.42294 0.78653 0.621718 0.187249 0.97342 0.615104 0.346839 0.188402 0.860861 0.970644 0.964471 0.605256 0.54377 0.424971 0.16828 0.0549555 0.420803 0.357262 0.321088 0.652211 0.29058 0.286723 0.467172 0.776789 0.700588 0.19154 0.549594 0.579617 0.653106 0.227527 0.926194 0.891463 0.463971 0.392721 0.267629 0.00543302 0.324391 0.871645 0.742864 0.559857 0.171012 0.10004 0.573236 0.244685 0.733955 0.598921 0.123364 0.672346 0.929125 0.372252 
0.316519 0.418789 0.00503005 0.828431 0.589192 0.0702312 0.1667 0.350891 0.130159 0.685358 0.127846 0.0461442 0.306261 0.267428 0.865959 0.272706 0.477085 0.197198 0.190975 0.482248 0.0581768 0.108601 0.0934175 0.505977 0.569841 0.608732 0.625918 0.944445 0.0893528 0.169354 0.583594 0.830713 0.983189 0.105833 0.0180537 0.291029 0.934951 0.7074 0.656133 0.0544729 0.145111 0.800023 0.266281 0.456944 0.135362 0.103552 0.542385 0.4036 0.225575 0.158652 0.690442 0.572797 0.0734702 0.298612 0.700552 0.800257 0.44461 0.735025 0.149183 0.364743 0.31419 0.780766 0.506362 0.332501 
0.562105 0.810225 0.370321 0.547629 0.624157 0.204148 0.703658 0.816837 0.436719 0.587928 0.0104169 0.389177 0.330099 0.859352 0.0338287 0.361206 0.639885 0.0483972 0.860249 0.250066 0.488309 0.555699 0.349426 0.474132 0.850928 0.230401 0.00886486 0.605528 0.45721 0.655507 0.314329 0.48852 0.360852 0.200942 0.475726 0.504349 0.178196 0.505972 0.217774 0.524068 0.796597 0.795904 0.632318 0.497345 0.206514 0.374412 0.962856 0.857568 0.0532915 0.74959 0.694454 0.87155 0.389389 0.875625 0.194571 0.104897 0.978685 0.684847 0.121569 0.641126 0.262157 0.979505 0.962063 0.0658865 
0.269864 0.229068 0.60875 0.977797 0.822274 0.968669 0.79266 0.0482263 0.524961 0.0712364 0.380389 0.822346 0.42871 0.957654 0.366661 0.529287 0.105252 0.828814 0.0322132 0.738153 0.357667 0.724581 0.63857 0.34416 0.055298 0.641433 0.044724 0.902166 0.222281 0.349516 0.537009 0.694225 0.896441 0.0444213 0.624539 0.713118 0.827302 0.309883 0.528792 0.124764 0.197466 0.0645337 0.6421 0.635052 0.480513 0.0880144 0.105375 0.947685 0.586256 0.75428 0.863985 0.165729 0.855881 0.41223 0.783813 0.974181 0.555123 0.0321212 0.180888 0.242693 0.179544 0.348245 0.535652 0.203977 
0.0625041 0.0370792 0.115113 0.705919 0.372334 0.161278 0.601207 0.945145 0.174715 0.300693 0.31642 0.106228 0.0353739 0.103149 0.42179 0.233589 0.437819 0.625986 0.333375 0.428999 0.32681 0.756385 0.557134 0.247914 0.515935 0.169333 0.682719 0.0423947 0.183289 0.879142 0.49412 0.348282 0.278671 0.486094 0.666359 0.686928 0.226449 0.930063 0.892054 0.656099 0.45039 0.66527 0.0701918 0.428052 0.855584 0.784227 0.439382 0.0490553 0.494809 0.93877 0.300192 0.247822 0.396124 0.119119 0.236618 0.64089 0.568161 0.470675 0.128197 0.923332 0.781795 0.0540701 0.906556 0.493615 
0.342501 0.278747 0.162122 0.500049 0.923261 0.412867 0.689692 0.785481 0.512308 0.658013 0.827523 0.661172 0.0142926 0.473701 0.0752926 0.590163 0.228676 0.767117 0.155742 0.450661 0.627939 0.342484 0.760156 0.864163 0.328908 0.0320071 0.0379249 0.162136 0.10906 0.924551 0.105295 0.398044 0.442357 0.439994 0.520799 0.842423 0.171582 0.526478 0.354779 0.652334 0.413414 0.0872773 0.800728 0.0948584 0.692196 0.685886 0.00629036 0.504259 0.583567 0.822889 0.14201 0.507254 0.971121 0.843851 0.241115 0.344123 0.46031 0.854501 0.581587 0.372391 0.145522 0.618022 0.836987 0.538669 
0.228904 0.170318 0.942232 0.667626 0.962351 0.126889 0.233816 0.895513 0.652441 0.944281 0.901534 0.941796 0.414871 0.307013 0.509783 0.048675 0.486474 0.508994 0.411407 0.443517 0.438884 0.659082 0.54857 0.732246 0.421142 0.238977 0.572864 0.338092 0.398158 0.559746 0.78448 0.683731 0.232585 0.12328 0.980736 0.47975 0.352989 0.664478 0.985187 0.977238 0.954807 0.108678 0.999059 0.0596879 0.528354 0.199968 0.42281 0.411691 0.479444 0.385041 0.116316 0.136969 0.756954 0.744148 0.608849 0.391042 0.0587317 0.0168595 0.449144 0.266631 0.196426 0.266665 0.201273 0.526293 
0.683734 0.778369 0.773199 0.487499 0.44495 0.115411 0.131656 0.0678474 0.126627 0.358234 0.754008 0.406639 0.394853 0.282271 0.700127 0.155039 0.838027 0.842265 0.0847942 0.255105 0.489036 0.76178 0.335342 0.0676942 0.93694 0.0230369 0.352087 0.448528 0.171944 0.891356 0.738308 0.801568 0.695573 0.899702 0.847133 0.972212 0.25074 0.357155 0.408447 0.162779 0.307243 0.552669 0.0807045 0.915119 0.463596 0.483035 0.405444 0.357422 0.0177081 0.869384 0.0523802 0.117383 0.0380984 0.700815 0.0301058 0.864028 0.321067 0.0314098 0.675544 0.0520403 0.880838 0.142115 0.548589 0.681347 
0.0568598 0.338002 0.947916 0.0725233 0.502614 0.0673413 0.98885 0.0305213 0.448497 0.328713 0.00574026 0.551832 0.128874 0.667542 0.569712 0.263475 0.373831 0.27548 0.423348 0.581393 0.902465 0.291312 0.654195 0.998743 0.902165 0.246351 0.886402 0.758298 0.493913 0.444295 0.151797 0.177563 0.201525 0.968612 0.0365213 0.421287 0.928924 0.0121262 0.0135408 0.74563 0.268516 0.0760895 0.0270021 0.843762 0.376653 0.723427 0.63484 0.896263 0.555912 0.563851 0.332185 0.338179 0.0421183 0.570446 0.345685 0.328319 0.962825 0.11269 0.846229 0.723229 0.584867 0.446422 0.187511 0.0846217 
0.335865 0.809786 0.92635 0.649235 0.873111 0.100328 0.15245 0.877774 0.628625 0.780978 0.785234 0.0791079 0.868529 0.613857 0.320461 0.53714 0.264087 0.738693 0.538959 0.329441 0.747017 0.769229 0.391449 0.014133 0.0598868 0.172604 0.474499 0.787363 0.8278 0.564841 0.865547 0.0425665 0.694348 0.490133 0.420609 0.708428 0.835316 0.575922 0.329995 0.123117 0.051294 0.493041 0.0626789 0.876123 0.0653882 0.439219 0.393263 0.825381 0.571983 0.0845855 0.132527 0.505795 0.421621 0.927212 0.934565 0.0173521 0.929524 0.749927 0.184244 0.482709 0.696477 0.192173 0.226454 0.437413 
0.557559 0.638026 0.316866 0.306812 0.452271 0.539947 0.149314 0.562888 0.00019576 0.349566 0.560371 0.405671 0.0390009 0.335649 0.921622 0.52942 0.723982 0.460038 0.0983339 0.0755645 0.356185 0.480274 0.494053 0.485173 0.905758 0.733054 0.718009 0.912936 0.825789 0.0151997 0.36038 0.804138 0.984804 0.822003 0.0828969 0.128659 0.333014 0.661504 0.514603 0.539901 0.7096 0.632871 0.487545 0.178649 0.988902 0.777618 0.881942 0.646789 0.198835 0.813895 0.0242953 0.952357 0.260588 0.420187 0.418234 0.185653 0.96513 0.587913 0.0726605 0.631406 0.599428 0.280636 0.67253 0.944392 
0.665058 0.319478 0.42191 0.00964397 0.304388 0.663399 0.0465493 0.882311 0.0780665 0.82916 0.416329 0.547033 0.580467 0.233818 0.710875 0.599194 0.513495 0.995106 0.190684 0.852662 0.0708244 0.319573 0.822576 0.809467 0.325854 0.526638 0.837757 0.352439 0.243179 0.647523 0.672095 0.318026 0.172031 0.0878412 0.577136 0.985372 0.323847 0.596797 0.237881 0.398386 0.941041 0.759292 0.978098 0.231191 0.904448 0.361516 0.959326 0.657834 0.324022 0.433797 0.0538777 0.405517 0.925384 0.868116 0.708774 0.0444711 0.450893 0.912331 0.190433 0.139007 0.916963 0.30542 0.6479 0.539294 
0.0954348 0.506197 0.556034 0.35681 0.0872386 0.135415 0.443604 0.37594 0.88296 0.561618 0.938426 0.55933 0.385355 0.899416 0.905006 0.0923576 0.781046 0.258728 0.967116 0.419003 0.533902 0.608005 0.394529 0.444263 0.107846 0.834794 0.356137 0.175564 0.443914 0.861582 0.190827 0.784766 0.389575 0.12224 0.858243 0.699792 0.836993 0.172236 0.943347 0.721995 0.607284 0.362612 0.684917 0.355755 0.976716 0.0909738 0.590869 0.876177 0.126203 0.662377 0.4857 0.48938 0.870802 0.951779 0.781456 0.369998 0.828127 0.150113 0.469732 0.450658 0.883836 0.71391 0.748985 0.591802 
0.619353 0.72607 0.0879369 0.126162 0.828892 0.733765 0.265016 0.383178 0.817145 0.541556 0.634863 0.414806 0.361165 0.0349266 0.814254 0.174149 0.65228 0.298742 0.923353 0.913901 0.94454 0.655313 0.813411 0.77986 0.0870424 0.980137 0.690562 0.963153 0.881396 0.484397 0.367417 0.126695 0.072086 0.886267 0.195698 0.405006 0.456562 0.078378 0.585194 0.439655 0.849558 0.87152 0.247552 0.497592 0.0817461 0.282064 0.227511 0.785032 0.868099 0.942725 0.177818 0.766337 0.25133 0.635174 0.807427 0.377941 0.254578 0.381977 0.305136 0.205069 0.415729 0.290567 0.149847 0.221228 
0.25234 0.395765 0.349781 0.682918 0.394129 0.210308 0.997297 0.69399 0.772854 0.594184 0.742522 0.806177 0.317302 0.688715 0.685929 0.0532778 0.175135 0.694187 0.883537 0.177771 0.79966 0.865233 0.56224 0.72008 0.593218 0.99022 0.530867 0.485942 0.487295 0.135787 0.932959 0.444731 0.607908 0.571048 0.347185 0.464865 0.744538 0.833251 0.14996 0.517478 0.879299 0.0614857 0.990548 0.889591 0.512287 0.0632795 0.0394089 0.417487 0.929112 0.505107 0.75466 0.552717 0.0253197 0.297625 0.365768 0.662972 0.715222 0.506605 0.876374 0.184899 0.800142 0.722773 0.678695 0.848487 
0.826694 0.631921 0.767458 0.160584 0.181279 0.240954 0.587195 0.686304 0.370761 0.537276 0.587616 0.400127 0.746703 0.453502 0.788935 0.356569 0.285104 0.290116 0.22085 0.263733 0.487963 0.83779 0.999727 0.525129 0.850052 0.0587959 0.727671 0.130619 0.631576 0.203369 0.0586534 0.521114 0.882558 0.319538 0.991737 0.414863 0.348248 0.174494 0.118603 0.452292 0.560433 0.397406 0.482603 0.189353 0.802483 0.761178 0.75347 0.971381 0.870753 0.160729 0.99671 0.819066 0.215378 0.859709 0.417943 0.800119 0.54587 0.174705 0.656604 0.499625 0.868656 0.663677 0.529981 0.0930886 
0.465476 0.744917 0.732707 0.306538 0.530008 0.624295 0.79208 0.822657 0.524208 0.547434 0.804687 0.419933 0.829107 0.959145 0.661784 0.258802 0.522993 0.340303 0.349351 0.00355312 0.0911548 0.660773 0.804667 0.204169 0.0659703 0.942917 0.827189 0.634366 0.917693 0.323363 0.746912 0.553229 0.660832 0.552141 0.61968 0.0687557 0.952952 0.419409 0.659299 0.604728 0.0361052 0.46206 0.0943034 0.605413 0.361013 0.29304 0.735781 0.202123 0.879884 0.0857975 0.793096 0.813084 0.475351 0.136446 0.789848 0.70014 0.883356 0.104064 0.962299 0.760629 0.831473 0.562135 0.502622 0.185035 
0.531222 0.76504 0.755521 0.757401 0.402833 0.170942 0.602923 0.511201 0.621712 0.863665 0.981516 0.192244 0.0977208 0.0130755 0.17111 0.955371 0.62645 0.605239 0.0607649 0.477449 0.484385 0.836063 0.372604 0.804257 0.854115 0.487716 0.799404 0.401722 0.685747 0.927892 0.2331 0.53324 0.497242 0.575979 0.550959 0.25711 0.108322 0.17735 0.453742 0.339046 0.532868 0.652454 0.0146722 0.912493 0.985849 0.120911 0.594608 0.499026 0.353502 0.625866 0.81014 0.947277 0.554243 0.9412 0.460249 0.979681 0.107909 0.652203 0.58267 0.787944 0.170043 0.438983 0.58484 0.790996 
0.814677 0.887086 0.877883 0.146909 0.176465 0.228792 0.0716784 0.421513 0.0652258 0.535807 0.920072 0.376135 0.213727 0.462379 0.296714 0.672042 0.959523 0.873795 0.785009 0.886042 0.108646 0.676366 0.400728 0.0741244 0.65337 0.175508 0.0419398 0.908453 0.158123 0.250557 0.452423 0.886766 0.449039 0.501201 0.296839 0.914469 0.596579 0.830959 0.270053 0.912426 0.918951 0.77479 0.687854 0.842177 0.104281 0.0798731 0.365095 0.369195 0.543108 0.356507 0.597586 0.303482 0.907238 0.230893 0.907321 0.315941 0.75513 0.493353 0.961111 0.130905 0.889594 0.598683 0.136685 0.508365 
0.458765 0.294066 0.0176013 0.371719 0.930519 0.50122 0.842924 0.724267 0.0655495 0.137496 0.961955 0.77357 0.333885 0.202477 0.0615854 0.76536 0.465392 0.630695 0.769684 0.637106 0.339343 0.582459 0.375214 0.687544 0.858624 0.408004 0.573177 0.473592 0.489415 0.00855632 0.1385 0.917206 0.656184 0.569119 0.776282 0.148871 0.460317 0.733621 0.811283 0.791062 0.829 0.820345 0.964584 0.47297 0.7588 0.943658 0.566922 0.192932 0.406136 0.44919 0.464097 0.0480197 0.648427 0.410985 0.251664 0.347248 0.513133 0.1591 0.172512 0.529871 0.799684 0.746818 0.353927 0.448809 
0.712709 0.168391 0.539778 0.437897 0.505173 0.88833 0.0919988 0.368063 0.660816 0.703194 0.733191 0.292753 0.564113 0.799374 0.159655 0.690497 0.692699 0.969602 0.0981125 0.224466 0.854884 0.0222915 0.346669 0.338814 0.561648 0.745305 0.126954 0.0781148 0.204076 0.823743 0.760795 0.0724863 0.802293 0.529825 0.753223 0.491843 0.974101 0.31063 0.459438 0.828546 0.824105 0.0370858 0.165463 0.80518 0.14997 0.303489 0.852848 0.16193 0.233981 0.879535 0.770384 0.56489 0.856482 0.924927 0.995223 0.556828 0.755082 0.246876 0.628773 0.856154 0.368375 0.350034 0.306696 0.0125458 
0.704161 0.840499 0.73978 0.500968 0.532309 0.964347 0.297962 0.735187 0.678266 0.403991 0.0253929 0.318867 0.630295 0.933169 0.275484 0.400577 0.458029 0.526477 0.277003 0.859138 0.713285 0.747462 0.463311 0.799198 0.158421 0.533951 0.632827 0.134226 0.669116 0.906304 0.629824 0.339199 0.458808 0.85812 0.0232488 0.621301 0.215242 0.538839 0.379789 0.56516 0.96931 0.264349 0.827778 0.967848 0.459423 0.0216834 0.786467 0.680288 0.874227 0.681523 0.175835 0.489993 0.182843 0.861478 0.743547 0.431311 0.533219 0.0175839 0.325537 0.22859 0.405969 0.516418 0.446329 0.0747648 
0.197783 0.814125 0.253282 0.697235 0.667427 0.62723 0.413664 0.465445 0.381193 0.182942 0.88509 0.393111 0.900354 0.848021 0.931861 0.321665 0.197565 0.251045 0.266635 0.485404 0.311835 0.674067 0.77712 0.967076 0.97438 0.667394 0.0830653 0.747469 0.159292 0.450381 0.0528215 0.119482 0.429543 0.413562 0.624186 0.768875 0.555537 0.587636 0.919129 0.699363 0.0790426 0.831464 0.134357 0.777797 0.364107 0.935065 0.869079 0.369656 0.329239 0.0907831 0.0297739 0.00116616 0.762323 0.91676 0.222046 0.94618 0.800493 0.617431 0.747753 0.470809 0.923232 0.307841 0.126844 0.692094 
0.275275 0.213975 0.518167 0.53789 0.794241 0.738449 0.3677 0.221913 0.934815 0.91855 0.784573 0.83709 0.612022 0.428513 0.85601 0.424073 0.0490986 0.343756 0.332354 0.439954 0.727685 0.722007 0.924224 0.751799 0.885331 0.980195 0.571959 0.235554 0.305425 0.256495 0.620851 0.0753528 0.326695 0.499517 0.931955 0.332018 0.398808 0.760724 0.0812678 0.07252 0.327396 0.753526 0.447085 0.540962 0.829615 0.409769 0.276284 0.892307 0.204121 0.246493 0.937757 0.838467 0.0542763 0.568844 0.631264 0.145678 0.639577 0.371184 0.30818 0.430805 0.216008 0.143908 0.940774 0.769594 
0.706514 0.935293 0.0107025 0.395364 0.16335 0.544656 0.106249 0.862682 0.62397 0.199042 0.557957 0.0473287 0.639625 0.207985 0.480406 0.167947 0.746369 0.456197 0.487052 0.139656 0.876996 0.45286 0.352557 0.322445 0.264924 0.777917 0.779974 0.807958 0.0481234 0.57302 0.428582 0.22593 0.477832 0.116709 0.386479 0.526528 0.22944 0.576042 0.043769 0.139167 0.915132 0.432526 0.430381 0.808594 0.416611 0.786784 0.370907 0.046013 0.743119 0.0299607 0.0702347 0.276766 0.824642 0.681535 0.745264 0.805828 0.804127 0.862034 0.582951 0.53354 0.110473 0.171778 0.85419 0.928735 
0.845918 0.0395091 0.28907 0.145675 0.415097 0.326721 0.135063 0.887617 0.0788197 0.0486449 0.566369 0.910057 0.835378 0.526476 0.887717 0.330216 0.494103 0.984393 0.00196629 0.117794 0.973185 0.662711 0.0893158 0.795915 0.741978 0.26296 0.308515 0.174858 0.600565 0.56676 0.965926 0.82338 0.102347 0.520877 0.403878 0.668457 0.826815 0.36549 0.838278 0.67557 0.742489 0.373865 0.738489 0.555267 0.0642352 0.357497 0.460119 0.112698 0.285872 0.136959 0.19997 0.170493 0.870429 0.565146 0.964174 0.0254849 0.941748 0.917525 0.352929 0.822875 0.0174755 0.0488957 0.382563 0.77027 
0.670347 0.0829922 0.724525 0.924699 0.202926 0.4201 0.123965 0.742594 0.111965 0.317796 0.532795 0.256386 0.908301 0.899222 0.353524 0.777704 0.360448 0.319005 0.0548391 0.269376 0.546355 0.984147 0.392581 0.960469 0.26555 0.690134 0.299845 0.888448 0.721826 0.864688 0.0655593 0.854069 0.215672 0.69482 0.71631 0.636321 0.943668 0.0903966 0.521872 0.569788 0.220261 0.451375 0.47375 0.959714 0.738919 0.295693 0.546539 0.90509 0.454829 0.173926 0.596649 0.194114 0.357907 0.843797 0.0264286 0.0627685 0.82281 0.570772 0.501477 0.604386 0.688345 0.594476 0.316488 0.818611 
0.768168 0.300654 0.652212 0.306175 0.0253028 0.437548 0.485445 0.909332 0.918884 0.464089 0.596063 0.823334 0.594339 0.109637 0.56097 0.30525 0.785219 0.837709 0.617543 0.492627 0.531889 0.599535 0.631446 0.546561 0.508857 0.0784772 0.852243 0.941005 0.654568 0.355178 0.931897 0.257349 0.404506 0.0857182 0.311242 0.312771 0.772482 0.423193 0.73368 0.598394 0.19288 0.0259825 0.788529 0.831416 0.547823 0.114198 0.575236 0.534856 0.202374 0.271963 0.718209 0.482145 0.164643 0.45157 0.607121 0.0516864 0.33167 0.173153 0.826657 0.973442 0.230978 0.683094 0.893912 0.418583 
0.617218 0.601489 0.522226 0.947817 0.35086 0.110825 0.310304 0.114827 0.369114 0.407536 0.866394 0.895548 0.836055 0.754496 0.98853 0.784126 0.409832 0.250038 0.333029 0.248016 0.147696 0.734006 0.154882 0.443925 0.186807 0.969121 0.974802 0.491995 0.0779259 0.372174 0.237252 0.125907 0.916917 0.0271389 0.142005 0.639858 0.796967 0.987719 0.419756 0.312802 0.546613 0.0265514 0.632057 0.189786 0.855893 0.626651 0.730939 0.885273 0.588946 0.699796 0.126587 0.5013 0.0314353 0.316992 0.801682 0.945237 0.10385 0.302686 0.869838 0.982778 0.87864 0.926177 0.892548 0.534788 
0.947417 0.202199 0.445566 0.701414 0.310205 0.320696 0.359219 0.493134 0.860449 0.870623 0.512068 0.335335 0.16778 0.947756 0.115174 0.828849 0.952457 0.802657 0.0179856 0.758378 0.693327 0.119734 0.693296 0.236749 0.137849 0.332176 0.480492 0.978755 0.137919 0.906681 0.138467 0.787411 0.492465 0.0237523 0.26603 0.220846 0.296653 0.472944 0.773041 0.317707 0.736594 0.720768 0.970037 0.757096 0.100447 0.592109 0.670958 0.635925 0.849068 0.35599 0.804568 0.462383 0.0663828 0.863808 0.912224 0.644835 0.820278 0.066893 0.403332 0.906011 0.923304 0.160468 0.285927 0.236603 
0.592759 0.564593 0.229381 0.765907 0.833397 0.258037 0.38637 0.510082 0.734929 0.782045 0.75874 0.496564 0.466506 0.463743 0.799707 0.479102 0.354361 0.0739852 0.0588616 0.769355 0.931306 0.535778 0.138921 0.857853 0.914217 0.622147 0.606498 0.187932 0.346694 0.912103 0.239929 0.555465 0.255861 0.0394547 0.778775 0.710516 0.684781 0.903817 0.566739 0.241367 0.689255 0.422273 0.299461 0.724941 0.601387 0.274923 0.693422 0.284471 0.374962 0.285758 0.331021 0.200524 0.241625 0.611292 0.0532876 0.539446 0.119836 0.918285 0.977207 0.668104 0.691058 0.693124 0.0716446 0.187529 
0.904557 0.795791 0.581764 0.0935802 0.162454 0.30606 0.565695 0.928863 0.143265 0.673845 0.566875 0.0124905 0.0858824 0.805284 0.912697 0.89153 0.436923 0.997815 0.407277 0.229641 0.779184 0.159627 0.643837 0.73726 0.759097 0.734093 0.361553 0.717562 0.018109 0.0771192 0.264583 0.846234 0.495292 0.906719 0.459534 0.40155 0.35644 0.334983 0.2955 0.813062 0.694461 0.0640841 0.979349 0.802901 0.550775 0.743602 0.680609 0.148205 0.799785 0.533518 0.531122 0.448734 0.0639076 0.836887 0.553457 0.181797 0.0971129 0.0262887 0.733044 0.65936 0.091893 0.910408 0.064081 0.321874 
0.255834 0.530928 0.570984 0.665777 0.0870549 0.807744 0.712305 0.636813 0.78017 0.0688601 0.51133 0.770249 0.491227 0.152473 0.21217 0.000485175 0.206025 0.188005 0.757519 0.123039 0.299197 0.703602 0.559489 0.479991 0.257879 0.715662 0.999141 0.881978 0.152131 0.119766 0.429944 0.0205814 0.164862 0.904775 0.952474 0.395652 0.520806 0.459973 0.555721 0.0911294 0.170149 0.110541 0.880699 0.029954 0.911622 0.532113 0.484678 0.811334 0.554386 0.713429 0.224595 0.293016 0.358923 0.81396 0.0100856 0.703257 0.638291 0.788647 0.372904 0.349491 0.829351 0.636644 0.910465 0.841956 
0.409057 0.700152 0.957912 0.191819 0.611202 0.319918 0.41705 0.472801 0.588694 0.755531 0.761928 0.824352 0.673009 0.478316 0.616799 0.26143 0.500121 0.889191 0.395749 0.637196 0.376797 0.203766 0.361037 0.268553 0.126834 0.0569316 0.309253 0.945616 0.478302 0.39616 0.102802 0.455323 0.773426 0.941878 0.857797 0.656874 0.600087 0.214646 0.727425 0.0801161 0.455633 0.444089 0.542795 0.315012 0.661856 0.383336 0.486809 0.742216 0.761326 0.894098 0.526993 0.0617141 0.558616 0.138734 0.977747 0.625748 0.631001 0.183346 0.438649 0.860348 0.928531 0.446295 0.697981 0.551663 
0.663109 0.396694 0.451996 0.512512 0.244374 0.404089 0.450774 0.153175 0.115636 0.652146 0.262077 0.640516 0.418309 0.94015 0.50484 0.771435 0.366107 0.639573 0.0370664 0.809265 0.427889 0.398752 0.437378 0.916181 0.379671 0.173329 0.0339958 0.261765 0.944558 0.0538394 0.179914 0.663612 0.898913 0.779706 0.000990708 0.971701 0.7886 0.531239 0.354183 0.940597 0.967323 0.155617 0.924319 0.462114 0.855796 0.370682 0.0703571 0.70445 0.404543 0.529692 0.785055 0.423462 0.239602 0.133392 0.407134 0.148194 0.560021 0.601601 0.913615 0.3625 0.204857 0.205695 0.694226 0.0892447 
0.0133365 0.0611382 0.774383 0.671817 0.601585 0.206731 0.740507 0.0292811 0.160991 0.549521 0.703419 0.0280285 0.983333 0.719836 0.151715 0.332129 0.770663 0.81964 0.313502 0.616061 0.376123 0.0174392 0.259696 0.112676 0.832327 0.83662 0.27724 0.447336 0.520945 0.290405 0.0277676 0.651109 0.491783 0.898742 0.622077 0.236993 0.00308757 0.375847 0.779371 0.337161 0.016229 0.234038 0.777092 0.567294 0.671818 0.912258 0.59237 0.134482 0.988601 0.379907 0.462598 0.838006 0.277675 0.489706 0.667147 0.241638 0.646852 0.265774 0.289776 0.425015 0.785947 0.602228 0.626071 0.364462 
0.617386 0.847943 0.950711 0.161587 0.679958 0.618008 0.309264 0.975283 0.802407 0.584447 0.543762 0.834071 0.0725539 0.508252 0.305444 0.402561 0.292599 0.397915 0.612837 0.940966 0.520532 0.359281 0.880235 0.682441 0.784445 0.14898 0.0319391 0.0653729 0.705395 0.0595608 0.501912 0.714953 0.453744 0.749379 0.428777 0.35185 0.378838 0.819678 0.87425 0.0661295 0.272037 0.534901 0.61002 0.909584 0.807076 0.884879 0.81888 0.407399 0.905924 0.44836 0.785537 0.488138 0.582863 0.107591 0.13331 0.610181 0.369279 0.793101 0.378696 0.964347 0.414434 0.677379 0.0902766 0.822979 
0.224386 0.800165 0.719998 0.0465241 0.245152 0.701463 0.778711 0.204112 0.202583 0.970543 0.453421 0.314432 0.0326825 0.012152 0.624504 0.939503 0.574224 0.868509 0.0601134 0.0801343 0.285388 0.266053 0.192649 0.335612 0.779898 0.124702 0.493186 0.868531 0.304924 0.86746 0.883374 0.276159 0.998944 0.485466 0.50909 0.281509 0.716596 0.755287 0.163151 0.806841 0.436772 0.26238 0.0875452 0.56676 0.586084 0.119975 0.559871 0.823751 0.590561 0.296573 0.939653 0.558936 0.954377 0.452873 0.488903 0.206387 0.0167969 0.634918 0.309342 0.591771 0.582036 0.574127 0.92966 0.291169 
0.163286 0.459256 0.000201621 0.740184 0.696357 0.943241 0.625017 0.846444 0.305144 0.130442 0.0741509 0.943378 0.990913 0.67412 0.255663 0.573112 0.192676 0.855962 0.771014 0.732072 0.330311 0.637003 0.629185 0.305446 0.0123247 0.555822 0.942099 0.789882 0.628988 0.659489 0.414411 0.795122 0.858946 0.698299 0.683155 0.978027 0.276277 0.739764 0.147882 0.342688 0.698335 0.649494 0.789911 0.975173 0.796838 0.310902 0.340338 0.836866 0.479305 0.231262 0.945621 0.179172 0.661196 0.103887 0.88846 0.94847 0.946263 0.947584 0.500589 0.423119 0.28113 0.0740158 0.336633 0.545392 
0.867167 0.347384 0.668247 0.741191 0.426448 0.72201 0.155985 0.222855 0.317649 0.401147 0.336533 0.793592 0.380104 0.15838 0.753281 0.483101 0.144342 0.186422 0.71988 0.927986 0.71076 0.925548 0.0560187 0.0786344 0.00873582 0.117505 0.765365 0.580947 0.629517 0.472636 0.728411 0.358857 0.0586532 0.210538 0.883913 0.536324 0.792968 0.623098 0.535157 0.817034 0.1461 0.120072 0.782059 0.96392 0.283596 0.0190903 0.327093 0.401802 0.337313 0.827454 0.69884 0.00370992 0.813943 0.254551 0.336605 0.794473 0.0122879 0.00136727 0.0493352 0.0638687 0.07167 0.0948734 0.415388 0.416141 
0.13585 0.222889 0.0349515 0.623749 0.775568 0.175767 0.129129 0.274655 0.464837 0.905754 0.610907 0.060419 0.956631 0.494504 0.655286 0.76339 0.262938 0.406607 0.896518 0.964779 0.158906 0.66049 0.50025 0.511262 0.43239 0.00541752 0.836806 0.0241957 0.0644044 0.925229 0.277302 0.553121 0.951022 0.736 0.495215 0.545148 0.401388 0.998833 0.429853 0.860886 0.242639 0.763326 0.358433 0.935901 0.52768 0.0612035 0.938628 0.0607861 0.853607 0.623499 0.707602 0.653319 0.50659 0.0567252 0.610965 0.421647 0.416966 0.925024 0.215917 0.420843 0.918126 0.523616 0.828057 0.0340093 
0.0183994 0.285182 0.711548 0.408079 0.176121 0.6524 0.640943 0.193824 0.88289 0.667577 0.684531 0.78941 0.0641687 0.991151 0.454067 0.771443 0.573721 0.990359 0.999029 0.197893 0.532731 0.225933 0.702187 0.954751 0.329278 0.323296 0.418121 0.375034 0.331369 0.760654 0.168375 0.671867 0.770316 0.0825918 0.3582 0.215163 0.244259 0.79926 0.233017 0.662108 0.36784 0.715649 0.0561678 0.419905 0.494248 0.677373 0.0264031 0.97913 0.548267 0.328454 0.603389 0.621664 0.656923 0.581307 0.365641 0.640327 0.786804 0.321613 0.110739 0.716233 0.763344 0.871325 0.619905 0.517847 
0.62721 0.261473 0.763524 0.552943 0.175995 0.654772 0.369182 0.952925 0.160041 0.204802 0.459188 0.420462 0.819384 0.885131 0.842064 0.713654 0.871586 0.763949 0.253513 0.101027 0.120172 0.833444 0.15002 0.2769 0.395112 0.350918 0.547671 0.894105 0.327396 0.20733 0.812436 0.757763 0.469572 0.12426 0.858213 0.121977 0.425331 0.14264 0.792108 0.784982 0.762851 0.740649 0.610431 0.855016 0.718291 0.600677 0.511042 0.696575 0.166432 0.840063 0.999759 0.986547 0.589465 0.357843 0.987502 0.7462 0.124799 0.914448 0.316418 0.352529 0.111437 0.264361 0.809749 0.856932 
0.145773 0.984527 0.766547 0.787429 0.922579 0.522678 0.602194 0.646807 0.769476 0.0621817 0.165751 0.14145 0.228076 0.885492 0.531275 0.818856 0.612324 0.859589 0.837958 0.618813 0.671293 0.154632 0.38118 0.879074 0.252334 0.590934 0.645923 0.556815 0.398187 0.653434 0.145184 0.774266 0.601879 0.8514 0.0991855 0.747866 0.892127 0.746724 0.726029 0.723171 0.104228 0.406124 0.469039 0.359289 0.00310062 0.297347 0.554166 0.171912 0.539633 0.907899 0.436775 0.499548 0.400287 0.605141 0.309921 0.417629 0.277289 0.844787 0.461358 0.795547 0.884758 0.0639283 0.27331 0.543678 
0.586834 0.918525 0.423655 0.787924 0.424572 0.763242 0.312553 0.83443 0.46516 0.567761 0.0857351 0.696111 0.768269 0.794812 0.793188 0.512762 0.671914 0.240715 0.598122 0.788811 0.123364 0.634366 0.550668 0.565732 0.152015 0.708632 0.16918 0.456068 0.382715 0.946473 0.942356 0.499812 0.915498 0.442816 0.486559 0.260387 0.521229 0.934167 0.473191 0.872903 0.229762 0.467518 0.843729 0.772775 0.254508 0.197588 0.0842257 0.378504 0.709627 0.245713 0.265643 0.382574 0.150963 0.0506962 0.904468 0.780827 0.228402 0.129875 0.59943 0.641534 0.0238314 0.282204 0.67568 0.577001 
0.171108 0.0138191 0.00296108 0.238063 0.845058 0.854968 0.801351 0.939452 0.230364 0.525695 0.522913 0.644372 0.318261 0.477123 0.822634 0.316964 0.64801 0.517242 0.847137 0.388374 0.592371 0.776367 0.420013 0.890018 0.190591 0.157518 0.0152032 0.676699 0.396994 0.971637 0.36265 0.983494 0.405997 0.356579 0.630821 0.75173 0.471908 0.505913 0.601009 0.856353 0.767338 0.190228 0.708673 0.731697 0.54 0.391516 0.314941 0.00609089 0.728627 0.238534 0.321489 0.490088 0.486072 0.0855312 0.589346 0.909368 0.963864 0.837135 0.27704 0.316012 0.123796 0.416941 0.436618 0.311189 
0.455795 0.512371 0.611609 0.907138 0.902722 0.96431 0.353645 0.0508893 0.528131 0.0637312 0.0161243 0.0253103 0.591879 0.858137 0.118509 0.469264 0.890823 0.267744 0.514607 0.965615 0.147481 0.32186 0.99903 0.74353 0.537532 0.904128 0.425291 0.144588 0.81526 0.485819 0.727576 0.159005 0.63856 0.2088 0.250302 0.730071 0.954067 0.729353 0.975564 0.900171 0.595185 0.582141 0.459496 0.139797 0.997455 0.643472 0.59783 0.769727 0.168328 0.779897 0.2648 0.795723 0.899616 0.373371 0.53564 0.621665 0.304988 0.0709486 0.369026 0.144029 0.801258 0.118348 0.203195 0.915436 
0.25099 0.620404 0.613009 0.296741 0.528992 0.825726 0.786069 0.935534 0.902822 0.808182 0.905077 0.811164 0.580975 0.855128 0.224031 0.301411 0.39401 0.681563 0.78477 0.454182 0.517973 0.318239 0.258078 0.854791 0.925812 0.852914 0.085821 0.98741 0.413219 0.569718 0.885036 0.68975 0.692687 0.270566 0.305776 0.646711 0.86417 0.373257 0.19817 0.238131 0.472357 0.0525905 0.993675 0.906838 0.0587954 0.586003 0.987 0.419073 0.116841 0.27585 0.233514 0.168886 0.232651 0.118377 0.512191 0.651491 0.34013 0.207639 0.480812 0.233949 0.167013 0.731185 0.450403 0.42764 
0.0177366 0.738028 0.982175 0.304515 0.678618 0.340371 0.844985 0.845055 0.877313 0.986689 0.604842 0.843771 0.669143 0.829592 0.0239241 0.139696 0.157518 0.294039 0.860361 0.443875 0.118565 0.813311 0.0829289 0.830001 0.517079 0.942131 0.816853 0.10546 0.260521 0.778812 0.937827 0.0375396 0.691715 0.346197 0.921285 0.21841 0.496039 0.20842 0.517997 0.181252 0.416664 0.318775 0.446388 0.148157 0.550928 0.671069 0.84531 0.359389 0.310302 0.709569 0.889047 0.13319 0.0937534 0.255789 0.396923 0.61314 0.271442 0.708311 0.64781 0.335866 0.0134488 0.502624 0.655258 0.403309 
0.844794 0.936628 0.696834 0.757748 0.940556 0.985026 0.944705 0.183332 0.996029 0.79783 0.284645 0.22889 0.794766 0.818312 0.480882 0.62048 0.122341 0.693433 0.528461 0.452615 0.214413 0.371914 0.248962 0.16298 0.349988 0.962331 0.717382 0.527649 0.614184 0.36131 0.775258 0.140142 0.629079 0.391256 0.190687 0.325272 0.881042 0.21345 0.165927 0.123539 0.256113 0.457837 0.98258 0.709838 0.0246824 0.0573315 0.614034 0.499081 0.69435 0.0930155 0.28735 0.989224 0.413749 0.304684 0.502204 0.383192 0.18131 0.219431 0.785616 0.0611606 0.000670705 0.291597 0.298108 0.305819 
0.4263 0.849112 0.271887 0.81235 0.251558 0.319291 0.198015 0.810936 0.266731 0.836024 0.122257 0.884464 0.537172 0.632857 0.493537 0.0242729 0.525939 0.792962 0.0645427 0.411354 0.213818 0.259099 0.293251 0.350595 0.450812 0.539908 0.545405 0.9004 0.683926 0.459472 0.933613 0.954316 0.561563 0.644812 0.976721 0.414327 0.0210649 0.258177 0.240477 0.903085 0.00424518 0.557213 0.327016 0.0210334 0.362465 0.40678 0.13761 0.809634 0.0431745 0.834836 0.136732 0.70626 0.599268 0.395652 0.755148 0.227405 0.281495 0.666406 0.471536 0.432818 0.78069 0.78695 0.674486 0.39582 
0.164005 0.495534 0.558037 0.224805 0.942193 0.5168 0.826907 0.259886 0.28574 0.699851 0.908701 0.535741 0.825302 0.537382 0.256972 0.953886 0.777476 0.921567 0.0752418 0.298824 0.237038 0.784042 0.917995 0.161835 0.7918 0.930198 0.323544 0.692447 0.918097 0.377623 0.203718 0.03877 0.375332 0.482902 0.0792367 0.135016 0.162726 0.781009 0.261184 0.0956923 0.17946 0.745384 0.652795 0.464662 0.794783 0.698924 0.75923 0.922825 0.697772 0.934632 0.880445 0.894831 0.489679 0.24614 0.875908 0.0095685 0.0161163 0.836532 0.841525 0.483089 0.379747 0.218129 0.791143 0.503254 
0.316065 0.0712251 0.0365764 0.779113 0.66461 0.00758073 0.262284 0.139591 0.18365 0.0532844 0.874862 0.869263 0.951245 0.539341 0.885495 0.973631 0.746194 0.857475 0.576476 0.692515 0.733496 0.010712 0.904163 0.851717 0.453316 0.590693 0.116502 0.207679 0.939345 0.335271 0.662903 0.275043 0.764824 0.58206 0.261467 0.553375 0.534865 0.670025 0.463112 0.0929162 0.926207 0.0930393 0.661776 0.0443897 0.273982 0.0258796 0.997358 0.0601959 0.729751 0.822951 0.916895 0.781958 0.901399 0.136407 0.614104 0.584007 0.228846 0.284673 0.320207 0.305817 0.371991 0.544223 0.970432 0.626147 
0.375242 0.677365 0.711599 0.558208 0.757093 0.575379 0.805178 0.928544 0.354267 0.346892 0.795037 0.369613 0.833536 0.627109 0.316252 0.720746 0.0450557 0.0361204 0.129982 0.874682 0.748675 0.730754 0.0538234 0.210274 0.118278 0.218997 0.395971 0.185667 0.358096 0.0822112 0.75306 0.696961 0.514336 0.235873 0.899057 0.384893 0.598547 0.000405084 0.63421 0.436924 0.0454894 0.121532 0.298102 0.618888 0.0655274 0.0077818 0.479429 0.0246672 0.489847 0.350778 0.527248 0.676348 0.518717 0.609688 0.0145075 0.353474 0.697149 0.653986 0.786487 0.202338 0.730832 0.374501 0.0544916 0.996189 
0.118042 0.293164 0.295262 0.551818 0.942548 0.718761 0.029354 0.690872 0.59902 0.345648 0.247002 0.694408 0.423275 0.0758334 0.349721 0.307095 0.911591 0.374759 0.802952 0.0420896 0.87606 0.288691 0.785604 0.184552 0.416198 0.391475 0.490979 0.152455 0.225306 0.374896 0.514807 0.929449 0.577435 0.439446 0.526543 0.977195 0.766132 0.663764 0.121595 0.0603275 0.855069 0.374649 0.166691 0.740341 0.550126 0.131434 0.0322562 0.367317 0.330662 0.189628 0.931888 0.399996 0.503819 0.943866 0.641865 0.982371 0.171638 0.781454 0.408031 0.302188 0.790941 0.0616016 0.654396 0.204646 
0.82244 0.330805 0.59652 0.885173 0.567131 0.650178 0.925664 0.703346 0.573962 0.012947 0.768886 0.795559 0.240845 0.98933 0.0974857 0.315835 0.628526 0.840942 0.440452 0.554405 0.64537 0.0708942 0.823594 0.125238 0.104278 0.788935 0.895728 0.865186 0.3083 0.903912 0.331808 0.496075 0.195366 0.627377 0.229308 0.753345 0.825652 0.0278443 0.102028 0.825296 0.259615 0.065965 0.41376 0.493757 0.576669 0.879176 0.0954472 0.640555 0.441932 0.517209 0.309675 0.690932 0.684362 0.781888 0.581252 0.161217 0.622773 0.559663 0.135067 0.0651238 0.669023 0.766122 0.349713 0.32381 
0.093841 0.0374827 0.185292 0.9122 0.306009 0.948629 0.194076 0.145805 0.108678 0.698113 0.673463 0.586667 0.745102 0.175626 0.435214 0.15725 0.701631 0.649164 0.731833 0.214163 0.221812 0.62417 0.946497 0.2033 0.35191 0.862862 0.28712 0.68777 0.383403 0.692737 0.429369 0.412837 0.911021 0.708495 0.671636 0.922072 0.226311 0.777996 0.144307 0.805792 0.887264 0.0882337 0.784714 0.591492 0.613858 0.371835 0.976313 0.950378 0.751138 0.632709 0.809106 0.0337616 0.908488 0.529851 0.58746 0.262258 0.731823 0.0636946 0.468674 0.915755 0.685977 0.933522 0.108056 0.0575503 
0.58085 0.0600106 0.208327 0.24061 0.880143 0.798204 0.479464 0.680863 0.307333 0.580895 0.476264 0.865584 0.627552 0.427411 0.0156343 0.720236 0.842165 0.224049 0.170698 0.919985 0.710289 0.801135 0.242519 0.165601 0.81747 0.0349628 0.964324 0.0261794 0.574816 0.0732243 0.735006 0.484836 0.67187 0.714828 0.686771 0.51742 0.515882 0.045794 0.447458 0.574291 0.012358 0.222697 0.108846 0.640508 0.773791 0.244728 0.290618 0.987095 0.726633 0.902386 0.963521 0.301908 0.163408 0.6744 0.0988544 0.798551 0.858164 0.47794 0.337457 0.426058 0.363968 0.0128083 0.294561 0.624417 
0.390353 0.121525 0.181878 0.514104 0.295121 0.483788 0.0832624 0.567614 0.050215 0.631763 0.305086 0.172096 0.974186 0.882965 0.619167 0.71761 0.0191945 0.258364 0.109365 0.139143 0.672922 0.204613 0.9398 0.579785 0.870898 0.51908 0.368823 0.987639 0.0893893 0.628545 0.489621 0.125203 0.235192 0.883708 0.468973 0.912543 0.474081 0.174431 0.502291 0.657598 0.0732618 0.837656 0.379583 0.560988 0.222226 0.558 0.361123 0.649668 0.615983 0.696176 0.739434 0.248538 0.445307 0.231085 0.989211 0.683023 0.684467 0.273437 0.14151 0.982222 0.147174 0.144872 0.607337 0.123627 
0.589617 0.0878624 0.723817 0.462841 0.413812 0.598712 0.782066 0.352547 0.30426 0.724321 0.314511 0.876442 0.899022 0.140506 0.834046 0.972248 0.972491 0.560458 0.0588122 0.288102 0.257169 0.340352 0.459595 0.769653 0.252515 0.213342 0.831597 0.983592 0.780075 0.789767 0.249203 0.305992 0.779337 0.986871 0.231687 0.334578 0.678675 0.585924 0.687562 0.580952 0.121511 0.161002 0.957487 0.508325 0.686081 0.219339 0.521088 0.691807 0.807422 0.857935 0.0897955 0.292079 0.500991 0.107438 0.047011 0.52142 0.764056 0.922753 0.918546 0.835495 0.154934 0.410975 0.0170539 0.383009 
0.351122 0.100305 0.236299 0.828096 0.629832 0.482791 0.218547 0.211947 0.353425 0.299819 0.496395 0.348262 0.661132 0.514313 0.0372388 0.150838 0.816826 0.488706 0.611006 0.318952 0.825132 0.860625 0.739553 0.690966 0.836669 0.129636 0.379049 0.788857 0.706922 0.783466 0.881755 0.0886091 0.673689 0.212143 0.593036 0.299375 0.18657 0.92013 0.123765 0.253775 0.182656 0.99813 0.337596 0.465716 0.362817 0.629125 0.772257 0.790739 0.974608 0.558967 0.767289 0.57325 0.45091 0.315975 0.422011 0.535737 0.757296 0.386483 0.993697 0.47216 0.0641014 0.331451 0.416464 0.235217 
0.619127 0.0639258 0.115677 0.918946 0.00818088 0.392409 0.566097 0.889607 0.0935693 0.769677 0.222757 0.462329 0.927696 0.255168 0.23991 0.0114057 0.336456 0.5825 0.301777 0.0797508 0.111728 0.0462345 0.729231 0.122746 0.480443 0.72651 0.0985513 0.0850902 0.877258 0.82478 0.0755321 0.433422 0.521841 0.430487 0.451542 0.612322 0.86089 0.442431 0.409301 0.268457 0.847944 0.911348 0.187927 0.549027 0.345207 0.537064 0.587747 0.0696472 0.861585 0.0672585 0.290201 0.880663 0.688227 0.118588 0.24939 0.241494 0.724025 0.319126 0.453227 0.553883 0.574756 0.664885 0.392367 0.511588 
0.402838 0.87758 0.430228 0.42109 0.776729 0.0412768 0.732386 0.139454 0.707925 0.218231 0.99661 0.523393 0.82511 0.638529 0.587572 0.243176 0.881857 0.96118 0.511178 0.335011 0.189943 0.911048 0.022224 0.0428278 0.623185 0.724235 0.352397 0.188183 0.65524 0.0598613 0.208717 0.743384 0.576989 0.518343 0.00520653 0.300106 0.179119 0.236349 0.858073 0.709614 0.663603 0.497929 0.199634 0.509568 0.417105 0.542223 0.313619 0.463625 0.261762 0.477759 0.336194 0.112147 0.800131 0.648905 0.484331 0.480074 0.878609 0.0354637 0.00257387 0.508962 0.138204 0.942417 0.114589 0.454392 
0.501814 0.414805 0.151036 0.429837 0.0245261 0.992419 0.245279 0.0530452 0.249798 0.765991 0.392597 0.757542 0.924159 0.316873 0.0963008 0.361034 0.0378577 0.293049 0.112669 0.464544 0.0862622 0.261805 0.16357 0.903963 0.926877 0.769861 0.857424 0.960822 0.686992 0.744087 0.362781 0.171527 0.338906 0.220819 0.573978 0.247613 0.354532 0.615715 0.230575 0.0941975 0.212393 0.615926 0.916231 0.138641 0.269416 0.53738 0.822454 0.173316 0.517592 0.868783 0.367194 0.21001 0.298076 0.751835 0.045054 0.593809 0.808398 0.54156 0.270853 0.0661735 0.976038 0.672127 0.938517 0.323772 
0.27799 0.603057 0.074228 0.961914 0.433854 0.969852 0.861305 0.573911 0.913489 0.0279691 0.833157 0.341365 0.238282 0.0418191 0.362158 0.496642 0.50571 0.47322 0.420284 0.835998 0.648212 0.482686 0.000569261 0.929945 0.652071 0.961469 0.935898 0.735057 0.24996 0.63574 0.483875 0.201201 0.163432 0.260652 0.0498915 0.466338 0.874467 0.482931 0.160546 0.682893 0.517426 0.674813 0.740739 0.0219292 0.075241 0.399104 0.427732 0.334038 0.553721 0.749193 0.960284 0.425583 0.0285348 0.524575 0.542041 0.00444635 0.291268 0.482008 0.578404 0.347395 0.0868015 0.443581 0.437612 0.221518 
0.534477 0.0777141 0.623492 0.164427 0.00348257 0.831309 0.330169 0.527606 0.150628 0.45618 0.329864 0.538879 0.338555 0.067375 0.911895 0.729064 0.0377795 0.168779 0.536355 0.303036 0.136508 0.188845 0.0219595 0.523035 0.217438 0.0766081 0.120814 0.627499 0.476509 0.543222 0.630376 0.150663 0.0147157 0.570761 0.998914 0.411161 0.658568 0.191304 0.899639 0.732597 0.127085 0.280703 0.0686875 0.761953 0.109495 0.284741 0.0252952 0.319279 0.0776078 0.814898 0.544751 0.842316 0.735491 0.338041 0.176312 0.508384 0.374739 0.576341 0.276423 0.258832 0.389273 0.62307 0.988434 0.647592 
0.147765 0.953451 0.552706 0.908024 0.249577 0.795813 0.37737 0.493533 0.00912313 0.653119 0.263086 0.487246 0.00335016 0.827237 0.669333 0.879449 0.517702 0.510039 0.276011 0.508178 0.322617 0.327309 0.545286 0.681249 0.219803 0.165341 0.735015 0.318487 0.0964776 0.0543574 0.893552 0.321444 0.669184 0.642222 0.312137 0.140353 0.703152 0.982292 0.66566 0.679216 0.964701 0.836479 0.119849 0.240373 0.318438 0.0084969 0.889813 0.0437618 0.444717 0.780962 0.647092 0.913172 0.380131 0.338144 0.888014 0.983401 0.281643 0.210815 0.38549 0.496977 0.650516 0.00776841 0.533576 0.666266 
0.352777 0.285218 0.681597 0.719445 0.696689 0.515703 0.124378 0.277672 0.109629 0.329163 0.326831 0.282903 0.413285 0.302211 0.408537 0.783172 0.81484 0.82166 0.0729807 0.753659 0.0927228 0.905437 0.603957 0.311562 0.352466 0.865319 0.243647 0.0495693 0.715968 0.371693 0.610113 0.355546 0.847668 0.64983 0.929674 0.424848 0.927563 0.317565 0.628774 0.952367 0.629966 0.488652 0.03768 0.684496 0.362704 0.985281 0.766269 0.306043 0.614084 0.127221 0.73063 0.561717 0.25412 0.701828 0.631083 0.423556 0.441331 0.651935 0.280638 0.865465 0.0175414 0.778878 0.602013 0.414391 
0.27471 0.328274 0.863002 0.566757 0.254889 0.734645 0.804034 0.805093 0.697265 0.332112 0.964297 0.524717 0.650555 0.242482 0.374285 0.0931949 0.983425 0.328059 0.269329 0.937682 0.0875324 0.00633623 0.618189 0.867123 0.920878 0.727042 0.222035 0.751298 0.362998 0.670424 0.433921 0.690226 0.577485 0.848824 0.570142 0.00824559 0.225254 0.968876 0.262633 0.262172 0.47723 0.513113 0.99976 0.672423 0.237815 0.588827 0.614739 0.826403 0.506726 0.471421 0.169372 0.433023 0.484235 0.00178521 0.391271 0.819726 0.663376 0.743827 0.618285 0.396799 0.229302 0.419947 0.585416 0.418088 
0.285934 0.0791958 0.90327 0.448965 0.955982 0.249751 0.592534 0.823785 0.825781 0.642802 0.311327 0.0579811 0.670971 0.753483 0.738738 0.990269 0.936341 0.697849 0.708912 0.103859 0.848224 0.366706 0.557126 0.00671771 0.425793 0.857404 0.275034 0.487708 0.0459002 0.130432 0.191846 0.596971 0.933639 0.086339 0.908477 0.98194 0.798875 0.0410061 0.0355631 0.0778847 0.673477 0.0293269 0.233712 0.311319 0.441919 0.258281 0.710399 0.76343 0.472505 0.922533 0.0419524 0.436151 0.549571 0.726297 0.221119 0.6828 0.663339 0.365381 0.375779 0.876184 0.485638 0.396455 0.968565 0.0249107 
0.68306 0.190217 0.799296 0.0600847 0.617673 0.777527 0.284237 0.545203 0.335442 0.708644 0.890429 0.941457 0.308946 0.029005 0.000245141 0.225824 0.867776 0.382433 0.260816 0.0329704 0.307787 0.181999 0.82448 0.0685801 0.752975 0.404543 0.411118 0.910027 0.821484 0.724913 0.6748 0.674378 0.648218 0.824795 0.723031 0.936364 0.188903 0.561255 0.658261 0.328481 0.862906 0.989337 0.381876 0.163899 0.514882 0.609098 0.232789 0.836753 0.854268 0.810536 0.0287362 0.355055 0.975081 0.0497463 0.207016 0.465785 0.601404 0.690232 0.705096 0.891378 0.562225 0.704964 0.378084 0.215831 
0.642044 0.806107 0.771786 0.254759 0.468213 0.0319747 0.509695 0.239862 0.37579 0.0653133 0.584196 0.834873 0.947773 0.637098 0.569316 0.533006 0.923032 0.0141429 0.591525 0.224516 0.50299 0.601355 0.884083 0.511815 0.508235 0.2661 0.296042 0.773377 0.174128 0.0300991 0.773293 0.517494 0.897968 0.592962 0.164605 0.218267 0.142663 0.152559 0.147994 0.739864 0.00655527 0.854036 0.421729 0.653137 0.0214524 0.035515 0.398737 0.771875 0.265999 0.909397 0.934827 0.941217 0.664705 0.192554 0.0224274 0.806363 0.816956 0.783949 0.0904671 0.167837 0.50176 0.494905 0.416436 0.489138 
0.469565 0.0759169 0.116739 0.823263 0.0989872 0.993291 0.106053 0.95848 0.685833 0.846412 0.29784 0.247003 0.98164 0.10749 0.815593 0.422933 0.629229 0.115188 0.260424 0.582553 0.753654 0.727884 0.433637 0.51344 0.309936 0.713348 0.604699 0.934696 0.786151 0.993403 0.700354 0.789372 0.502947 0.705989 0.51851 0.13394 0.548565 0.0816207 0.843166 0.521653 0.225196 0.551944 0.954774 0.299934 0.789612 0.367105 0.0402117 0.499669 0.608623 0.364319 0.773521 0.651899 0.398294 0.435355 0.872971 0.853959 0.214819 0.967068 0.112011 0.53561 0.054081 0.407139 0.129122 0.71226 
0.332099 0.874109 0.967136 0.304428 0.182215 0.489818 0.807979 0.583552 0.680022 0.12389 0.416406 0.250595 0.901207 0.994094 0.99681 0.426067 0.710182 0.510997 0.697397 0.183551 0.246189 0.178265 0.877841 0.142392 0.965804 0.383123 0.365702 0.296687 0.0638111 0.789794 0.301936 0.501611 0.0862258 0.0469684 0.0638249 0.468458 0.316179 0.649529 0.351315 0.291961 0.0304614 0.945171 0.0336212 0.347023 0.959445 0.4639 0.0236756 0.85382 0.935354 0.598309 0.928202 0.954335 0.425533 0.358855 0.0556112 0.0895344 0.139879 0.635037 0.696975 0.696192 0.674541 0.134462 0.468846 0.877027 
0.536699 0.968892 0.919085 0.0462502 0.566184 0.54195 0.608981 0.834539 0.261848 0.414987 0.285963 0.444391 0.166502 0.956469 0.689806 0.594885 0.733522 0.105456 0.385299 0.210551 0.134741 0.146586 0.842878 0.385881 0.195775 0.21495 0.184761 0.601992 0.814963 0.616884 0.504745 0.850182 0.471082 0.658397 0.201999 0.831535 0.471948 0.848718 0.186081 0.9069 0.599559 0.653252 0.316771 0.550331 0.782582 0.855019 0.194065 0.969673 0.212718 0.00228981 0.389069 0.698132 0.93824 0.0393975 0.620851 0.375354 0.695106 0.415582 0.763865 0.132091 0.36053 0.346642 0.479784 0.489705 
0.52658 0.601257 0.487474 0.723258 0.652174 0.865772 0.454657 0.602618 0.903973 0.0290038 0.99605 0.0597865 0.244669 0.430351 0.578239 0.199512 0.775011 0.136285 0.0956582 0.197989 0.764307 0.189828 0.151476 0.919811 0.612176 0.189231 0.584946 0.541908 0.711009 0.149516 0.687629 0.808129 0.202835 0.850366 0.923618 0.673524 0.982229 0.621992 0.998392 0.133427 0.0857264 0.123083 0.88114 0.833421 0.407333 0.485909 0.267078 0.898519 0.0763082 0.481324 0.840831 0.661108 0.21302 0.148849 0.469423 0.00165856 0.493236 0.619837 0.262393 0.981246 0.600231 0.718343 0.967955 0.999708 
0.48947 0.821523 0.785499 0.583661 0.289103 0.0513736 0.363315 0.485734 0.162792 0.227427 0.774622 0.74464 0.59214 0.0893413 0.647439 0.327792 0.333263 0.910343 0.78561 0.654405 0.0452986 0.614877 0.903204 0.817936 0.883988 0.767094 0.785657 0.646782 0.0673676 0.363078 0.231321 0.663716 0.530816 0.806825 0.382834 0.544179 0.0666965 0.559074 0.305932 0.974708 0.340569 0.925929 0.615883 0.98062 0.229453 0.135927 0.566192 0.576152 0.839942 0.945872 0.556293 0.360501 0.673084 0.931497 0.0254494 0.654575 0.376226 0.173039 0.541586 0.633994 0.456466 0.281887 0.341817 0.974743 
0.556842 0.873625 0.378644 0.772402 0.233253 0.34025 0.0913493 0.55184 0.00355572 0.369564 0.747053 0.800916 0.737896 0.219562 0.307487 0.195231 0.914643 0.274248 0.111521 0.160774 0.659361 0.570244 0.0561864 0.594017 0.488288 0.547324 0.0837994 0.341371 0.955734 0.281701 0.459887 0.405258 0.887011 0.183082 0.761257 0.357165 0.833071 0.650441 0.197632 0.166319 0.612337 0.248274 0.782063 0.908466 0.700876 0.775579 0.0727385 0.132422 0.885194 0.605071 0.464808 0.244757 0.818279 0.247451 0.254425 0.0708626 0.50694 0.896898 0.671293 0.618134 0.293968 0.252899 0.867433 0.387599 
0.232171 0.859594 0.461548 0.221676 0.37014 0.435258 0.879268 0.331381 0.0181609 0.453662 0.942774 0.0636194 0.421245 0.713113 0.918449 0.314605 0.550975 0.329157 0.701257 0.0762084 0.660568 0.568254 0.610515 0.491615 0.846059 0.692826 0.661379 0.272625 0.565418 0.223418 0.73449 0.230043 0.685061 0.757675 0.72217 0.660374 0.164279 0.817027 0.189345 0.476073 0.634001 0.583069 0.450396 0.865814 0.807362 0.351433 0.918864 0.62877 0.488307 0.0764315 0.631959 0.804832 0.307318 0.116455 0.359708 0.392622 0.629101 0.486739 0.961476 0.209726 0.504209 0.469171 0.425293 0.732162 
0.0136396 0.178917 0.273415 0.87519 0.144199 0.796278 0.517973 0.013155 0.739689 0.633976 0.766491 0.00918453 0.161415 0.99343 0.785748 0.914424 0.0939 0.24072 0.422388 0.220477 0.835945 0.746972 0.482409 0.853241 0.511122 0.495433 0.00252651 0.724486 0.920908 0.621204 0.274148 0.929005 0.560082 0.539401 0.896555 0.132321 0.741709 0.565405 0.821589 0.700439 0.685766 0.345145 0.988396 0.406995 0.769039 0.408795 0.0869125 0.42164 0.0535975 0.756179 0.087067 0.451428 0.690676 0.301032 0.625535 0.162878 0.345524 0.693025 0.734089 0.167937 0.704802 0.262557 0.0781342 0.834791 
0.167525 0.330631 0.125481 0.342838 0.0879896 0.140731 0.417662 0.627274 0.819259 0.170448 0.876473 0.06052 0.895024 0.431587 0.548648 0.83588 0.654312 0.894723 0.283562 0.190387 0.796683 0.0956305 0.624541 0.0184187 0.789709 0.241442 0.919241 0.216268 0.611569 0.435848 0.484154 0.0528434 0.238878 0.0408561 0.0678641 0.380881 0.654663 0.284416 0.555002 0.912356 0.821846 0.677819 0.811804 0.689649 0.0242076 0.948039 0.180444 0.960028 0.831555 0.666434 0.57804 0.956547 0.623698 0.565793 0.332183 0.937665 0.444675 0.134652 0.785115 0.328802 0.524228 0.0174833 0.301687 0.690756 
0.189483 0.670152 0.106886 0.96899 0.830193 0.121747 0.78441 0.553697 0.758989 0.467622 0.213903 0.980853 0.0353586 0.793791 0.0934138 0.438949 0.571824 0.388421 0.418102 0.34338 0.421647 0.987578 0.239235 0.379192 0.269641 0.875838 0.0405527 0.295205 0.995131 0.18775 0.602873 0.733142 0.697354 0.300848 0.00545152 0.528525 0.849972 0.900063 0.0698792 0.0188689 0.154182 0.489498 0.361305 0.803677 0.185787 0.0540582 0.608047 0.510213 0.893574 0.90719 0.0976433 0.986559 0.983068 0.183386 0.647802 0.506216 0.909203 0.732468 0.770879 0.176 0.332411 0.446823 0.600788 0.278073 
0.652588 0.0852992 0.824577 0.56925 0.438195 0.90491 0.560081 0.317854 0.535864 0.952125 0.361407 0.762771 0.774849 0.618833 0.36107 0.0676793 0.157916 0.502105 0.928524 0.411283 0.906901 0.743155 0.279595 0.141139 0.0497407 0.475617 0.969666 0.438667 0.245443 0.244082 0.140358 0.361569 0.0680548 0.201043 0.708226 0.605933 0.801268 0.767903 0.217008 0.318186 0.0639219 0.218231 0.841733 0.546348 0.0126473 0.778433 0.82735 0.880481 0.659154 0.434466 0.244024 0.700822 0.714121 0.380789 0.24247 0.057707 0.397156 0.855216 0.952882 0.226847 0.994192 0.127913 0.485445 0.347008 
0.813401 0.417514 0.330439 0.54771 0.922949 0.771824 0.78561 0.539441 0.799209 0.903783 0.838884 0.0402415 0.311445 0.727134 0.886411 0.205819 0.843692 0.817751 0.378859 0.091462 0.43006 0.561834 0.391391 0.0271048 0.926001 0.202669 0.817472 0.0430951 0.651292 0.270929 0.706168 0.0505221 0.297379 0.771481 0.267695 0.217836 0.326661 0.369194 0.397958 0.131138 0.98487 0.734813 0.982749 0.553011 0.646143 0.801912 0.546511 0.272117 0.204042 0.0116553 0.421526 0.768113 0.456779 0.220199 0.18029 0.763427 0.344296 0.263659 0.603479 0.131574 0.0240275 0.212259 0.647242 0.463614 
0.529025 0.157431 0.149956 0.419412 0.636693 0.325954 0.566216 0.424234 0.466447 0.93512 0.725054 0.73034 0.568798 0.0335153 0.18256 0.836067 0.121345 0.394994 0.104967 0.166639 0.180152 0.511247 0.757154 0.651357 0.559835 0.287594 0.625007 0.985952 0.726164 0.239757 0.363344 0.83512 0.016851 0.227647 0.220485 0.0931101 0.703932 0.400052 0.629523 0.880635 0.671746 0.481015 0.766993 0.52853 0.734052 0.355541 0.420021 0.295901 0.150482 0.588295 0.390342 0.443226 0.552081 0.0127894 0.93434 0.548433 0.952832 0.437252 0.777108 0.143553 0.455125 0.902279 0.983524 0.785335 
0.268148 0.992663 0.189664 0.368138 0.682054 0.886561 0.634229 0.39171 0.826485 0.622317 0.675491 0.746393 0.193989 0.701462 0.0920034 0.895589 0.220569 0.0239682 0.436973 0.774227 0.585613 0.662344 0.712058 0.204532 0.900117 0.98178 0.209769 0.454789 0.910931 0.162192 0.321401 0.551456 0.635571 0.246104 0.382772 0.424833 0.615542 0.166895 0.700444 0.242278 0.625122 0.299023 0.666826 0.314927 0.763186 0.337892 0.131666 0.0434011 0.0192909 0.779552 0.585799 0.765403 0.743124 0.578764 0.112259 0.23477 0.0804844 0.25045 0.488938 0.567435 0.711272 0.0514692 0.454808 0.289882 
0.602768 0.628953 0.658633 0.67127 0.550309 0.867909 0.14116 0.495294 0.733414 0.896207 0.984255 0.862935 0.770452 0.207078 0.0863879 0.201622 0.328305 0.544517 0.613226 0.0433027 0.973516 0.75164 0.460876 0.253262 0.816521 0.648084 0.141724 0.737336 0.127554 0.0591174 0.507975 0.152304 0.468498 0.54207 0.683949 0.652925 0.507029 0.690429 0.622617 0.108844 0.319415 0.966021 0.0313139 0.974362 0.995757 0.423103 0.888215 0.0729065 0.48408 0.401337 0.124174 0.662943 0.0510206 0.951602 0.0463303 0.398502 0.104413 0.453672 0.00615601 0.651063 0.439704 0.90853 0.534536 0.770254 
