20.9412 0010100110110101101100000110011100010100010011110111110111101111101111000001111110101001000011001000
78.972 1101001110001001000010011101001000001010010000111101111101101011000000010010101101010101111000000111
0.900621 0.172695 0.855621 0.609036 0.597556 0.141464 0.224506 0.69842 0.903179 0.632963 0.00515915 0.572356 0.361496 0.604132 0.391766 0.811948 0.612525 0.266474 0.643914 0.811062 0.0190247 0.0397804 0.945004 0.446349 0.441349 0.0657095 0.175861 0.865883 0.843528 0.925153 0.870306 0.835257 0.260972 0.0357582 0.228763 0.211181 0.180721 0.316116 0.241039 0.375368 0.632664 0.223033 0.138751 0.576997 0.351674 0.46775 0.358766 0.0831691 0.25291 0.0474055 0.929407 0.236141 0.810905 0.126182 0.0757064 0.685588 0.947074 0.315673 0.876272 0.698166 0.356373 0.904576 0.376419 0.846722 
0.733441 0.698981 0.66951 0.0799792 0.0446478 0.0951981 0.21743 0.807017 0.10038 0.0642514 0.943951 0.162872 0.591874 0.950355 0.36677 0.0216187 0.520674 0.307013 0.833149 0.929369 0.128935 0.831135 0.786753 0.689644 0.650441 0.937291 0.236152 0.48146 0.927409 0.177408 0.153028 0.96768 0.320616 0.885797 0.545377 0.371106 0.136926 0.11251 0.0722833 0.193239 0.0029266 0.876793 0.937135 0.502648 0.747495 0.488171 0.0039209 0.462329 0.145462 0.308795 0.753212 0.755359 0.917512 0.931689 0.0901417 0.195305 0.561468 0.0104267 0.229897 0.0368616 0.0843824 0.662302 0.583544 0.726863 
0.904377 0.0167177 0.896692 0.503901 0.614819 0.134746 0.471968 0.634569 0.491788 0.931414 0.935894 0.499961 0.409635 0.810837 0.515772 0.489689 0.870392 0.898092 0.139182 0.729555 0.565344 0.890988 0.316277 0.753855 0.279232 0.119577 0.226981 0.773972 0.787659 0.650725 0.307417 0.997404 0.294633 0.668112 0.264261 0.422366 0.877078 0.596758 0.280513 0.749242 0.727729 0.689785 0.451621 0.484404 0.405214 0.95197 0.0164836 0.313367 0.990117 0.884042 0.0199424 0.102795 0.0940806 0.265797 0.194948 0.394136 0.789453 0.0881106 0.377845 0.391668 0.302367 0.467532 0.990664 0.747248 
0.0839004 0.615362 0.195231 0.380834 0.947437 0.235378 0.405759 0.971703 0.0439225 0.285245 0.270464 0.46285 0.424792 0.755649 0.251498 0.863347 0.587634 0.708145 0.0254017 0.136355 0.546406 0.261842 0.184461 0.107991 0.0905924 0.527514 0.204311 0.292861 0.925187 0.180474 0.640561 0.10055 0.436171 0.737111 0.828108 0.38905 0.111874 0.550275 0.792001 0.998018 0.835875 0.529072 0.413041 0.0625669 0.196024 0.453829 0.349731 0.18352 0.869426 0.352408 0.165162 0.29084 0.745828 0.951669 0.662788 0.320365 0.50486 0.0906746 0.632291 0.53502 0.294443 0.573284 0.401699 0.798094 
0.355622 0.307405 0.133872 0.88901 0.406756 0.865094 0.730215 0.596503 0.815166 0.665257 0.147496 0.620569 0.0689694 0.899224 0.784611 0.00387264 0.933543 0.217916 0.264916 0.881402 0.95776 0.241029 0.490936 0.74064 0.505 0.0330595 0.206963 0.841054 0.846193 0.97498 0.218166 0.965429 0.56648 0.940482 0.0991993 0.961603 0.379279 0.113357 0.0493248 0.195111 0.850065 0.492316 0.980438 0.659036 0.272445 0.645448 0.242146 0.642939 0.111571 0.353852 0.530927 0.00135587 0.539448 0.358233 0.517808 0.213713 0.908822 0.844229 0.244799 0.910756 0.819262 0.370237 0.411916 0.990429 
0.137528 0.157093 0.12245 0.100477 0.745299 0.658077 0.484555 0.397848 0.431756 0.868245 0.743969 0.511496 0.745568 0.200982 0.992991 0.409081 0.671581 0.288418 0.753389 0.55504 0.340366 0.0778712 0.0575813 0.291614 0.244682 0.795913 0.000780894 0.989452 0.87095 0.965529 0.520462 0.750933 0.128709 0.918183 0.291544 0.114334 0.649299 0.753066 0.599532 0.0432805 0.842608 0.783574 0.530334 0.387292 0.572966 0.28059 0.450894 0.169618 0.306945 0.790504 0.721274 0.491108 0.394089 0.704265 0.923113 0.467418 0.412467 0.272893 0.44146 0.975737 0.303781 0.881037 0.314584 0.0393233 
0.668438 0.852814 0.831951 0.216819 0.497058 0.323721 0.055077 0.681939 0.558176 0.896866 0.847546 0.265395 0.607507 0.834846 0.147405 0.787048 0.514824 0.564857 0.119145 0.0200616 0.616122 0.0980358 0.659858 0.573782 0.236742 0.572327 0.915262 0.0622727 0.21546 0.2317 0.889656 0.0576118 0.655501 0.840239 0.652391 0.807738 0.287761 0.858719 0.101766 0.994492 0.810179 0.0156595 0.256835 0.861323 0.217953 0.185266 0.046174 0.0968504 0.484088 0.0449307 0.894026 0.395385 0.247303 0.822313 0.875177 0.667734 0.86318 0.0334269 0.104921 0.228724 0.77032 0.120711 0.347207 0.714501 
0.65701 0.775493 0.0493422 0.984242 0.920607 0.251355 0.0629234 0.589446 0.641028 0.716175 0.0873299 0.771698 0.774057 0.963175 0.38077 0.24196 0.06138 0.216443 0.799586 0.606688 0.972994 0.41797 0.910061 0.300062 0.38438 0.621583 0.442865 0.704496 0.0690349 0.971572 0.193333 0.222251 0.685712 0.587738 0.288123 0.374029 0.509768 0.391978 0.11408 0.929919 0.46558 0.608085 0.953118 0.931611 0.982861 0.823312 0.318319 0.323761 0.300552 0.845386 0.998856 0.781675 0.971047 0.472354 0.0401823 0.526428 0.0558088 0.267196 0.247294 0.459494 0.926216 0.814362 0.0860171 0.840412 
0.84204 0.906562 0.381405 0.995789 0.692832 0.772315 0.774339 0.0649987 0.760522 0.790353 0.575144 0.276527 0.411301 0.243379 0.774925 0.44868 0.729197 0.826053 0.494267 0.727082 0.491366 0.686779 0.76914 0.702431 0.833812 0.63988 0.63304 0.013896 0.988186 0.216341 0.387499 0.844729 0.28617 0.337751 0.61965 0.456243 0.196828 0.858113 0.585688 0.1287 0.614093 0.3685 0.58252 0.504912 0.362549 0.340798 0.330047 0.893348 0.959736 0.0470656 0.0305718 0.238745 0.0729816 0.328706 0.480535 0.581314 0.814244 0.986912 0.707821 0.0630071 0.758128 0.728345 0.0353678 0.0211734 
0.566561 0.502192 0.724192 0.727856 0.975882 0.446487 0.323376 0.0299002 0.0960451 0.446334 0.730854 0.752214 0.163274 0.166644 0.609921 0.977423 0.222722 0.911835 0.0224093 0.842993 0.982789 0.179845 0.48176 0.787167 0.595271 0.792504 0.77071 0.217796 0.318556 0.911337 0.223116 0.797848 0.290482 0.111372 0.489425 0.0486495 0.576865 0.0174949 0.278325 0.812513 0.0639976 0.247768 0.471941 0.720287 0.0571927 0.0144672 0.368484 0.719655 0.541851 0.130672 0.804467 0.653324 0.423804 0.146112 0.76161 0.523401 0.372648 0.154158 0.895144 0.666947 0.53648 0.648093 0.0250663 0.226862 
0.534 0.613854 0.132367 0.649522 0.143907 0.210231 0.458198 0.700277 0.707572 0.526396 0.466986 0.590242 0.757623 0.060187 0.861293 0.230774 0.631653 0.672447 0.750162 0.934829 0.297019 0.0624814 0.546189 0.175186 0.225235 0.138551 0.972053 0.13138 0.781705 0.83764 0.944811 0.906041 0.614954 0.0171645 0.333268 0.771176 0.180325 0.177414 0.719737 0.712554 0.0998444 0.6068 0.621239 0.489461 0.858842 0.552695 0.646095 0.62121 0.683994 0.487564 0.126505 0.717826 0.512289 0.316375 0.142974 0.776869 0.601724 0.582441 0.0178485 0.431626 0.8434 0.137111 0.0237474 0.791856 
0.153359 0.923034 0.925553 0.56348 0.510252 0.534244 0.0531016 0.682182 0.60737 0.31014 0.790029 0.551689 0.723943 0.820415 0.0912324 0.803691 0.394029 0.156069 0.872022 0.0268534 0.907774 0.519201 0.55145 0.117455 0.76569 0.0845252 0.923708 0.483248 0.239285 0.282815 0.239967 0.119221 0.332789 0.944438 0.414384 0.997584 0.885077 0.271197 0.776086 0.359101 0.43876 0.038334 0.914998 0.121715 0.960925 0.80033 0.558143 0.981261 0.182787 0.845944 0.646376 0.140082 0.743062 0.415384 0.127581 0.811946 0.486353 0.810708 0.996362 0.41482 0.79381 0.91633 0.976258 0.727957 
0.73264 0.23468 0.585494 0.272807 0.664926 0.623107 0.717385 0.661894 0.98204 0.678904 0.884677 0.391151 0.0242979 0.20577 0.0996811 0.560042 0.951842 0.328946 0.739161 0.827195 0.960255 0.170024 0.0978588 0.592531 0.301463 0.243417 0.22293 0.966393 0.544773 0.281454 0.580687 0.821425 0.816355 0.483931 0.803968 0.1649 0.569046 0.844111 0.319195 0.269066 0.847448 0.301832 0.520011 0.113096 0.205378 0.718631 0.0254596 0.353036 0.274805 0.194014 0.142476 0.337082 0.761401 0.699281 0.799934 0.789047 0.0766508 0.350836 0.596162 0.832248 0.242424 0.653378 0.897957 0.0632018 
0.94099 0.0133372 0.307678 0.685001 0.845407 0.901008 0.704734 0.164826 0.966595 0.237879 0.379976 0.483959 0.404301 0.517356 0.445212 0.112161 0.0395091 0.933044 0.769011 0.605437 0.0267833 0.965461 0.82811 0.624339 0.292912 0.72601 0.48159 0.21746 0.993044 0.65963 0.277171 0.479802 0.733206 0.979707 0.609212 0.091124 0.819911 0.0938434 0.713899 0.584773 0.468967 0.00175631 0.528965 0.860186 0.416751 0.26561 0.659683 0.431713 0.697702 0.269781 0.785765 0.478859 0.275717 0.880672 0.756869 0.439698 0.211374 0.770318 0.262265 0.908257 0.195838 0.466985 0.682874 0.269429 
0.117782 0.226078 0.0918595 0.498797 0.482035 0.60433 0.714136 0.397243 0.824042 0.631085 0.0442052 0.317797 0.110369 0.784957 0.637282 0.71099 0.816847 0.916327 0.417879 0.615324 0.568429 0.966369 0.708748 0.575793 0.858869 0.155831 0.52088 0.188391 0.437449 0.263788 0.481081 0.416952 0.279181 0.518495 0.447426 0.364552 0.978057 0.286398 0.760171 0.0733453 0.247719 0.0461351 0.622047 0.367011 0.639084 0.459326 0.0764785 0.125304 0.671526 0.404251 0.703233 0.610832 0.776046 0.833805 0.640791 0.627682 0.5413 0.157643 0.554984 0.0764433 0.213682 0.627807 0.906308 0.486114 
0.545002 0.704014 0.971865 0.682169 0.743423 0.629086 0.0654157 0.640189 0.363539 0.0569484 0.233741 0.757714 0.141075 0.0630129 0.948048 0.176637 0.0127228 0.527143 0.599961 0.110705 0.0459839 0.354705 0.582375 0.923727 0.460635 0.971145 0.0652693 0.383133 0.704878 0.0562418 0.284907 0.610719 0.123987 0.874319 0.0227419 0.751588 0.149692 0.299424 0.337907 0.382728 0.952994 0.033702 0.41216 0.951603 0.578764 0.815339 0.0230215 0.539902 0.882077 0.463723 0.485879 0.180856 0.988945 0.514824 0.175938 0.160158 0.371501 0.746227 0.34176 0.760612 0.279531 0.779061 0.00782144 0.85725 
0.359419 0.384298 0.774603 0.450453 0.219936 0.248187 0.1294 0.524885 0.709715 0.648174 2.78756e-06 0.374179 0.51714 0.679126 0.762308 0.480301 0.739755 0.255693 0.633695 0.704036 0.491199 0.420556 0.285314 0.485156 0.421722 0.665048 0.800092 0.212038 0.202585 0.329184 0.0685672 0.523031 0.947315 0.332771 0.890514 0.914118 0.0369047 0.416963 0.940758 0.789594 0.971594 0.876059 0.176906 0.0916548 0.0878227 0.725981 0.825422 0.240463 0.411258 0.274723 0.288664 0.522458 0.64716 0.634579 0.858823 0.668449 0.646956 0.697176 0.677595 0.785935 0.986842 0.253565 0.238878 0.999761 
0.069799 0.647257 0.0565824 0.122136 0.866495 0.931159 0.380681 0.43574 0.966556 0.673503 0.0842193 0.556855 0.0289101 0.882688 0.45347 0.642913 0.265531 0.414194 0.820629 0.616388 0.641214 0.547522 0.064274 0.164828 0.692295 0.841092 0.944423 0.664826 0.0306529 0.546787 0.664693 0.720633 0.682002 0.019844 0.185283 0.0879457 0.0152965 0.749804 0.240143 0.600793 0.826682 0.363132 0.674749 0.649503 0.216544 0.577716 0.719456 0.767962 0.965616 0.985489 0.600707 0.416281 0.548647 0.281734 0.796441 0.540332 0.108202 0.282758 0.349451 0.454353 0.287114 0.253846 0.992453 0.500769 
0.285511 0.512368 0.800002 0.393195 0.727905 0.685942 0.629179 0.461218 0.995178 0.69044 0.521668 0.304996 0.944973 0.363827 0.135314 0.0412205 0.864448 0.499104 0.551095 0.841857 0.41711 0.586093 0.984131 0.753573 0.34726 0.249913 0.842932 0.912873 0.580757 0.212996 0.834578 0.659019 0.0657017 0.0597813 0.925038 0.992209 0.484092 0.745507 0.946761 0.628939 0.430388 0.846101 0.342774 0.714468 0.866263 0.0373552 0.46042 0.740337 0.0399349 0.603483 0.117202 0.0362371 0.568404 0.941561 0.966315 0.978628 0.186775 0.589964 0.180958 0.587795 0.296605 0.362043 0.556532 0.273663 
0.967014 0.682372 0.62185 0.483989 0.638501 0.126138 0.643623 0.91032 0.966668 0.46508 0.510839 0.00962357 0.0979101 0.0598227 0.753698 0.248787 0.194641 0.964134 0.243932 0.967412 0.635178 0.323495 0.607469 0.510513 0.177416 0.588423 0.104839 0.110259 0.902825 0.719898 0.652382 0.887238 0.0899662 0.0309559 0.234397 0.722535 0.894476 0.989211 0.456054 0.59065 0.163048 0.94183 0.544276 0.995549 0.607055 0.298749 0.981292 0.978006 0.361209 0.961676 0.850207 0.847475 0.875165 0.350384 0.562263 0.605596 0.229697 0.422147 0.905873 0.164525 0.320778 0.464974 0.127759 0.0729403 
0.945626 0.0762858 0.115804 0.548167 0.695092 0.388459 0.0434528 0.2748 0.249031 0.226043 0.255375 0.00442685 0.967501 0.67767 0.867646 0.0145758 0.773647 0.288868 0.08621 0.878642 0.682061 0.968362 0.434418 0.621053 0.583795 0.626106 0.869678 0.961757 0.679294 0.248159 0.870459 0.20023 0.471195 0.972624 0.468916 0.724288 0.0953674 0.683768 0.0381452 0.844589 0.887956 0.134249 0.971979 0.257756 0.232849 0.949758 0.39044 0.746703 0.712096 0.384861 0.645897 0.344321 0.19283 0.718164 0.921289 0.299719 0.591144 0.0750744 0.118562 0.855826 0.387998 0.388417 0.300286 0.82151 
0.460217 0.141419 0.471031 0.0261574 0.272254 0.913623 0.0336785 0.871529 0.678554 0.6454 0.227859 0.6232 0.754097 0.642575 0.786603 0.508807 0.684101 0.158622 0.813641 0.355283 0.032237 0.241893 0.897646 0.605017 0.689606 0.445392 0.8257 0.00427101 0.759654 0.191968 0.0332001 0.0541423 0.998638 0.15262 0.825323 0.603138 0.475285 0.197946 0.798267 0.554761 0.108741 0.0841577 0.960102 0.549901 0.149879 0.99086 0.369204 0.521888 0.0449183 0.459042 0.855224 0.308872 0.56379 0.52523 0.175495 0.935854 0.743711 0.330217 0.0735301 0.207311 0.34638 0.0231917 0.38783 0.136709 
0.141649 0.309219 0.222432 0.336115 0.422165 0.79514 0.350126 0.763508 0.335836 0.20922 0.744263 0.36183 0.809514 0.59285 0.752611 0.297564 0.538128 0.601219 0.706546 0.861759 0.566586 0.367746 0.42841 0.892669 0.589421 0.0205361 0.0622396 0.782468 0.680368 0.825426 0.707892 0.811551 0.758989 0.293976 0.437258 0.656597 0.314088 0.783582 0.341157 0.565209 0.708594 0.170229 0.106583 0.49988 0.959455 0.242405 0.303883 0.617744 0.402074 0.758279 0.331012 0.128779 0.211098 0.433187 0.449153 0.102406 0.867639 0.0461807 0.388713 0.634514 0.809829 0.441393 0.68687 0.933835 
0.0881241 0.524117 0.504039 0.0517469 0.386538 0.178392 0.00100085 0.155265 0.671041 0.999417 0.767666 0.862907 0.376484 0.590917 0.596226 0.22654 0.609421 0.37793 0.445817 0.101361 0.0848554 0.460614 0.963092 0.364914 0.406557 0.526454 0.639482 0.0379506 0.728316 0.79993 0.0361468 0.975547 0.609306 0.540265 0.184208 0.644322 0.213777 0.649791 0.542521 0.487298 0.111038 0.0476155 0.93007 0.797728 0.912168 0.353593 0.49878 0.316098 0.394516 0.513899 0.387267 0.0197971 0.801086 0.00998185 0.210352 0.664479 0.418054 0.211481 0.767267 0.865476 0.809823 0.692594 0.287527 0.642365 
0.0329641 0.091661 0.510807 0.0765841 0.306815 0.755557 0.24035 0.612795 0.869916 0.865758 0.923941 0.691589 0.209745 0.556664 0.328256 0.685521 0.0812222 0.375592 0.951484 0.448162 0.443942 0.568143 0.114805 0.143263 0.544632 0.409972 0.918291 0.0811999 0.812668 0.749427 0.257812 0.764255 0.0479423 0.329996 0.317504 0.597288 0.205541 0.676017 0.251485 0.169084 0.170811 0.644143 0.690113 0.162208 0.077369 0.845439 0.420349 0.525603 0.658975 0.913147 0.639546 0.730811 0.624599 0.412857 0.487532 0.233988 0.0444358 0.411644 0.0295491 0.141398 0.472123 0.430301 0.935456 0.960844 
0.280413 0.402482 0.0914134 0.982513 0.617333 0.683973 0.0525769 0.455774 0.586896 0.787936 0.248416 0.63521 0.575864 0.396534 0.595941 0.434583 0.499068 0.47364 0.125749 0.618262 0.99696 0.760565 0.574514 0.36067 0.223837 0.339492 0.877929 0.449091 0.769683 0.601236 0.315223 0.588486 0.945564 0.97136 0.788003 0.328122 0.199693 0.884536 0.918594 0.24048 0.590968 0.919972 0.612875 0.708445 0.717453 0.640971 0.345768 0.655355 0.873712 0.366182 0.520702 0.138825 0.61277 0.290623 0.858682 0.249239 0.0555905 0.273282 0.933451 0.644746 0.339287 0.79639 0.37961 0.0103575 
0.946014 0.583558 0.465573 0.422889 0.814686 0.0171631 0.196096 0.915101 0.0518625 0.647791 0.382892 0.398836 0.0986294 0.169063 0.63775 0.209595 0.471221 0.0118938 0.866998 0.611223 0.2155 0.564682 0.0333634 0.230119 0.58025 0.0728924 0.561006 0.109827 0.296961 0.513361 0.871285 0.857627 0.62967 0.307967 0.97563 0.3398 0.441274 0.495532 0.340151 0.077851 0.585044 0.6833 0.0549269 0.303097 0.0762636 0.393848 0.984256 0.646201 0.462174 0.460387 0.306611 0.353137 0.971798 0.057778 0.285681 0.387276 0.466563 0.59909 0.984586 0.0234682 0.257301 0.915412 0.871237 0.870073 
0.256065 0.132706 0.839898 0.299547 0.343132 0.208432 0.567995 0.0923777 0.293642 0.672811 0.730189 0.96865 0.122895 0.544607 0.172437 0.610274 0.985874 0.599775 0.578249 0.875334 0.842106 0.561204 0.0318501 0.747963 0.446818 0.995361 0.320576 0.419385 0.700378 0.727674 0.00808188 0.545958 0.806256 0.429488 0.924664 0.267136 0.157924 0.515356 0.16425 0.55147 0.536062 0.55327 0.294419 0.808488 0.461826 0.271486 0.498529 0.665743 0.667708 0.0289948 0.307807 0.811709 0.537647 0.275115 0.0515441 0.816784 0.522991 0.922011 0.299647 0.752554 0.543772 0.869844 0.742511 0.0680403 
0.618841 0.784731 0.690514 0.302069 0.0189027 0.773864 0.930883 0.63898 0.927203 0.598059 0.194402 0.244029 0.358403 0.768151 0.766149 0.270166 0.690793 0.0332798 0.915633 0.877209 0.615192 0.975421 0.559324 0.42752 0.385397 0.134534 0.689018 0.566388 0.370721 0.121442 0.855433 0.812468 0.0111048 0.142739 0.146264 0.14135 0.0576947 0.591174 0.0335809 0.0317347 0.147492 0.192668 0.38787 0.830891 0.880571 0.547785 0.484615 0.97659 0.336336 0.319113 0.805456 0.239025 0.934389 0.747382 0.999471 0.307757 0.340858 0.364479 0.388349 0.449068 0.589054 0.956874 0.0473227 0.963232 
0.767606 0.900479 0.12421 0.934504 0.882769 0.192015 0.0931125 0.833636 0.222297 0.111515 0.244456 0.158442 0.555443 0.70267 0.528334 0.339383 0.81685 0.261735 0.794543 0.368927 0.098251 0.759182 0.0162796 0.480485 0.433398 0.682566 0.972561 0.394245 0.926888 0.0347709 0.41819 0.731593 0.405388 0.442005 0.201337 0.177363 0.888869 0.818949 0.445181 0.87016 0.596376 0.870117 0.882077 0.846775 0.902376 0.0808108 0.44121 0.0647048 0.110901 0.12847 0.501636 0.701785 0.1454 0.35585 0.695352 0.522239 0.0697155 0.9638 0.624217 0.585227 0.219306 0.458514 0.0331002 0.714826 
0.428041 0.60313 0.0900135 0.814594 0.847408 0.485677 0.339188 0.405529 0.446075 0.163765 0.326034 0.4166 0.181635 0.967126 0.326127 0.398828 0.0375331 0.25725 0.716274 0.740472 0.367583 0.881546 0.766875 0.164457 0.487668 0.138387 0.574767 0.917914 0.880726 0.214577 0.312225 0.395741 0.766951 0.198921 0.562688 0.329421 0.0419378 0.788765 0.327976 0.34572 0.129364 0.85882 0.793742 0.859679 0.792061 0.389579 0.422074 0.0352536 0.0734361 0.0575451 0.314157 0.0716836 0.099551 0.249442 0.221211 0.962639 0.610634 0.355456 0.0220951 0.00169229 0.141942 0.619749 0.948436 0.351674 
0.873433 0.942866 0.0793527 0.7742 0.81633 0.360866 0.130521 0.138267 0.540763 0.468175 0.991393 0.067086 0.362553 0.559987 0.936406 0.798602 0.966178 0.0812386 0.0662737 0.0152368 0.178243 0.715314 0.563379 0.179724 0.885461 0.159679 0.938883 0.236844 0.260439 0.404907 0.519071 0.367179 0.827349 0.739544 0.384943 0.196265 0.763084 0.0542022 0.53118 0.990579 0.0804489 0.0319611 0.632922 0.0965926 0.695881 0.681203 0.639417 0.585461 0.143724 0.668981 0.544797 0.402566 0.965147 0.0337926 0.0915984 0.884337 0.826171 0.121908 0.791297 0.116172 0.525305 0.163454 0.131163 0.895891 
0.762848 0.651201 0.614718 0.237865 0.523035 0.0200213 0.597189 0.131246 0.199183 0.054645 0.513246 0.986077 0.18621 0.848844 0.0377852 0.87042 0.0685053 0.839524 0.853851 0.968928 0.12931 0.177233 0.660123 0.411251 0.424946 0.686426 0.498309 0.301273 0.146205 0.443494 0.0790074 0.821707 0.476294 0.507419 0.238636 0.601097 0.882131 0.0855612 0.235173 0.953397 0.197799 0.131513 0.211351 0.0897378 0.852036 0.596202 0.73609 0.173171 0.0895296 0.963872 0.166863 0.239643 0.574469 0.135081 0.322573 0.353453 0.0734146 0.583515 0.441263 0.630852 0.581656 0.0506142 0.653118 0.239456 
0.0659751 0.4823 0.244242 0.911055 0.179785 0.964821 0.526336 0.641874 0.995903 0.24551 0.145392 0.282217 0.49251 0.686987 0.716341 0.882339 0.264949 0.403392 0.326286 0.774533 0.192804 0.962525 0.661669 0.455056 0.779047 0.0947411 0.818654 0.731757 0.864783 0.229305 0.90844 0.567588 0.879001 0.181881 0.779709 0.0594555 0.770442 0.998553 0.442639 0.474861 0.277747 0.0872555 0.722835 0.877715 0.317587 0.572072 0.984332 0.389816 0.986864 0.341752 0.992842 0.694973 0.524198 0.930151 0.562183 0.779368 0.380126 0.937373 0.301283 0.113467 0.743905 0.0405146 0.218854 0.834866 
0.443209 0.507539 0.976758 0.411881 0.592812 0.366171 0.0418066 0.870388 0.798651 0.176127 0.547866 0.370121 0.496731 0.895719 0.437307 0.132807 0.965727 0.812834 0.523364 0.359515 0.0121172 0.938595 0.389661 0.878748 0.514941 0.739173 0.419934 0.102818 0.980735 0.5485 0.00929803 0.671197 0.661389 0.089838 0.431447 0.572406 0.84708 0.64658 0.59102 0.973734 0.561938 0.930523 0.457472 0.782653 0.6171 0.0654962 0.353533 0.75252 0.744757 0.450685 0.0784436 0.0774987 0.556339 0.379642 0.0377613 0.870328 0.893487 0.133823 0.814607 0.54523 0.119606 0.697741 0.353424 0.896844 
0.820611 0.516924 0.803212 0.963135 0.365992 0.470151 0.940711 0.584551 0.743709 0.307059 0.0662317 0.869203 0.652819 0.197279 0.265295 0.665529 0.548314 0.299355 0.668394 0.338732 0.901546 0.00857639 0.34676 0.327892 0.160501 0.586851 0.270293 0.994897 0.360362 0.374018 0.314292 0.383133 0.00503192 0.213632 0.541941 0.670883 0.215662 0.091902 0.581066 0.592007 0.173625 0.597113 0.54877 0.0891122 0.608834 0.343262 0.866268 0.821849 0.729703 0.338579 0.197737 0.528956 0.0773478 0.802932 0.430081 0.193216 0.884714 0.680745 0.348504 0.441698 0.0363281 0.790591 0.642771 0.296612 
0.824916 0.214256 0.817791 0.918375 0.634829 0.619876 0.20416 0.944314 0.951178 0.567447 0.997675 0.0308323 0.621869 0.689753 0.186663 0.855515 0.590811 0.168525 0.29882 0.679723 0.0017954 0.336113 0.803604 0.858524 0.107404 0.484425 0.977477 0.750132 0.652782 0.275987 0.179583 0.331811 0.520394 0.816834 0.825675 0.67499 0.959528 0.523813 0.539288 0.242069 0.339218 0.766741 0.911814 0.90896 0.124237 0.163191 0.205705 0.132916 0.277227 0.256393 0.471646 0.495646 0.329519 0.854955 0.458217 0.493184 0.62079 0.794285 0.694961 0.88339 0.0644056 0.943399 0.319564 0.301183 
0.360743 0.715776 0.384127 0.328691 0.932618 0.992913 0.889016 0.229312 0.988753 0.9747 0.069119 0.00592424 0.0941279 0.0774146 0.68667 0.733828 0.436913 0.53224 0.842473 0.485764 0.135197 0.548254 0.914957 0.90629 0.832672 0.269367 0.304131 0.945298 0.73135 0.0851258 0.754484 0.156068 0.737255 0.203492 0.215228 0.784348 0.635306 0.499555 0.564138 0.513202 0.935765 0.680062 0.681412 0.434368 0.322813 0.864731 0.929356 0.213168 0.209621 0.207889 0.484006 0.922021 0.468923 0.683929 0.274542 0.744506 0.129636 0.292607 0.543731 0.337846 0.953829 0.834738 0.823972 0.0494563 
0.441323 0.108519 0.116219 0.399929 0.502581 0.49879 0.19173 0.684254 0.874231 0.881243 0.521394 0.941921 0.86555 0.65978 0.0177452 0.560502 0.262178 0.880115 0.0973153 0.420637 0.48909 0.821048 0.348274 0.15966 0.210461 0.216312 0.515493 0.478019 0.705768 0.87976 0.739449 0.759329 0.139406 0.268772 0.552031 0.861752 0.657003 0.117785 0.659284 0.136279 0.238652 0.0471839 0.770401 0.138528 0.254167 0.232056 0.700352 0.612429 0.176001 0.346638 0.129464 0.774727 0.594979 0.256095 0.288205 0.356 0.755141 0.0307867 0.0660638 0.84402 0.0471453 0.011053 0.176258 0.710443 
0.241021 0.499109 0.793696 0.0797106 0.0671841 0.847952 0.00078001 0.208203 0.789641 0.174413 0.339649 0.898875 0.496856 0.462401 0.766267 0.945125 0.0725083 0.145156 0.959409 0.311369 0.404488 0.557447 0.245959 0.435342 0.53859 0.639043 0.53129 0.754433 0.777295 0.128747 0.515435 0.374674 0.533203 0.490104 0.492455 0.503323 0.805226 0.448245 0.253443 0.538852 0.708855 0.243563 0.293494 0.223798 0.666549 0.781428 0.741879 0.474139 0.11142 0.106473 0.334376 0.517073 0.30598 0.0689159 0.587958 0.0511873 0.777314 0.785418 0.765305 0.0732138 0.613724 0.0294589 0.0677141 0.601599 
0.0283442 0.100805 0.153433 0.227669 0.652955 0.319817 0.32878 0.995207 0.462974 0.514548 0.0932412 0.821942 0.251745 0.808603 0.820154 0.142571 0.936397 0.961917 0.397182 0.138974 0.30944 0.938711 0.313376 0.685027 0.96902 0.959578 0.719362 0.515991 0.454045 0.928854 0.914381 0.48103 0.104856 0.0861136 0.220038 0.267589 0.253658 0.986222 0.881262 0.884064 0.124025 0.0834525 0.628592 0.641856 0.331954 0.529481 0.0182724 0.652479 0.665869 0.0765644 0.214922 0.0507618 0.544188 0.0276728 0.262627 0.9718 0.431645 0.438251 0.764155 0.903991 0.778611 0.772921 0.852674 0.737987 
0.020066 0.0525349 0.547376 0.557625 0.500626 0.544012 0.291865 0.279245 0.801607 0.906272 0.308661 0.693632 0.444222 0.349944 0.688647 0.412474 0.253731 0.855915 0.605458 0.932043 0.0183592 0.843153 0.508918 0.981979 0.778344 0.111407 0.880461 0.712169 0.977298 0.535692 0.357445 0.768021 0.731227 0.869503 0.32885 0.538056 0.725134 0.2153 0.138451 0.257381 0.504495 0.309111 0.85904 0.211852 0.627603 0.790431 0.136169 0.729003 0.744916 0.612112 0.150341 0.143543 0.793895 0.933327 0.721649 0.994786 0.813438 0.295481 0.831324 0.948656 0.51615 0.697594 0.270147 0.703228 
0.256254 0.822617 0.184209 0.568522 0.977169 0.768918 0.647308 0.973833 0.9257 0.680917 0.998928 0.242225 0.364411 0.0222693 0.986426 0.450903 0.735416 0.183212 0.218915 0.737219 0.360674 0.316769 0.888777 0.309773 0.792617 0.605377 0.153667 0.146401 0.93816 0.32155 0.12939 0.595475 0.0220647 0.485438 0.271156 0.0641344 0.568469 0.801806 0.866188 0.617344 0.561392 0.0825908 0.420977 0.120824 0.973196 0.951778 0.139279 0.857276 0.734696 0.347353 0.196349 0.0169132 0.800847 0.403181 0.917031 0.0562018 0.844276 0.0558355 0.306623 0.0816223 0.538934 0.699839 0.645848 0.283409 
0.154422 0.646345 0.695681 0.223766 0.0662456 0.753309 0.288834 0.600177 0.47635 0.806053 0.141378 0.612939 0.809757 0.80516 0.361054 0.646495 0.699735 0.170084 0.122089 0.810712 0.923819 0.299691 0.324907 0.975366 0.670751 0.0755749 0.544575 0.0193664 0.109357 0.772357 0.0102769 0.563801 0.333627 0.589565 0.459092 0.630017 0.435041 0.231246 0.0601717 0.501754 0.607363 0.799103 0.0598107 0.373189 0.985889 0.274571 0.980884 0.802725 0.796593 0.552082 0.0294395 0.154819 0.256407 0.780002 0.671133 0.287428 0.129645 0.434674 0.762901 0.0436726 0.0746252 0.18639 0.023028 0.641702 
0.151366 0.301593 0.688784 0.29635 0.353214 0.0228658 0.866424 0.338884 0.132185 0.124865 0.88955 0.249934 0.247135 0.310373 0.989163 0.671173 0.91191 0.493389 0.554123 0.135854 0.196472 0.216376 0.444669 0.921557 0.018736 0.287894 0.438777 0.832893 0.31784 0.227627 0.466367 0.609337 0.709616 0.465722 0.159376 0.936377 0.929788 0.858035 0.218172 0.608611 0.572932 0.640232 0.0711467 0.783169 0.936358 0.55783 0.710162 0.177939 0.618474 0.752535 0.24234 0.203416 0.7374 0.210441 0.457526 0.144212 0.2576 0.0854709 0.472241 0.536149 0.608287 0.0299127 0.261743 0.81983 
0.24135 0.0443925 0.346388 0.0897291 0.550189 0.915037 0.793746 0.382484 0.586383 0.579007 0.490743 0.845152 0.144033 0.0310356 0.51377 0.0200964 0.178291 0.235521 0.686222 0.634634 0.243599 0.204868 0.765043 0.646481 0.77614 0.984776 0.717721 0.770303 0.952593 0.402259 0.958386 0.458395 0.658802 0.606065 0.887838 0.643024 0.668699 0.913037 0.0266405 0.101457 0.79664 0.379874 0.610303 0.170176 0.106383 0.222237 0.990371 0.843099 0.846047 0.29401 0.343825 0.63832 0.174499 0.804098 0.604213 0.231617 0.75243 0.291655 0.363937 0.427306 0.495323 0.766619 0.319214 0.479786 
0.922294 0.370833 0.305246 0.742071 0.14843 0.321024 0.644587 0.873354 0.247503 0.357573 0.192826 0.488321 0.0424025 0.902959 0.939767 0.24679 0.162466 0.297642 0.535717 0.453606 0.918543 0.977878 0.727983 0.47168 0.464269 0.981235 0.991619 0.739801 0.236173 0.195669 0.292046 0.355914 0.175235 0.445837 0.561018 0.141693 0.144302 0.587976 0.22116 0.879212 0.0382849 0.976129 0.290008 0.240184 0.732159 0.743814 0.462214 0.63035 0.598784 0.179655 0.153942 0.400355 0.985258 0.81132 0.273997 0.0110202 0.607655 0.53261 0.913369 0.661429 0.795971 0.899936 0.19388 0.935667 
0.976763 0.117462 0.686945 0.347832 0.545215 0.249625 0.172886 0.724058 0.121437 0.561149 0.345545 0.08869 0.828847 0.106043 0.315179 0.0778301 0.350743 0.141865 0.675196 0.0166535 0.332457 0.87501 0.726864 0.726169 0.466643 0.575248 0.961364 0.275769 0.894311 0.828402 0.373485 0.875687 0.846791 0.600108 0.578441 0.864038 0.33185 0.98442 0.847883 0.24315 0.857143 0.871797 0.369605 0.640152 0.797628 0.927332 0.051714 0.0423549 0.161087 0.247917 0.33279 0.762774 0.0927917 0.165579 0.381138 0.836657 0.670587 0.89286 0.746536 0.624511 0.356978 0.285782 0.689787 0.765916 
0.697306 0.248884 0.71332 0.736537 0.582423 0.101143 0.760063 0.12753 0.0103118 0.686622 0.590381 0.366864 0.930343 0.818469 0.615999 0.444104 0.948219 0.203346 0.623077 0.663201 0.511412 0.0761924 0.519068 0.965406 0.762056 0.766719 0.56627 0.954459 0.290207 0.927691 0.187854 0.00279315 0.115102 0.127227 0.833645 0.0371396 0.672698 0.954051 0.81427 0.09711 0.423712 0.959565 0.235269 0.728734 0.134555 0.139676 0.569619 0.753018 0.904052 0.335043 0.616185 0.446595 0.518844 0.211802 0.698895 0.932106 0.894628 0.261127 0.430578 0.372986 0.506744 0.449054 0.145661 0.319607 
0.0240641 0.284631 0.0252738 0.557394 0.868297 0.737426 0.726853 0.992353 0.295428 0.384523 0.168424 0.207216 0.614044 0.936991 0.916286 0.763282 0.777514 0.270622 0.685135 0.470626 0.836179 0.495309 0.342481 0.382405 0.675916 0.913708 0.205726 0.705122 0.792991 0.169412 0.155906 0.716734 0.267138 0.146377 0.371386 0.57129 0.932229 0.473288 0.350389 0.0587772 0.90479 0.745882 0.52314 0.215501 0.959894 0.947247 0.179346 0.834219 0.955605 0.439628 0.995093 0.873552 0.979457 0.124675 0.569451 0.606695 0.454218 0.0123258 0.749219 0.130833 0.780969 0.46339 0.317586 0.30199 
0.903824 0.886326 0.957835 0.168451 0.965583 0.391609 0.696544 0.743038 0.507666 0.0892551 0.134075 0.69149 0.608678 0.318266 0.649803 0.907401 0.0185513 0.147139 0.214219 0.35889 0.260988 0.672069 0.22929 0.676555 0.469697 0.59789 0.774425 0.786646 0.305915 0.366074 0.0858297 0.823892 0.930585 0.254221 0.244718 0.905203 0.489088 0.55305 0.731259 0.840163 0.184871 0.804433 0.69221 0.117987 0.880343 0.579132 0.0665628 0.669777 0.361446 0.779352 0.858814 0.391958 0.643477 0.174781 0.309341 0.953554 0.304287 0.0316193 0.886238 0.693046 0.11306 0.305973 0.618462 0.156321 
0.172993 0.913842 0.019501 0.597361 0.398685 0.833331 0.0121516 0.151209 0.865389 0.85346 0.131778 0.752517 0.367754 0.678109 0.455139 0.825484 0.221305 0.0482295 0.914379 0.74516 0.23883 0.0299124 0.840456 0.103882 0.383301 0.0357225 0.909905 0.61376 0.834261 0.461801 0.113963 0.61124 0.207479 0.359255 0.529046 0.547829 0.093973 0.126054 0.846014 0.593905 0.202117 0.943276 0.222256 0.757334 0.159176 0.690132 0.960184 0.497077 0.461509 0.66464 0.937898 0.88546 0.832197 0.197887 0.206176 0.762544 0.159217 0.781809 0.952509 0.132312 0.0448507 0.59456 0.965995 0.465887 
0.221392 0.893744 0.360174 0.758047 0.44074 0.153573 0.0720964 0.396071 0.228251 0.857781 0.591231 0.361571 0.308058 0.246143 0.838293 0.531122 0.949613 0.77294 0.741184 0.740607 0.0315957 0.171278 0.684601 0.392507 0.788684 0.914215 0.19445 0.0286476 0.131371 0.159297 0.88153 0.784613 0.0218806 0.327591 0.0261391 0.475019 0.84177 0.445379 0.847652 0.137616 0.0388035 0.309373 0.76795 0.734912 0.206652 0.227211 0.665403 0.798044 0.86496 0.888503 0.203006 0.900553 0.238667 0.799861 0.440505 0.249232 0.66376 0.42582 0.902433 0.737416 0.18798 0.147543 0.800814 0.327869 
0.640073 0.728505 0.063424 0.246115 0.658438 0.41547 0.0233201 0.563089 0.60012 0.604759 0.0996752 0.143736 0.35044 0.280023 0.826899 0.168117 0.291658 0.137259 0.848774 0.657848 0.436098 0.240179 0.91768 0.152924 0.735388 0.550654 0.37522 0.277669 0.432508 0.668363 0.702132 0.515838 0.259985 0.423669 0.923288 0.415366 0.0468734 0.323773 0.0432789 0.00598962 0.446668 0.917044 0.460035 0.398841 0.206652 0.185754 0.146838 0.184594 0.0873845 0.239069 0.45436 0.258203 0.470109 0.858556 0.418953 0.0762745 0.327962 0.359026 0.360052 0.817703 0.076149 0.579937 0.0177916 0.9677 
0.71335 0.879166 0.803403 0.938944 0.0266025 0.314487 0.159566 0.50498 0.509329 0.566771 0.243809 0.954597 0.465387 0.994412 0.706649 0.81361 0.81623 0.64887 0.685155 0.695031 0.487143 0.314328 0.385012 0.90918 0.916676 0.849408 0.546587 0.566417 0.713943 0.486972 0.734466 0.317996 0.413025 0.253385 0.896177 0.805144 0.323057 0.00932402 0.515858 0.159232 0.500278 0.962602 0.681664 0.160186 0.966503 0.906447 0.36844 0.149963 0.517285 0.862068 0.164105 0.585873 0.998666 0.622892 0.893194 0.282893 0.165824 0.0935626 0.599079 0.486152 0.340316 0.0421103 0.594173 0.448432 
0.983176 0.971142 0.170545 0.318083 0.76997 0.317535 0.829944 0.711224 0.619235 0.241882 0.118736 0.0675462 0.31454 0.694078 0.260584 0.847657 0.727882 0.817673 0.640724 0.94705 0.33064 0.751441 0.954728 0.177241 0.597856 0.579802 0.227983 0.18079 0.385839 0.760783 0.911134 0.271174 0.396628 0.836922 0.913718 0.671352 0.877642 0.967877 0.767539 0.687227 0.703477 0.110356 0.966602 0.588587 0.363128 0.751224 0.407207 0.381316 0.767084 0.693233 0.389191 0.0138675 0.791617 0.723154 0.687999 0.907372 0.987121 0.270169 0.315666 0.468154 0.611756 0.157391 0.375034 0.600657 
0.19528 0.314155 0.916562 0.939696 0.722093 0.0884593 0.426315 0.743599 0.754781 0.190272 0.236807 0.953168 0.900213 0.714779 0.122751 0.398424 0.344101 0.672306 0.897065 0.677013 0.0603023 0.899418 0.332872 0.510265 0.695321 0.285421 0.812549 0.269634 0.360129 0.378373 0.867648 0.164102 0.924971 0.973461 0.84643 0.397137 0.637244 0.173884 0.12067 0.443669 0.314582 0.356758 0.69666 0.304729 0.84304 0.785533 0.344829 0.675867 0.112249 0.213749 0.371682 0.608046 0.725739 0.725359 0.574712 0.777182 0.63792 0.0185449 0.306005 0.0189825 0.848028 0.990515 0.945565 0.561989 
0.522737 0.679161 0.687708 0.996555 0.321105 0.0681545 0.177397 0.994159 0.622852 0.648832 0.279403 0.317054 0.740306 0.679535 0.0438729 0.47586 0.568188 0.420911 0.97139 0.0509391 0.567357 0.164224 0.413449 0.290415 0.719785 0.597799 0.587395 0.454953 0.222439 0.149683 0.498106 0.352046 0.890208 0.539508 0.875872 0.662252 0.930991 0.360648 0.0134479 0.0286605 0.387 0.953388 0.515248 0.294726 0.982551 0.669229 0.355241 0.268901 0.958304 0.850265 0.795461 0.156078 0.433175 0.915596 0.401627 0.3933 0.717418 0.25634 0.500931 0.0196856 0.539327 0.0518052 0.731034 0.586863 
0.54582 0.94183 0.35656 0.758466 0.806755 0.971183 0.141066 0.00728836 0.372978 0.188498 0.0630513 0.818722 0.297043 0.278559 0.0615908 0.684555 0.351532 0.59472 0.0618533 0.380369 0.554749 0.592565 0.0101723 0.791318 0.37743 0.518501 0.12039 0.847168 0.960586 0.541877 0.706276 0.483281 0.0687285 0.0444195 0.429435 0.879442 0.406866 0.136806 0.00126068 0.395103 0.986141 0.9789 0.686083 0.886685 0.145744 0.408523 0.45614 0.0806218 0.419237 0.695239 0.736851 0.66829 0.333641 0.667078 0.504473 0.60633 0.819503 0.543166 0.282946 0.279709 0.213245 0.916196 0.538638 0.573299 
0.120886 0.198907 0.611881 0.339918 0.224721 0.436184 0.921423 0.760587 0.432194 0.895603 0.801076 0.308684 0.409156 0.469525 0.37695 0.663041 0.498522 0.908186 0.609887 0.785128 0.0413936 0.157646 0.715083 0.812686 0.056115 0.627508 0.930055 0.701599 0.28273 0.566771 0.793618 0.090707 0.590545 0.124024 0.115342 0.253595 0.35825 0.533431 0.941126 0.486494 0.290821 0.24301 0.435267 0.851569 0.38389 0.674661 0.238074 0.446803 0.887317 0.122405 0.795207 0.325051 0.647736 0.517853 0.0968427 0.77321 0.639677 0.313984 0.589172 0.938123 0.104759 0.048883 0.996655 0.129067 
0.522977 0.768886 0.835264 0.360459 0.974845 0.18441 0.603074 0.262548 0.0538396 0.0432104 0.737526 0.3637 0.334041 0.779642 0.565401 0.255446 0.529923 0.912533 0.683515 0.721387 0.172905 0.54765 0.0896376 0.659968 0.232681 0.307163 0.0827648 0.859985 0.779151 0.256555 0.452837 0.24201 0.304995 0.192695 0.453549 0.0060169 0.39648 0.310304 0.571177 0.457856 0.75532 0.591868 0.808909 0.372021 0.999147 0.526386 0.681303 0.806479 0.166039 0.552656 0.563028 0.680933 0.147816 0.541635 0.173149 0.514432 0.352273 0.502917 0.681056 0.147457 0.919841 0.514258 0.451506 0.0921238 
0.871665 0.710677 0.999721 0.748693 0.75606 0.184656 0.0926357 0.90267 0.480326 0.253028 0.43892 0.801419 0.492117 0.789015 0.447799 0.679996 0.701897 0.465519 0.431882 0.854985 0.467909 0.59774 0.165259 0.670812 0.92359 0.417327 0.877164 0.413813 0.0895456 0.287966 0.528786 0.682675 0.253986 0.597966 0.255065 0.282643 0.658011 0.422205 0.542286 0.536499 0.153366 0.124413 0.851816 0.155329 0.363041 0.591688 0.366092 0.731408 0.868371 0.209419 0.172121 0.586857 0.0590871 0.161002 0.961172 0.634025 0.210871 0.541147 0.868479 0.528659 0.726878 0.0289369 0.570593 0.943338 
0.504028 0.479012 0.987422 0.736498 0.572107 0.0685854 0.078506 0.992397 0.91079 0.566435 0.114619 0.878194 0.992734 0.522531 0.770413 0.111252 0.415323 0.342981 0.0470746 0.810477 0.387223 0.0410861 0.117802 0.258913 0.290198 0.544813 0.903797 0.656757 0.577267 0.135919 0.933652 0.378742 0.782481 0.273519 0.954346 0.786781 0.70371 0.138297 0.301787 0.427682 0.49017 0.614671 0.108852 0.764728 0.641574 0.194838 0.893803 0.892376 0.773215 0.640058 0.178398 0.10615 0.272914 0.321636 0.422813 0.0723853 0.579258 0.614031 0.0922532 0.320538 0.995601 0.979774 0.098 0.160701 
0.501972 0.0959036 0.270572 0.125447 0.472506 0.625118 0.385136 0.834307 0.166144 0.324704 0.789644 0.340619 0.58884 0.977527 0.947576 0.875533 0.0717741 0.50573 0.793173 0.817098 0.255979 0.632923 0.40522 0.0428427 0.899905 0.930965 0.714559 0.522425 0.787745 0.67031 0.173023 0.998526 0.76719 0.231205 0.144221 0.434603 0.673091 0.260262 0.218909 0.274663 0.481224 0.309733 0.0401249 0.378357 0.0371661 0.066323 0.788801 0.402659 0.731737 0.736 0.454499 0.473987 0.358205 0.678742 0.305789 0.0556987 0.186437 0.101474 0.792193 0.385998 0.590875 0.386233 0.5902 0.198079 
0.64439 0.757748 0.306175 0.959343 0.779709 0.700885 0.702967 0.422195 0.496542 0.985489 0.595788 0.92912 0.487431 0.688803 0.910898 0.697942 0.210548 0.411601 0.16793 0.235858 0.48462 0.109739 0.546998 0.329057 0.801621 0.480524 0.866051 0.213462 0.520665 0.610301 0.71905 0.097431 0.508896 0.795402 0.465582 0.152927 0.555603 0.744047 0.613006 0.846874 0.377803 0.15216 0.821316 0.981437 0.991603 0.180209 0.110736 0.0342203 0.332873 0.610367 0.936502 0.71393 0.183371 0.962692 0.203226 0.69932 0.791873 0.516018 0.216806 0.333545 0.0281201 0.0511032 0.13264 0.787643 
0.942498 0.405845 0.00937009 0.225347 0.438617 0.332995 0.52466 0.966986 0.407208 0.182701 0.870804 0.251758 0.917829 0.69658 0.528415 0.0406708 0.741813 0.67836 0.356114 0.205703 0.0438998 0.0403408 0.868093 0.854365 0.19239 0.961278 0.33351 0.314341 0.967242 0.96364 0.0268728 0.859262 0.518951 0.34048 0.50722 0.33275 0.0368801 0.74556 0.741628 0.143602 0.464389 0.234599 0.774435 0.0953847 0.506308 0.648247 0.376297 0.994006 0.301674 0.0738111 0.548913 0.266443 0.0380218 0.217854 0.345939 0.640379 0.764722 0.229761 0.753782 0.419921 0.873699 0.742291 0.972641 0.804951 
0.344262 0.579713 0.310337 0.455173 0.0896851 0.617224 0.982114 0.188947 0.408195 0.865362 0.937401 0.0924462 0.127402 0.0855483 0.426005 0.111643 0.288793 0.166651 0.708695 0.989199 0.342389 0.0947907 0.481814 0.100673 0.13993 0.560213 0.167766 0.537411 0.197772 0.762107 0.0972121 0.655456 0.00815003 0.500684 0.922465 0.0760207 0.597524 0.500581 0.575019 0.771451 0.576855 0.0111211 0.421597 0.163661 0.582087 0.314459 0.460424 0.671005 0.481048 0.168355 0.926768 0.0096917 0.11383 0.191091 0.597802 0.630442 0.910802 0.419164 0.701901 0.858117 0.140126 0.501024 0.407576 0.889932 
0.608956 0.660938 0.958685 0.932549 0.361488 0.626285 0.072579 0.740102 0.0709458 0.00224082 0.830666 0.209847 0.342008 0.409977 0.788716 0.451687 0.60503 0.805578 0.378509 0.144813 0.644417 0.656047 0.438213 0.389501 0.914837 0.0507921 0.453012 0.292974 0.798564 0.905535 0.499667 0.065197 0.428638 0.0643955 0.775899 0.636769 0.759956 0.295734 0.430442 0.388194 0.642733 0.922952 0.892209 0.060812 0.751461 0.150485 0.764755 0.692655 0.948852 0.954774 0.654315 0.630951 0.283713 0.477761 0.467698 0.816997 0.250913 0.205905 0.200991 0.997478 0.499587 0.601897 0.0194017 0.993537 
0.510843 0.287436 0.223355 0.697795 0.948451 0.462269 0.0379764 0.869367 0.132917 0.884266 0.353051 0.375021 0.961381 0.503282 0.383736 0.0341649 0.925908 0.70636 0.384956 0.913514 0.0433831 0.721461 0.39879 0.518436 0.796215 0.577014 0.895905 0.881762 0.452268 0.19181 0.920294 0.317904 0.468542 0.167968 0.599569 0.615161 0.654095 0.436917 0.67089 0.0729038 0.29501 0.856049 0.209176 0.613895 0.366582 0.395272 0.313367 0.829117 0.569083 0.975082 0.844451 0.790358 0.933052 0.0832105 0.86763 0.51071 0.425786 0.566498 0.231723 0.533276 0.995864 0.866294 0.0418007 0.74053 
0.7057 0.525004 0.586045 0.0436999 0.0775475 0.291926 0.250229 0.956221 0.673905 0.564347 0.671066 0.600077 0.977267 0.0147405 0.182179 0.901312 0.293967 0.676897 0.874986 0.710679 0.407053 0.14956 0.43738 0.361146 0.328406 0.954295 0.938567 0.17046 0.404742 0.349578 0.0936853 0.56348 0.241918 0.135828 0.402577 0.823801 0.953723 0.914387 0.882409 0.680035 0.27684 0.157315 0.918408 0.82766 0.981551 0.00239312 0.0578299 0.89096 0.239653 0.305177 0.650059 0.296231 0.275411 0.0664396 0.0109721 0.656989 0.498734 0.10553 0.80718 0.062894 0.601163 0.847039 0.850856 0.253138 
0.386389 0.0559854 0.969937 0.998837 0.532611 0.888037 0.734349 0.486974 0.428115 0.19175 0.855025 0.831785 0.344893 0.633883 0.374344 0.76094 0.17924 0.846937 0.674907 0.829767 0.162 0.0524207 0.67809 0.417122 0.106892 0.534331 0.244875 0.645685 0.272405 0.436052 0.774782 0.130603 0.880095 0.591858 0.831256 0.92135 0.487632 0.26637 0.419373 0.090245 0.0514084 0.387732 0.334897 0.503785 0.40036 0.96617 0.0378355 0.807002 0.0411511 0.419396 0.595878 0.957393 0.523765 0.302728 0.555646 0.390249 0.951418 0.447101 0.536165 0.557687 0.365418 0.465472 0.700252 0.123001 
0.415327 0.36083 0.698144 0.0140113 0.428415 0.578527 0.274364 0.507755 0.751299 0.962372 0.160684 0.298703 0.473368 0.869409 0.951056 0.620193 0.904322 0.220966 0.0440746 0.952524 0.37883 0.567138 0.107355 0.0370799 0.247246 0.800886 0.979046 0.493173 0.775863 0.775727 0.404585 0.283849 0.176424 0.675075 0.213613 0.0835897 0.787672 0.957622 0.757308 0.607931 0.744799 0.21535 0.870184 0.23357 0.212763 0.534362 0.512185 0.372228 0.896502 0.66687 0.901821 0.770492 0.929793 0.964068 0.117425 0.221418 0.652024 0.81012 0.498372 0.358493 0.376251 0.598761 0.27778 0.541036 
0.139073 0.850574 0.729818 0.236115 0.973532 0.113199 0.656614 0.368764 0.503628 0.281246 0.88612 0.484481 0.229775 0.748128 0.366036 0.875604 0.201921 0.95825 0.583025 0.124532 0.700477 0.774865 0.0281359 0.0528508 0.0182054 0.0995858 0.480638 0.738147 0.460241 0.156188 0.880488 0.701361 0.00307458 0.201652 0.957078 0.392234 0.102413 0.181825 0.220379 0.487467 0.352496 0.886448 0.706644 0.428166 0.946485 0.813391 0.200126 0.920581 0.451402 0.98051 0.528816 0.626657 0.243484 0.772905 0.881944 0.202129 0.188141 0.497462 0.867101 0.231654 0.342053 0.110367 0.107825 0.198979 
0.0466377 0.921428 0.373514 0.121124 0.0129541 0.301512 0.186483 0.218786 0.582397 0.624746 0.100392 0.0798351 0.501995 0.694798 0.457434 0.0953894 0.745521 0.264268 0.177021 0.124171 0.272289 0.976122 0.265779 0.360955 0.715914 0.20423 0.315874 0.0319318 0.357619 0.0633661 0.105827 0.455245 0.239976 0.918186 0.509062 0.701298 0.28428 0.194735 0.807012 0.757613 0.937801 0.331576 0.797162 0.901385 0.385422 0.0722137 0.861845 0.520621 0.640336 0.88197 0.94238 0.015015 0.91517 0.383961 0.735422 0.555847 0.678104 0.213383 0.710553 0.645905 0.116097 0.208352 0.000968275 0.649097 
0.675564 0.832047 0.111392 0.934604 0.0186118 0.701902 0.52153 0.748915 0.59805 0.490716 0.490132 0.843181 0.381044 0.623936 0.509164 0.123214 0.856665 0.113225 0.873542 0.80814 0.908734 0.853659 0.549351 0.825307 0.963857 0.00704599 0.581794 0.734315 0.198471 0.663151 0.406251 0.346242 0.897547 0.0697135 0.50918 0.190859 0.423836 0.082143 0.809371 0.625392 0.179367 0.183424 0.231179 0.905263 0.603527 0.448802 0.188565 0.181107 0.922493 0.29691 0.122839 0.698239 0.185801 0.625775 0.82717 0.357417 0.70534 0.277538 0.356847 0.702675 0.470088 0.882298 0.0101103 0.438501 
0.168311 0.399353 0.345985 0.747237 0.401041 0.368936 0.817027 0.875989 0.506644 0.123081 0.759616 0.364521 0.246169 0.296618 0.946577 0.34266 0.919594 0.993824 0.234876 0.204639 0.884214 0.366064 0.853435 0.476525 0.524216 0.523386 0.599734 0.396502 0.815071 0.0893443 0.639664 0.230594 0.537338 0.991262 0.561755 0.989271 0.207453 0.709175 0.260187 0.000978696 0.443772 0.399634 0.205257 0.826382 0.864739 0.553646 0.493758 0.907571 0.546399 0.430974 0.295051 0.0682366 0.901992 0.188863 0.785519 0.0618897 0.985056 0.48578 0.939842 0.411622 0.716374 0.742463 0.195422 0.0319142 
0.633391 0.789574 0.969816 0.69311 0.409347 0.280756 0.0224767 0.943307 0.911323 0.271567 0.248261 0.285381 0.569496 0.765152 0.379165 0.206068 0.436245 0.136941 0.702892 0.67419 0.52875 0.695388 0.221933 0.309385 0.370271 0.520446 0.417806 0.749274 0.18209 0.51365 0.53218 0.313068 0.354291 0.480989 0.328061 0.765738 0.445394 0.853956 0.330091 0.628529 0.282163 0.0746251 0.621209 0.75109 0.312838 0.801842 0.656675 0.507421 0.871396 0.657052 0.679538 0.446423 0.630645 0.7245 0.707658 0.211369 0.575038 0.188193 0.202369 0.564602 0.450546 0.9737 0.362138 0.0793974 
0.94424 0.621752 0.263121 0.0951994 0.777929 0.776457 0.852268 0.364654 0.971389 0.985011 0.783348 0.293162 0.498157 0.252909 0.97151 0.452398 0.0849507 0.190798 0.0962272 0.0196861 0.585453 0.744088 0.304145 0.817448 0.385624 0.0844885 0.888584 0.278986 0.950973 0.736601 0.55556 0.863415 0.170785 0.630512 0.084858 0.737236 0.835207 0.128428 0.234099 0.537552 0.216169 0.103561 0.760134 0.813426 0.138243 0.0279333 0.765285 0.0583556 0.617444 0.586063 0.290364 0.752079 0.164178 0.740331 0.78189 0.525458 0.608284 0.684642 0.687199 0.72746 0.796657 0.255077 0.73375 0.295565 
0.0280714 0.774077 0.555655 0.167859 0.392675 0.882851 0.727558 0.736872 0.256441 0.884253 0.911036 0.0506081 0.844446 0.0734493 0.180251 0.213979 0.414155 0.532133 0.729255 0.619938 0.778546 0.354096 0.516497 0.961559 0.161644 0.0943413 0.809067 0.679752 0.594864 0.540794 0.79135 0.384444 0.294363 0.811638 0.890799 0.678792 0.371695 0.221665 0.934277 0.877686 0.69385 0.979557 0.477437 0.789532 0.64689 0.966784 0.810064 0.647705 0.245316 0.277741 0.439224 0.311748 0.726593 0.16758 0.66769 0.558924 0.556547 0.213371 0.136878 0.766206 0.460926 0.816154 0.452952 0.652507 
0.293846 0.0960652 0.306587 0.546731 0.758338 0.422678 0.421408 0.634559 0.978117 0.576751 0.334361 0.28415 0.742072 0.362646 0.487156 0.954907 0.450468 0.177657 0.797172 0.00836873 0.120839 0.036493 0.569019 0.336104 0.578297 0.818747 0.0954627 0.4819 0.612065 0.741719 0.380584 0.129834 0.731829 0.947591 0.930832 0.854799 0.853091 0.395467 0.477246 0.841851 0.0401304 0.197008 0.906249 0.0134412 0.0481344 0.657774 0.267967 0.328967 0.744028 0.559035 0.717124 0.328466 0.347875 0.486745 0.3915 0.120968 0.625458 0.393093 0.427225 0.362963 0.132431 0.618057 0.980382 0.0992015 
0.291157 0.566761 0.842299 0.0911815 0.449586 0.930599 0.658227 0.543227 0.268602 0.569198 0.462285 0.566588 0.791455 0.180785 0.860064 0.934363 0.392563 0.932873 0.0198227 0.2457 0.568958 0.87279 0.823939 0.510161 0.78521 0.191109 0.382657 0.579628 0.0139438 0.655356 0.474584 0.866287 0.527387 0.662005 0.166784 0.66967 0.840097 0.769504 0.923993 0.846756 0.889556 0.219733 0.088956 0.925296 0.205617 0.00898638 0.311189 0.260969 0.118236 0.679716 0.955832 0.866093 0.238927 0.171921 0.992443 0.537373 0.831419 0.782232 0.584964 0.296367 0.274538 0.827639 0.134839 0.957265 
0.516479 0.123997 0.886409 0.359123 0.178518 0.319152 0.86557 0.976341 0.119977 0.161934 0.350268 0.983948 0.977113 0.142771 0.577899 0.96723 0.839667 0.45694 0.137802 0.0844888 0.213789 0.626493 0.351455 0.617449 0.92619 0.760681 0.990751 0.814293 0.597783 0.311245 0.332235 0.423414 0.272792 0.497144 0.00469227 0.673965 0.217161 0.996515 0.840314 0.44557 0.0497166 0.683932 0.280061 0.687097 0.845317 0.790445 0.00361901 0.11083 0.451306 0.05115 0.151166 0.196339 0.227008 0.0602714 0.195367 0.522479 0.732483 0.434977 0.154082 0.607687 0.102842 0.615032 0.753514 0.759963 
0.839115 0.64162 0.481719 0.158284 0.0595711 0.168302 0.678717 0.616718 0.252026 0.693974 0.723008 0.834937 0.616647 0.610455 0.639931 0.210227 0.719058 0.710589 0.169133 0.355105 0.929941 0.783675 0.860747 0.369714 0.528534 0.121481 0.637604 0.942754 0.353586 0.783257 0.00141417 0.524165 0.549835 0.938283 0.850796 0.311637 0.568966 0.15119 0.693782 0.0470418 0.190822 0.235029 0.598465 0.749722 0.412531 0.5323 0.818179 0.99887 0.788239 0.668367 0.332398 0.129866 0.967852 0.0947281 0.77076 0.00813208 0.784973 0.446832 0.87901 0.925243 0.804972 0.461794 0.607828 0.407267 
0.791714 0.713278 0.704007 0.907187 0.272064 0.522295 0.933359 0.212014 0.706218 0.940727 0.964507 0.766032 0.706636 0.506781 0.54472 0.625251 0.476485 0.138155 0.469696 0.189487 0.168099 0.110383 0.190841 0.409553 0.755095 0.746332 0.693703 0.413924 0.481347 0.0285426 0.276164 0.870123 0.18615 0.178426 0.921951 0.758911 0.165866 0.251407 0.398828 0.543376 0.707785 0.945434 0.662329 0.944016 0.221541 0.137623 0.197698 0.685138 0.8005 0.455411 0.639919 0.47576 0.866423 0.72824 0.879103 0.569445 0.0424184 0.302953 0.827625 0.524964 0.440527 0.946245 0.293356 0.93939 
0.276479 0.932486 0.782229 0.0706233 0.891784 0.236729 0.89352 0.653424 0.677378 0.514912 0.00118849 0.595028 0.463938 0.675394 0.0170218 0.572587 0.353325 0.881256 0.772853 0.665955 0.667021 0.592092 0.328945 0.732829 0.140286 0.851287 0.998666 0.74926 0.195319 0.889543 0.170142 0.112947 0.359277 0.00837722 0.378224 0.767237 0.160709 0.902556 0.315403 0.988845 0.466707 0.14374 0.539763 0.767572 0.572257 0.254193 0.523509 0.356399 0.543468 0.0902794 0.697379 0.0225944 0.0317822 0.119611 0.963665 0.757307 0.821385 0.166297 0.967898 0.176388 0.202948 0.54718 0.595865 0.476331 
0.699286 0.260011 0.736774 0.0890631 0.721735 0.547006 0.0759189 0.802839 0.437428 0.093223 0.377022 0.481814 0.767813 0.890184 0.937723 0.754354 0.352103 0.305514 0.299857 0.0755803 0.16026 0.976151 0.890323 0.304782 0.00153333 0.00860162 0.996423 0.837314 0.863093 0.366136 0.381695 0.266785 0.712313 0.201377 0.9969 0.94532 0.968635 0.554092 0.163579 0.0400267 0.518058 0.344133 0.669229 0.214753 0.668561 0.21665 0.200125 0.840789 0.397242 0.0723662 0.751113 0.92302 0.915903 0.280122 0.205312 0.810291 0.587935 0.752266 0.587666 0.829614 0.490696 0.0439203 0.910102 0.40257 
0.773544 0.174729 0.303782 0.0571361 0.693519 0.107393 0.891448 0.011431 0.309178 0.197404 0.136294 0.794801 0.76882 0.415772 0.543156 0.265639 0.0530118 0.411352 0.86798 0.899439 0.634981 0.96288 0.0733629 0.837056 0.701477 0.782787 0.909376 0.738089 0.199222 0.197621 0.864723 0.645214 0.617622 0.991248 0.200749 0.193375 0.473904 0.563127 0.943258 0.863708 0.34336 0.81773 0.777867 0.106524 0.947001 0.06001 0.543472 0.891539 0.545654 0.172206 0.467586 0.155483 0.567672 0.900136 0.946007 0.224598 0.861264 0.24227 0.63726 0.343567 0.11496 0.533629 0.846738 0.824324 
0.75283 0.410826 0.00772578 0.773807 0.39361 0.849151 0.785504 0.874173 0.861395 0.905937 0.521229 0.703343 0.5943 0.434137 0.251078 0.356061 0.448963 0.5208 0.448845 0.0529664 0.27899 0.719628 0.694819 0.55364 0.523812 0.46251 0.292314 0.349626 0.718773 0.11791 0.640354 0.125605 0.813908 0.190464 0.935111 0.270846 0.937988 0.353263 0.654261 0.0690914 0.219408 0.761305 0.206853 0.551375 0.542613 0.911809 0.519535 0.643191 0.741376 0.166605 0.762862 0.850792 0.571029 0.223417 0.945273 0.338692 0.365108 0.688531 0.441927 0.183505 0.883278 0.820533 0.49934 0.585371 
0.947619 0.870924 0.320776 0.279491 0.893688 0.979679 0.528618 0.179531 0.288486 0.874521 0.61523 0.156173 0.0293467 0.797032 0.160481 0.243707 0.44968 0.0725333 0.503186 0.320596 0.528934 0.052387 0.22187 0.769745 0.186746 0.244426 0.515079 0.112404 0.118758 0.299668 0.649628 0.486672 0.737713 0.325216 0.448475 0.979074 0.580603 0.605187 0.554131 0.275316 0.743127 0.514963 0.648913 0.246102 0.229514 0.305286 0.447668 0.660101 0.292803 0.459548 0.582775 0.256648 0.646293 0.318388 0.471065 0.392212 0.794577 0.931062 0.823515 0.88319 0.344288 0.511144 0.811989 0.669512 
0.421031 0.62871 0.961001 0.856132 0.592314 0.00204077 0.00312178 0.981002 0.480428 0.619372 0.380837 0.820617 0.0932162 0.951945 0.374472 0.696346 0.629589 0.557382 0.76951 0.356135 0.337343 0.0470679 0.771934 0.401887 0.0969555 0.103682 0.84572 0.0674892 0.0965686 0.656168 0.841455 0.01308 0.918832 0.449014 0.217427 0.25694 0.475796 0.536549 0.889487 0.250928 0.508725 0.612745 0.700402 0.324231 0.0380685 0.304366 0.396579 0.476742 0.983321 0.664256 0.256387 0.781175 0.727465 0.0844413 0.583248 0.0689204 0.196675 0.201441 0.652443 0.271474 0.401455 0.272846 0.202562 0.422366 
0.876981 0.825255 0.667119 0.763792 0.248598 0.581613 0.52511 0.545804 0.268852 0.78167 0.154851 0.644129 0.229965 0.942681 0.597377 0.223621 0.575595 0.179166 0.681887 0.274864 0.0260907 0.652835 0.170851 0.597993 0.993676 0.233249 0.511495 0.275645 0.73929 0.623481 0.00562967 0.465754 0.834919 0.0113171 0.633503 0.290005 0.965056 0.280436 0.0686049 0.598602 0.658859 0.795709 0.603152 0.605122 0.634353 0.861507 0.500332 0.442689 0.315739 0.477649 0.12878 0.433271 0.707364 0.202743 0.0429069 0.556564 0.544121 0.392904 0.541653 0.43304 0.164637 0.898524 0.390656 0.0405601 
0.932459 0.256329 0.853487 0.87817 0.57323 0.80285 0.76806 0.776475 0.900728 0.998311 0.812993 0.862516 0.920658 0.19328 0.971162 0.680283 0.93917 0.77415 0.349791 3.06893e-05 0.217017 0.592503 0.0637161 0.618038 0.0971961 0.262544 0.173217 0.478024 0.0186276 0.505875 0.746868 0.483251 0.513205 0.727713 0.071292 0.00884382 0.750242 0.842453 0.276545 0.247285 0.478373 0.47837 0.653405 0.241535 0.289713 0.57537 0.6828 0.208172 0.611248 0.652634 0.236111 0.602087 0.743062 0.583555 0.494809 0.448797 0.427092 0.365973 0.177028 0.221873 0.533084 0.995408 0.326368 0.24312 
0.143835 0.56112 0.79029 0.309106 0.659105 0.233643 0.187111 0.528452 0.360068 0.978094 0.769766 0.16188 0.778208 0.380767 0.783386 0.627435 0.775967 0.790632 0.333015 0.464459 0.962205 0.0157427 0.63769 0.537384 0.329583 0.54379 0.284832 0.954302 0.957564 0.689753 0.229946 0.546524 0.375224 0.44163 0.0827069 0.507931 0.243762 0.84499 0.739926 0.252113 0.387101 0.394019 0.420741 0.722993 0.176546 0.531048 0.77009 0.750848 0.293856 0.244267 0.35567 0.480332 0.565671 0.838434 0.000172451 0.23584 0.0335157 0.626522 0.567525 0.6547 0.450175 0.718748 0.192828 0.479242 
0.448758 0.855627 0.748788 0.992914 0.746745 0.466067 0.501353 0.758637 0.620162 0.381854 0.392132 0.857359 0.979464 0.100572 0.73273 0.439925 0.242126 0.467046 0.359407 0.0561694 0.252256 0.352142 0.666124 0.436188 0.224988 0.320627 0.326531 0.480743 0.773023 0.668605 0.175238 0.127674 0.810818 0.814142 0.8145 0.487782 0.161162 0.0172136 0.249997 0.504357 0.789498 0.59548 0.766827 0.428196 0.153254 0.172607 0.505666 0.573391 0.693971 0.529651 0.505097 0.663372 0.547397 0.968617 0.582747 0.416196 0.872829 0.544773 0.2333 0.103494 0.492363 0.406044 0.451029 0.281234 
0.473341 0.95055 0.773023 0.14362 0.952344 0.00698302 0.403773 0.700615 0.357881 0.281498 0.252288 0.185452 0.234595 0.00103434 0.439414 0.348513 0.441305 0.421191 0.692674 0.704124 0.343441 0.81204 0.982838 0.130408 0.982125 0.370378 0.169406 0.517413 0.32072 0.371148 0.606414 0.260617 0.093283 0.951599 0.34306 0.639736 0.9637 0.749568 0.710462 0.202134 0.732389 0.158683 0.801395 0.218457 0.555166 0.757891 0.79343 0.938343 0.894415 0.675503 0.105515 0.820565 0.0389433 0.527162 0.205081 0.610563 0.758935 0.00191986 0.42651 0.661219 0.393239 0.970454 0.723418 0.83264 
0.739232 0.653344 0.436373 0.195708 0.924731 0.299449 0.533678 0.970175 0.597029 0.222841 0.146845 0.609722 0.159175 0.998771 0.86357 0.595958 0.014573 0.567955 0.160163 0.772328 0.31115 0.163735 0.59221 0.642761 0.787419 0.837998 0.875283 0.877219 0.0677603 0.466707 0.81478 0.242786 0.0910192 0.943869 0.988836 0.189124 0.467621 0.889083 0.0948449 0.879462 0.990225 0.483568 0.828321 0.342471 0.870644 0.852539 0.867226 0.955907 0.633053 0.643374 0.874073 0.924421 0.933804 0.507278 0.186841 0.551949 0.799527 0.324837 0.60837 0.270859 0.0520019 0.627372 0.591033 0.488665 
0.574342 0.124342 0.799106 0.111831 0.0153833 0.586485 0.624883 0.0108556 0.259461 0.478916 0.620348 0.761431 0.558416 0.604917 0.666185 0.697504 0.628916 0.00436625 0.103369 0.0808172 0.864386 0.780938 0.904836 0.142248 0.117672 0.799635 0.0995475 0.126325 0.0434123 0.434464 0.244583 0.888171 0.23674 0.596678 0.969613 0.902528 0.168839 0.985094 0.947497 0.523755 0.894093 0.841818 0.960439 0.116715 0.457757 0.0822721 0.46548 0.349904 0.393053 0.456605 0.134254 0.849734 0.795922 0.922102 0.144843 0.449475 0.909932 0.192261 0.0171244 0.69589 0.0123137 0.404272 0.538359 0.124712 
0.466675 0.041536 0.0122317 0.836477 0.367287 0.196656 0.67176 0.774218 0.55339 0.650035 0.483469 0.495766 0.524553 0.414724 0.341071 0.83341 0.787773 0.963445 0.106918 0.696589 0.948166 0.114853 0.26281 0.798668 0.705904 0.445294 0.779657 0.387375 0.586193 0.746058 0.604594 0.671299 0.236701 0.991327 0.326511 0.838746 0.987146 0.200611 0.255939 0.999988 0.879825 0.863709 0.377997 0.673485 0.16635 0.710659 0.482852 0.532102 0.371081 0.0808323 0.650474 0.526574 0.479038 0.273887 0.770329 0.571978 0.498646 0.105363 0.503376 0.949701 0.376023 0.354645 0.986279 0.162574 
0.799959 0.222521 0.330336 0.647016 0.333795 0.189111 0.867089 0.643154 0.325893 0.262359 0.341082 0.465887 0.518721 0.163953 0.872663 0.406961 0.209158 0.188726 0.818435 0.223846 0.164201 0.0819394 0.52665 0.698668 0.913187 0.396396 0.389847 0.122257 0.550464 0.709704 0.728911 0.608848 0.499297 0.262801 0.341891 0.357138 0.441911 0.514131 0.374802 0.69646 0.148596 0.0767995 0.851622 0.03302 0.200986 0.932637 0.432675 0.325508 0.148964 0.225636 0.66307 0.961296 0.292268 0.338204 0.160432 0.0635038 0.753303 0.861617 0.963 0.462451 0.286351 0.790243 0.209221 0.449712 
0.778238 0.0529321 0.627762 0.496016 0.50206 0.0867111 0.647378 0.976605 0.511057 0.0114831 0.928189 0.887272 0.435309 0.975085 0.303585 0.152875 0.123388 0.115206 0.362355 0.66429 0.387655 0.886464 0.778284 0.551498 0.119338 0.735066 0.952982 0.82936 0.505536 0.352591 0.373459 0.346924 0.319399 0.389308 0.685503 0.758244 0.877132 0.299723 0.263973 0.527001 0.0648241 0.577954 0.530995 0.615315 0.910488 0.924076 0.379376 0.617351 0.738639 0.633918 0.578347 0.421915 0.603647 0.502078 0.00535657 0.155237 0.893293 0.515417 0.334801 0.75626 0.98114 0.064985 0.184964 0.772152 
