20.9159 0001011001010001010001010101011101110001101001000111111100110000111001110110100010001011010111101000
79.0407 1001001101000100001010111100001001110100101000011111110001100101011011000111011100001111111000001000
0.185082 0.931541 0.947731 0.484749 0.320536 0.154427 0.698863 0.119951 0.485176 0.632738 0.818227 0.683026 0.498561 0.586797 0.719754 0.258498 0.546207 0.407308 0.176985 0.969632 0.297018 0.287869 0.116193 0.181727 0.49429 0.565765 0.221835 0.767491 0.577308 0.167823 0.367471 0.468674 0.654266 0.79309 0.663062 0.61303 0.990852 0.119485 0.148565 0.852281 0.509526 0.21727 0.993266 0.315297 0.258733 0.809175 0.353675 0.467842 0.274173 0.7982 0.814138 0.94809 0.822885 0.515139 0.220998 0.746631 0.431538 0.888304 0.941193 0.503012 0.702042 0.706542 0.481022 0.960314 
0.426023 0.322874 0.76193 0.932629 0.711217 0.517431 0.884472 0.553634 0.573642 0.393933 0.926547 0.00554442 0.728499 0.355754 0.212933 0.362027 0.8783 0.363326 0.503207 0.767488 0.914476 0.826368 0.411746 0.630843 0.341912 0.381693 0.96246 0.647014 0.957846 0.803452 0.229386 0.879202 0.592496 0.786172 0.532144 0.968291 0.574954 0.476843 0.421138 0.59898 0.106573 0.368608 0.215806 0.807211 0.798221 0.554539 0.895146 0.92914 0.977633 0.917719 0.0400112 0.732822 0.896374 0.837831 0.536454 0.321319 0.397254 0.277439 0.936248 0.463743 0.852289 0.212767 0.000123584 0.0928963 
0.175116 0.514859 0.87999 0.784792 0.529821 0.273838 0.0263841 0.869709 0.275438 0.14521 0.505412 0.335095 0.161695 0.21929 0.836518 0.720348 0.0514882 0.623272 0.286269 0.812782 0.545873 0.01827 0.0161103 0.935036 0.390586 0.910656 0.819465 0.0903704 0.35824 0.0189851 0.450027 0.0303683 0.270354 0.00258257 0.433746 0.587174 0.991984 0.435521 0.362427 0.873127 0.485054 0.743862 0.754181 0.323683 0.735351 0.18559 0.132092 0.00997191 0.373041 0.0108009 0.848462 0.243167 0.680027 0.67714 0.885827 0.153566 0.946694 0.293744 0.736601 0.475539 0.164867 0.827453 0.539698 0.354172 
0.841998 0.0318049 0.0677352 0.628181 0.634944 0.769737 0.441389 0.858468 0.381663 0.964781 0.780302 0.425975 0.346098 0.539183 0.431214 0.782633 0.667327 0.692619 0.34384 0.575779 0.418907 0.0685992 0.0975481 0.226296 0.861028 0.28086 0.125219 0.0742608 0.325846 0.757005 0.4092 0.7565 0.270178 0.86618 0.973999 0.756013 0.947423 0.183285 0.987305 0.0404198 0.395214 0.598546 0.150486 0.174443 0.148676 0.013237 0.00154074 0.0412691 0.425639 0.964397 0.182686 0.745038 0.339663 0.651092 0.641117 0.223103 0.750253 0.454078 0.175645 0.255014 0.72563 0.390974 0.386583 0.734685 
0.973551 0.242338 0.206619 0.424409 0.717935 0.851672 0.350724 0.363295 0.336293 0.406178 0.0603076 0.128845 0.518525 0.883522 0.163339 0.728063 0.217907 0.834966 0.100676 0.365478 0.589097 0.470695 0.365887 0.970548 0.532385 0.402795 0.041246 0.279907 0.666554 0.0185296 0.208042 0.0227166 0.0534902 0.432133 0.287453 0.236387 0.727028 0.204223 0.199896 0.69086 0.24957 0.142995 0.131279 0.944659 0.214243 0.679421 0.473893 0.574446 0.416313 0.133163 0.330657 0.14442 0.836744 0.413017 0.0297817 0.85043 0.230546 0.905923 0.312388 0.467337 0.959706 0.867918 0.218787 0.704781 
0.448413 0.090468 0.512511 0.326872 0.865295 0.745539 0.365266 0.748965 0.506772 0.393404 0.253247 0.810773 0.769834 0.795715 0.176297 0.604141 0.338769 0.921044 0.342573 0.648779 0.202361 0.896405 0.814966 0.828555 0.652382 0.774337 0.721891 0.856231 0.976545 0.493908 0.318526 0.651494 0.0999649 0.00188266 0.0518942 0.654808 0.613631 0.538359 0.902245 0.285863 0.631267 0.47918 0.674623 0.480723 0.160277 0.031302 0.944875 0.774923 0.93407 0.231677 0.100118 0.720217 0.711021 0.243945 0.641573 0.198 0.2019 0.907059 0.579873 0.396806 0.780758 0.0818794 0.489453 0.727505 
0.45969 0.861976 0.234561 0.299521 0.534743 0.785741 0.639497 0.767901 0.834348 0.667722 0.130864 0.213941 0.384909 0.841063 0.035785 0.488657 0.624799 0.270458 0.458159 0.553926 0.744875 0.90339 0.207203 0.135204 0.305196 0.484572 0.999317 0.708906 0.537307 0.180768 0.0886493 0.272406 0.402194 0.0670985 0.62396 0.0507346 0.303874 0.201643 0.980164 0.274513 0.341647 0.640648 0.667426 0.814671 0.35651 0.99957 0.461608 0.611319 0.97267 0.204542 0.164433 0.163423 0.986391 0.865558 0.616343 0.936219 0.152867 0.377723 0.522758 0.114169 0.858117 0.179693 0.400145 0.354394 
0.192202 0.122038 0.879235 0.809934 0.242531 0.524746 0.0614992 0.802029 0.156585 0.940162 0.527459 0.602545 0.6556 0.457561 0.690527 0.416128 0.822802 0.954188 0.360026 0.0370878 0.645981 0.37466 0.100586 0.305508 0.289387 0.807967 0.243487 0.0510534 0.378713 0.929349 0.0239447 0.0129707 0.124987 0.293163 0.716648 0.438525 0.133505 0.0285086 0.509534 0.250784 0.829629 0.317301 0.962865 0.0250386 0.261516 0.630839 0.441003 0.463237 0.504022 0.804719 0.139259 0.332773 0.70748 0.341328 0.923063 0.923237 0.663962 0.785802 0.395582 0.669037 0.028965 0.761624 0.26777 0.43102 
0.540968 0.389563 0.545161 0.714655 0.718364 0.959713 0.949595 0.041886 0.372205 0.26454 0.279327 0.128429 0.590725 0.158039 0.576244 0.566263 0.322957 0.826797 0.788259 0.276187 0.0704904 0.285954 0.309524 0.0153795 0.220893 0.0432209 0.070697 0.907935 0.478946 0.120841 0.209597 0.77289 0.550886 0.539418 0.0231084 0.13695 0.318713 0.333897 0.235437 0.943667 0.790522 0.428205 0.557644 0.442003 0.913718 0.280191 0.269212 0.360558 0.284987 0.730535 0.0269462 0.574912 0.158845 0.864256 0.799231 0.181557 0.489744 0.871692 0.257598 0.696256 0.411818 0.216621 0.448562 0.549176 
0.462384 0.138479 0.303811 0.663608 0.7632 0.436245 0.480584 0.874674 0.209953 0.608911 0.670753 0.252809 0.407346 0.510981 0.590753 0.389891 0.103865 0.711167 0.967012 0.936499 0.666151 0.517348 0.924223 0.553881 0.246088 0.202891 0.96526 0.577403 0.323623 0.314861 0.477784 0.472603 0.849337 0.301655 0.808845 0.8292 0.622594 0.318131 0.879214 0.744876 0.12465 0.979249 0.0816052 0.358415 0.887664 0.624041 0.922429 0.826105 0.503756 0.501206 0.394352 0.153421 0.0383533 0.404598 0.246177 0.109932 0.466747 0.206216 0.196351 0.716894 0.483619 0.171961 0.274736 0.903753 
0.952656 0.645599 0.301544 0.69174 0.709669 0.705103 0.260198 0.809343 0.0165688 0.229348 0.0250437 0.758565 0.753357 0.226924 0.508651 0.621958 0.0479297 0.0097194 0.00206224 0.119615 0.968146 0.417692 0.644737 0.971265 0.732494 0.678159 0.416229 0.887434 0.387005 0.83489 0.98983 0.786274 0.0314468 0.390715 0.501289 0.89883 0.059874 0.48419 0.652746 0.837313 0.42423 0.406195 0.228294 0.462279 0.858453 0.718599 0.747367 0.501217 0.66041 0.149123 0.534956 0.693185 0.0724989 0.500198 0.0394657 0.213242 0.368992 0.847606 0.875681 0.000468471 0.409984 0.889431 0.585168 0.746898 
0.587851 0.427535 0.533218 0.95654 0.87818 0.661061 0.503272 0.0961354 0.917165 0.147214 0.177019 0.0983766 0.242768 0.0205646 0.100593 0.584415 0.199054 0.619453 0.108369 0.552099 0.0507571 0.0730334 0.912324 0.676456 0.17706 0.925566 0.692472 0.435055 0.573544 0.760014 0.910454 0.688935 0.213037 0.0148585 0.429707 0.345835 0.993277 0.629301 0.720823 0.196077 0.746379 0.28889 0.791024 0.702977 0.212959 0.195461 0.32473 0.719089 0.614082 0.524703 0.110846 0.244501 0.677634 0.352611 0.201023 0.385959 0.155761 0.159948 0.213037 0.64318 0.445223 0.0673515 0.0201489 0.550737 
0.325086 0.290006 0.461287 0.458755 0.959206 0.531699 0.749743 0.228305 0.869406 0.842612 0.659748 0.237063 0.378912 0.7057 0.991492 0.554403 0.78419 0.602745 0.693259 0.0746324 0.35443 0.515351 0.437479 0.767603 0.19084 0.589392 0.840345 0.229243 0.278453 0.483224 0.174969 0.473775 0.23988 0.464203 0.440204 0.530837 0.68854 0.413386 0.838046 0.710899 0.115442 0.226547 0.721519 0.264852 0.289648 0.400634 0.230637 0.994768 0.580768 0.542512 0.411327 0.120316 0.85973 0.393949 0.295813 0.716446 0.248047 0.139189 0.92279 0.867586 0.988775 0.68764 0.312178 0.62242 
0.318899 0.740158 0.569888 0.403918 0.73866 0.787098 0.45504 0.97822 0.822257 0.896221 0.143115 0.789674 0.0497047 0.894977 0.423917 0.585776 0.332896 0.39411 0.543579 0.109354 0.772749 0.117534 0.650544 0.322726 0.368386 0.471492 0.0157221 0.146227 0.196788 0.502157 0.298298 0.257962 0.832637 0.0990514 0.83569 0.249459 0.186621 0.481583 0.0645828 0.724902 0.758086 0.310468 0.705251 0.555024 0.366736 0.32665 0.897951 0.751652 0.829945 0.986776 0.485936 0.300551 0.731178 0.263403 0.12556 0.983946 0.372344 0.532176 0.255094 0.775175 0.0238376 0.0433398 0.223725 0.229948 
0.841167 0.486507 0.711753 0.902802 0.92651 0.369635 0.215934 0.467026 0.414266 0.985562 0.657919 0.731487 0.657426 0.645784 0.222802 0.167208 0.753025 0.0270159 0.319734 0.332519 0.213753 0.851277 0.75898 0.376457 0.591605 0.277325 0.920382 0.417129 0.0915603 0.657237 0.265019 0.222707 0.616535 0.565147 0.471854 0.625878 0.308304 0.374159 0.784796 0.869391 0.453931 0.852247 0.466637 0.630601 0.637247 0.604226 0.299257 0.905864 0.381448 0.847174 0.536164 0.600783 0.853049 0.847021 0.676862 0.0142412 0.456246 0.605209 0.203086 0.6245 0.998892 0.0800759 0.434447 0.691719 
0.27661 0.242555 0.185459 0.179281 0.578472 0.937054 0.79743 0.363088 0.000388291 0.33402 0.600282 0.155727 0.613513 0.0799447 0.197478 0.0718563 0.370986 0.451681 0.0351699 0.200866 0.341585 0.515781 0.336499 0.547452 0.333703 0.77153 0.95011 0.796702 0.763372 0.48893 0.387776 0.983272 0.205748 0.983243 0.819604 0.244068 0.87224 0.106716 0.304954 0.783816 0.171005 0.599789 0.664742 0.750731 0.521841 0.200879 0.128187 0.410199 0.340557 0.695173 0.833357 0.0648022 0.45443 0.657474 0.931789 0.282636 0.978114 0.692328 0.906304 0.807385 0.432502 0.566529 0.21916 0.681449 
0.696995 0.333243 0.952434 0.34282 0.571405 0.346645 0.451625 0.367109 0.979579 0.576599 0.988221 0.44905 0.406065 0.0649986 0.402525 0.639324 0.932058 0.113315 0.103149 0.467796 0.857303 0.188585 0.694261 0.271023 0.862788 0.594761 0.522515 0.713003 0.575456 0.686762 0.488135 0.749924 0.116858 0.0315388 0.425499 0.0301549 0.199245 0.309889 0.937154 0.192264 0.0261491 0.284869 0.499744 0.193232 0.451417 0.659206 0.346741 0.694096 0.229506 0.455169 0.124046 0.623508 0.116956 0.249689 0.875657 0.712453 0.591572 0.961936 0.0687168 0.0617907 0.177361 0.873561 0.907435 0.724431 
0.0300425 0.0468352 0.399143 0.352176 0.601829 0.857832 0.492984 0.459415 0.730633 0.587372 0.740655 0.369104 0.80772 0.362231 0.428035 0.314312 0.0681833 0.616319 0.983456 0.385752 0.423286 0.944604 0.713063 0.118379 0.878554 0.111022 0.123707 0.932602 0.00575479 0.837835 0.5132 0.849613 0.995475 0.927135 0.0447346 0.577774 0.56014 0.784925 0.870954 0.207093 0.965272 0.430707 0.589314 0.47516 0.452905 0.446142 0.875728 0.0829097 0.0191822 0.617752 0.142203 0.98844 0.794465 0.838014 0.448527 0.0760113 0.740748 0.964981 0.185933 0.72659 0.983718 0.804029 0.741943 0.582966 
0.283324 0.45749 0.905745 0.376592 0.912857 0.645828 0.675411 0.105414 0.116785 0.928398 0.7355 0.352902 0.822636 0.796634 0.724046 0.823841 0.352156 0.11318 0.924926 0.873995 0.432283 0.763373 0.353879 0.842664 0.569699 0.700137 0.911343 0.867705 0.89546 0.768852 0.0365601 0.844602 0.217023 0.13442 0.0691606 0.713376 0.902009 0.686939 0.655391 0.896175 0.789612 0.268036 0.339774 0.821417 0.577887 0.784976 0.995661 0.415955 0.861163 0.47735 0.191806 0.362578 0.588675 0.704807 0.830246 0.317413 0.668877 0.389405 0.345939 0.165603 0.384313 0.710863 0.897431 0.125037 
0.753424 0.972804 0.677482 0.822627 0.696894 0.0345689 0.604274 0.284648 0.809299 0.765131 0.233512 0.764592 0.338254 0.976864 0.857023 0.578528 0.662528 0.89691 0.894878 0.9586 0.826518 0.76581 0.0738936 0.924947 0.746741 0.937198 0.36014 0.834966 0.87881 0.481773 0.932526 0.799565 0.750554 0.588206 0.372603 0.0414321 0.172867 0.148489 0.0791801 0.0597654 0.133732 0.839974 0.589198 0.274518 0.889313 0.911046 0.89179 0.114214 0.269478 0.54631 0.256767 0.392087 0.173791 0.582444 0.89314 0.856881 0.0313107 0.282775 0.558423 0.234649 0.795799 0.642169 0.293863 0.13021 
0.60961 0.247417 0.429611 0.0231695 0.416573 0.606356 0.414395 0.559772 0.926848 0.786547 0.943434 0.914946 0.243698 0.0698355 0.99561 0.737364 0.399436 0.822116 0.684952 0.260248 0.791744 0.170786 0.970119 0.320218 0.875983 0.949598 0.264933 0.84635 0.57072 0.801114 0.586614 0.133833 0.17618 0.608448 0.247587 0.261034 0.401387 0.0152891 0.269762 0.059037 0.0748571 0.64437 0.602672 0.587965 0.0840774 0.500003 0.281405 0.907911 0.611014 0.618979 0.510318 0.702225 0.0171657 0.00270298 0.927161 0.104201 0.352407 0.734013 0.851588 0.844268 0.363351 0.396892 0.926593 0.385325 
0.900272 0.365008 0.0184114 0.122346 0.0909662 0.277328 0.369207 0.626041 0.203568 0.340142 0.227116 0.216161 0.670981 0.879978 0.053006 0.514798 0.390936 0.52569 0.126841 0.336894 0.506007 0.386205 0.515715 0.39666 0.601881 0.746231 0.0265417 0.641139 0.512083 0.670314 0.814561 0.412072 0.302125 0.670627 0.385759 0.199722 0.819779 0.605765 0.186144 0.0440811 0.742182 0.758008 0.149323 0.314005 0.293665 0.77965 0.648612 0.883579 0.56226 0.0490004 0.567792 0.91589 0.689478 0.291406 0.290219 0.848776 0.284665 0.193719 0.523191 0.99498 0.902531 0.127056 0.771765 0.66603 
0.431192 0.493768 0.588414 0.18907 0.930969 0.674073 0.756336 0.0638324 0.0655962 0.496035 0.346232 0.920653 0.0940039 0.822913 0.724616 0.0777806 0.0346955 0.925704 0.831569 0.77375 0.756146 0.00320361 0.56381 0.110059 0.360397 0.49513 0.439478 0.508457 0.845037 0.817083 0.307429 0.517615 0.474734 0.0231606 0.696484 0.059915 0.703797 0.178845 0.856826 0.891496 0.905092 0.951111 0.311416 0.086941 0.971174 0.111543 0.195264 0.0218477 0.288134 0.0479269 0.489717 0.200526 0.842632 0.581588 0.520335 0.878256 0.227655 0.591154 0.0558965 0.656963 0.809443 0.271972 0.106933 0.425384 
0.0868223 0.157618 0.116471 0.677504 0.677922 0.749905 0.857291 0.0164524 0.651277 0.434013 0.365197 0.967474 0.31032 0.890087 0.360827 0.316925 0.570848 0.836574 0.169495 0.401876 0.507087 0.985864 0.397996 0.552557 0.759045 0.525337 0.507508 0.626801 0.0667 0.145889 0.959558 0.896536 0.0958825 0.63311 0.721293 0.649995 0.562517 0.492291 0.893355 0.33837 0.444983 0.419275 0.0958538 0.198002 0.509345 0.277157 0.897248 0.208929 0.748219 0.210517 0.0190874 0.786174 0.660323 0.0110179 0.638841 0.483156 0.834255 0.811641 0.26081 0.126264 0.907079 0.550095 0.833148 0.169027 
0.373857 0.172729 0.725447 0.230978 0.388034 0.775293 0.191045 0.9915 0.522131 0.0441382 0.223365 0.565444 0.340438 0.710304 0.207493 0.137274 0.802154 0.25595 0.669433 0.0328771 0.494116 0.223622 0.255458 0.641109 0.685119 0.0222887 0.0284405 0.383571 0.30772 0.908374 0.924653 0.285453 0.267344 0.641677 0.615589 0.784264 0.953351 0.605324 0.638198 0.889623 0.439278 0.0635728 0.506369 0.176247 0.325 0.950275 0.83987 0.365863 0.464746 0.758585 0.454409 0.00469286 0.16014 0.430213 0.221861 0.595684 0.557764 0.489088 0.535241 0.622977 0.650207 0.0798889 0.833652 0.607662 
0.836231 0.698906 0.643505 0.796855 0.655558 0.527506 0.546278 0.845393 0.328816 0.0925184 0.729121 0.0535517 0.0198366 0.689614 0.929733 0.657699 0.184017 0.102024 0.771605 0.0187377 0.19366 0.898767 0.972136 0.875941 0.706648 0.709005 0.913163 0.0635036 0.0231315 0.806842 0.139901 0.503458 0.75961 0.518006 0.257128 0.632002 0.310371 0.872791 0.621352 0.892838 0.0440744 0.404486 0.0935628 0.520791 0.232775 0.522556 0.2431 0.407915 0.398451 0.12435 0.741086 0.89785 0.157603 0.164684 0.263618 0.260958 0.341588 0.57866 0.437552 0.932032 0.56981 0.411191 0.161802 0.509549 
0.74352 0.391321 0.452452 0.10504 0.186245 0.61054 0.770252 0.404962 0.363858 0.367564 0.411402 0.317321 0.214376 0.184577 0.991316 0.701192 0.14392 0.822358 0.0514616 0.592372 0.706978 0.186204 0.19582 0.264483 0.167885 0.506541 0.720067 0.485662 0.746069 0.404185 0.130021 0.457377 0.657085 0.039324 0.487918 0.0282486 0.818702 0.285882 0.0628511 0.313765 0.894521 0.575365 0.399342 0.438599 0.790935 0.33132 0.661238 0.168848 0.749091 0.237983 0.977482 0.511456 0.0919827 0.731896 0.524848 0.0225557 0.142989 0.981462 0.123933 0.33375 0.400657 0.572237 0.91022 0.742749 
0.760521 0.632147 0.517418 0.0988808 0.895651 0.77544 0.698404 0.636978 0.232626 0.568347 0.264794 0.294338 0.450721 0.188433 0.92633 0.187123 0.303698 0.481988 0.788693 0.152653 0.663566 0.63499 0.296746 0.505451 0.516245 0.319545 0.898384 0.480464 0.101906 0.272432 0.611836 0.768208 0.0747794 0.589187 0.281666 0.00830543 0.382864 0.662767 0.640441 0.560337 0.522102 0.0339089 0.601125 0.0203664 0.773281 0.864155 0.135465 0.711535 0.966941 0.952684 0.836692 0.0668325 0.556362 0.931158 0.151241 0.90853 0.0593079 0.200574 0.922418 0.288282 0.314268 0.377264 0.187216 0.0867867 
0.801322 0.763076 0.848417 0.375193 0.0841607 0.301201 0.277176 0.29569 0.0637586 0.98501 0.60403 0.670667 0.537461 0.73236 0.542325 0.251974 0.974135 0.408186 0.392666 0.739611 0.975399 0.723513 0.381065 0.591382 0.24332 0.447592 0.830234 0.550467 0.890787 0.00938543 0.769345 0.43707 0.413027 0.567275 0.0455433 0.799472 0.156301 0.566845 0.980909 0.464918 0.12937 0.497986 0.0344274 0.587314 0.380314 0.352998 0.666252 0.141527 0.369753 0.471034 0.21255 0.461316 0.649486 0.261831 0.87252 0.897877 0.188265 0.324689 0.760653 0.401558 0.0401498 0.65969 0.120904 0.176422 
0.383536 0.607839 0.572618 0.979503 0.56218 0.265485 0.409871 0.92733 0.801078 0.165006 0.281235 0.610255 0.898263 0.163003 0.567849 0.0866159 0.443518 0.979844 0.732515 0.955394 0.0557127 0.702191 0.949073 0.831883 0.767078 0.377209 0.685319 0.202875 0.281443 0.112914 0.739567 0.276798 0.260714 0.00768284 0.14322 0.576918 0.611694 0.138289 0.965709 0.792035 0.0439496 0.646613 0.570642 0.281114 0.658773 0.52555 0.768617 0.551646 0.430951 0.215538 0.352802 0.799129 0.157633 0.851963 0.363529 0.524128 0.550319 0.158298 0.0274241 0.0948277 0.727941 0.779165 0.843129 0.323235 
0.332481 0.324053 0.00873968 0.0983959 0.479558 0.598083 0.536199 0.431431 0.17577 0.226303 0.518338 0.955986 0.877668 0.718791 0.9017 0.549907 0.697695 0.662105 0.529049 0.618445 0.796027 0.135773 0.195476 0.462618 0.366394 0.4682 0.960634 0.103106 0.675347 0.129518 0.0104723 0.804212 0.992778 0.152719 0.448393 0.154237 0.176878 0.881009 0.658059 0.790979 0.89643 0.351342 0.0218613 0.127207 0.39611 0.596812 0.238523 0.828457 0.20407 0.446551 0.107502 0.349523 0.32664 0.989918 0.534518 0.127371 0.0212197 0.560245 0.225694 0.692334 0.119845 0.0318366 0.290318 0.301793 
0.856455 0.0811814 0.710593 0.0781945 0.5871 0.747052 0.523846 0.634922 0.862129 0.733115 0.48006 0.914437 0.889211 0.609067 0.803596 0.284794 0.522346 0.794619 0.75187 0.379021 0.404346 0.114221 0.359001 0.0118202 0.363377 0.0123142 0.164977 0.971212 0.824061 0.729311 0.296261 0.332927 0.188907 0.372148 0.337087 0.310335 0.850637 0.270623 0.266651 0.243019 0.053841 0.0131116 0.787226 0.618161 0.389814 0.613956 0.206456 0.642016 0.307371 0.626085 0.497256 0.782987 0.275153 0.836959 0.462038 0.937329 0.156758 0.595645 0.0637874 0.319726 0.816331 0.76551 0.345934 0.0940436 
0.394469 0.730555 0.872214 0.413057 0.222316 0.00681343 0.225745 0.915539 0.935456 0.143495 0.0879307 0.656221 0.759441 0.390775 0.473843 0.780345 0.848615 0.330744 0.813799 0.0724811 0.305345 0.384511 0.135893 0.725311 0.0602524 0.350062 0.453427 0.143778 0.112505 0.916783 0.12092 0.71994 0.0500475 0.541122 0.457624 0.567539 0.145212 0.431375 0.149435 0.163957 0.145457 0.937918 0.726559 0.77882 0.317473 0.945293 0.926315 0.599354 0.736504 0.924959 0.504676 0.647294 0.134163 0.674848 0.271417 0.943582 0.650754 0.166052 0.689549 0.203022 0.155437 0.855442 0.454782 0.542142 
0.767406 0.220744 0.0511674 0.438911 0.571927 0.581866 0.0563588 0.776384 0.721455 0.743373 0.949949 0.434137 0.179743 0.293427 0.376482 0.293615 0.460413 0.679438 0.766112 0.816494 0.656181 0.0711558 0.0664368 0.693693 0.391904 0.961426 0.422553 0.900755 0.0982046 0.574062 0.688687 0.368731 0.327163 0.522837 0.755272 0.0370262 0.733099 0.0393381 0.861523 0.345444 0.377502 0.9968 0.487876 0.227733 0.739911 0.0185466 0.534632 0.631987 0.999386 0.804195 0.933848 0.697495 0.741597 0.0469031 0.279742 0.584349 0.68063 0.744183 0.876507 0.876898 0.169219 0.0761077 0.0284377 0.617407 
0.27547 0.443641 0.469742 0.125153 0.389161 0.686805 0.719586 0.54276 0.209207 0.202268 0.824519 0.517872 0.589732 0.359344 0.830921 0.0618455 0.348045 0.789612 0.290672 0.663352 0.20889 0.858349 0.957457 0.948302 0.706852 0.292771 0.714986 0.937548 0.358838 0.474795 0.902234 0.204832 0.21803 0.154081 0.310675 0.764167 0.773265 0.838315 0.53605 0.51244 0.130753 0.123243 0.863762 0.936174 0.783845 0.380362 0.0129254 0.0341366 0.168842 0.406493 0.437854 0.107741 0.687218 0.0612199 0.972635 0.899957 0.862789 0.63831 0.773108 0.189236 0.751348 0.845773 0.352487 0.448919 
0.579102 0.150574 0.736338 0.204759 0.817922 0.394915 0.937069 0.953151 0.887996 0.87539 0.859161 0.48846 0.262025 0.828244 0.344529 0.326258 0.99221 0.0145426 0.0822058 0.818633 0.232295 0.327043 0.230129 0.781103 0.263989 0.967039 0.661978 0.99742 0.641642 0.210609 0.965926 0.859737 0.392045 0.290984 0.0189759 0.0929424 0.295307 0.734015 0.391645 0.78127 0.292154 0.813139 0.528518 0.465346 0.0871306 0.0562648 0.892035 0.848685 0.832867 0.980302 0.641266 0.239308 0.98473 0.0209149 0.487426 0.0648029 0.534047 0.123759 0.299841 0.445869 0.888932 0.440617 0.455066 0.105384 
0.0995861 0.999293 0.874738 0.70271 0.0127755 0.191673 0.0473143 0.511026 0.815731 0.863467 0.288626 0.675202 0.451415 0.330851 0.175313 0.101601 0.364454 0.687676 0.847323 0.870202 0.261166 0.315255 0.507132 0.160589 0.0872035 0.40339 0.0815313 0.543948 0.0306127 0.65674 0.55454 0.0543131 0.440726 0.0562485 0.0485092 0.139405 0.636386 0.302526 0.118671 0.965097 0.383458 0.0189185 0.0630539 0.213623 0.478738 0.567266 0.724911 0.884547 0.774325 0.709092 0.938358 0.443998 0.423966 0.321422 0.330368 0.920847 0.627776 0.316909 0.155733 0.265755 0.411726 0.954238 0.824356 0.907236 
0.140335 0.524032 0.130987 0.659325 0.116617 0.460404 0.95082 0.0881557 0.635808 0.754406 0.310803 0.253651 0.626438 0.132216 0.761667 0.248723 0.342045 0.132515 0.705281 0.436206 0.224253 0.499087 0.209094 0.152582 0.57796 0.458851 0.613961 0.150132 0.681749 0.444726 0.483158 0.980619 0.625705 0.829599 0.739949 0.409924 0.885831 0.929025 0.767889 0.432028 0.662617 0.740729 0.753509 0.372393 0.614756 0.974871 0.473367 0.940338 0.0737698 0.881615 0.0638718 0.709686 0.180181 0.326466 0.73318 0.66994 0.935149 0.077902 0.104049 0.46176 0.294448 0.214471 0.592297 0.378883 
0.328724 0.943583 0.452924 0.850839 0.104394 0.473937 0.739632 0.826393 0.168387 0.435363 0.952383 0.783627 0.0547154 0.654987 0.58261 0.772984 0.263104 0.591958 0.649563 0.0267812 0.684227 0.275426 0.574004 0.545167 0.951217 0.207156 0.179122 0.585719 0.984681 0.132746 0.00299593 0.737047 0.692436 0.104983 0.820701 0.858516 0.914464 0.518436 0.391503 0.763925 0.686606 0.565792 0.917505 0.0519678 0.582581 0.370601 0.106236 0.483763 0.822782 0.00308242 0.328487 0.33038 0.636152 0.991917 0.424202 0.534109 0.022093 0.217164 0.170616 0.372409 0.0861835 0.882508 0.863119 0.480963 
0.558129 0.27776 0.172427 0.326111 0.217583 0.967956 0.710075 0.0294476 0.416369 0.734496 0.671793 0.346214 0.551075 0.92641 0.197867 0.0497687 0.464683 0.291783 0.294051 0.0426915 0.794036 0.568309 0.326961 0.621396 0.239257 0.819166 0.851717 0.315321 0.357513 0.79408 0.859347 0.665385 0.377693 0.689301 0.991607 0.585422 0.818858 0.144915 0.0142578 0.638212 0.958987 0.587405 0.325143 0.358802 0.237328 0.725818 0.86904 0.697809 0.399368 0.637005 0.240857 0.932407 0.0965278 0.775825 0.308073 0.968334 0.224914 0.131339 0.850216 0.746891 0.567231 0.855922 0.674051 0.534161 
0.514719 0.757946 0.203501 0.00136437 0.0084961 0.0187295 0.260289 0.490532 0.390116 0.386362 0.0557686 0.859868 0.563525 0.673625 0.695253 0.807542 0.147172 0.613014 0.802039 0.936871 0.849727 0.946842 0.554002 0.778873 0.957248 0.773853 0.302268 0.260912 0.693453 0.00413716 0.309475 0.397168 0.0282341 0.127988 0.930222 0.228841 0.16473 0.494551 0.0202139 0.390756 0.817736 0.708972 0.390777 0.519605 0.453631 0.275414 0.709182 0.170644 0.212256 0.463481 0.308673 0.32987 0.294582 0.768275 0.773606 0.541625 0.632502 0.806345 0.392976 0.19106 0.892894 0.352637 0.668235 0.845293 
0.746231 0.419375 0.889846 0.294107 0.31318 0.0837566 0.965531 0.247982 0.336443 0.458572 0.37881 0.318814 0.137868 0.318858 0.233361 0.909431 0.379426 0.210847 0.0902673 0.687286 0.502753 0.00661335 0.0203379 0.955411 0.0266999 0.26675 0.19622 0.296313 0.436607 0.267093 0.481718 0.949657 0.715735 0.411284 0.692766 0.833731 0.659051 0.232343 0.245161 0.0765543 0.87233 0.0148264 0.273138 0.552212 0.74537 0.358294 0.0275178 0.402961 0.79842 0.441628 0.432235 0.442439 0.957126 0.7277 0.326798 0.992049 0.519449 0.22571 0.670136 0.878983 0.9126 0.219335 0.0110318 0.46203 
0.0681877 0.73513 0.224829 0.791412 0.557491 0.626466 0.284487 0.52405 0.127711 0.888853 0.88 0.185598 0.139399 0.967639 0.389362 0.445027 0.647144 0.448489 0.452805 0.681242 0.686261 0.967001 0.140813 0.551525 0.554146 0.00963502 0.185022 0.340481 0.313034 0.718391 0.379032 0.115973 0.00722843 0.849051 0.0423717 0.175133 0.017627 0.994291 0.344603 0.620939 0.494806 0.809287 0.598676 0.908774 0.437773 0.562039 0.186609 0.709486 0.876119 0.335495 0.857465 0.287278 0.259465 0.655658 0.0517735 0.910639 0.634828 0.651488 0.911224 0.409708 0.357103 0.874992 0.394785 0.760325 
0.764391 0.869508 0.0994102 0.801729 0.704907 0.526081 0.3646 0.546984 0.0881025 0.42692 0.291638 0.0575854 0.754635 0.478939 0.611272 0.197123 0.81815 0.535139 0.995402 0.142692 0.145766 0.856075 0.369888 0.327129 0.211659 0.87734 0.458266 0.392034 0.980608 0.151221 0.657357 0.0574229 0.917401 0.504473 0.259596 0.708321 0.646493 0.534231 0.760058 0.223724 0.556353 0.284324 0.104041 0.677593 0.491036 0.529271 0.477084 0.378162 0.630671 0.775631 0.223368 0.294538 0.0345234 0.321215 0.230919 0.176536 0.776156 0.637241 0.380422 0.0157414 0.941747 0.142515 0.414937 0.729965 
0.8573 0.0497431 0.450086 0.989705 0.776051 0.792476 0.59726 0.247403 0.0507805 0.0915552 0.492769 0.439433 0.222051 0.7369 0.67533 0.0391025 0.011665 0.261892 0.970934 0.316762 0.827209 0.973663 0.272764 0.893709 0.526451 0.879911 0.630893 0.290965 0.960485 0.772864 0.652099 0.737655 0.630026 0.220781 0.0386172 0.991631 0.555539 0.576935 0.724443 0.673772 0.223545 0.659467 0.703544 0.196521 0.72246 0.92929 0.844054 0.0574922 0.873282 0.280562 0.559115 0.58303 0.830714 0.356787 0.385567 0.222579 0.461937 0.0440274 0.833166 0.19281 0.960154 0.906092 0.0549667 0.0138732 
0.448317 0.207571 0.16767 0.743973 0.775723 0.630018 0.256559 0.121541 0.251812 0.411046 0.278075 0.269005 0.484383 0.343877 0.0880517 0.821581 0.655802 0.468998 0.334633 0.193174 0.578018 0.210686 0.556904 0.830731 0.989855 0.876004 0.0916082 0.185109 0.91086 0.768117 0.623331 0.0310274 0.579601 0.262739 0.809596 0.525937 0.0951035 0.328363 0.553005 0.392722 0.581747 0.63646 0.983115 0.139289 0.113945 0.0450494 0.476628 0.698328 0.201292 0.79777 0.242247 0.970003 0.00782547 0.693436 0.734609 0.813289 0.1106 0.14998 0.197698 0.923465 0.895805 0.865741 0.999474 0.681964 
0.625475 0.706181 0.121388 0.962672 0.762337 0.307546 0.0218026 0.00499118 0.962154 0.047167 0.931084 0.600253 0.776123 0.379191 0.52225 0.906699 0.644021 0.0834896 0.249155 0.0479803 0.74539 0.505849 0.603304 0.0917515 0.601766 0.626944 0.631656 0.128888 0.0635266 0.0448135 0.0744247 0.928375 0.820295 0.25643 0.690831 0.932849 0.687449 0.874434 0.364335 0.852905 0.395145 0.935593 0.615328 0.924953 0.251173 0.23443 0.510028 0.958312 0.654526 0.191791 0.919745 0.406286 0.443839 0.00319978 0.00412971 0.0128701 0.398209 0.707687 0.0324054 0.595832 0.875187 0.862025 0.986101 0.815289 
0.14747 0.769067 0.353566 0.585212 0.978602 0.194468 0.147584 0.216846 0.630933 0.0597177 0.802106 0.0241102 0.85681 0.52504 0.252768 0.0854384 0.401209 0.302992 0.884716 0.253062 0.808615 0.945107 0.793388 0.219892 0.986089 0.133378 0.455092 0.502911 0.907284 0.318346 0.594347 0.194093 0.166757 0.0403349 0.250296 0.539077 0.587925 0.644693 0.652338 0.66508 0.501028 0.529586 0.44511 0.4507 0.395689 0.0440547 0.0235015 0.459485 0.831699 0.991112 0.0302609 0.903162 0.0318483 0.164371 0.754772 0.96513 0.0579791 0.000649139 0.647972 0.751678 0.230598 0.0618537 0.779416 0.940925 
0.430251 0.551431 0.366563 0.300824 0.69818 0.280231 0.324745 0.205377 0.711647 0.770827 0.825302 0.38799 0.400647 0.776629 0.748551 0.621246 0.628898 0.902892 0.464363 0.551651 0.67455 0.443957 0.7827 0.780741 0.0535864 0.745475 0.794895 0.878124 0.086896 0.783511 0.295807 0.0786919 0.372081 0.686772 0.395745 0.446149 0.555787 0.0955334 0.785893 0.924509 0.553269 0.96332 0.548217 0.464233 0.248249 0.925621 0.202153 0.201063 0.58718 0.56013 0.967557 0.572529 0.0774189 0.479579 0.281905 0.173162 0.653157 0.972376 0.100363 0.834307 0.436572 0.484161 0.970785 0.997984 
0.119005 0.0859918 0.000802971 0.709646 0.660441 0.131652 0.124291 0.976153 0.0432458 0.665498 0.825438 0.914902 0.375016 0.180296 0.645987 0.886301 0.717883 0.0404118 0.316557 0.0651643 0.797557 0.944196 0.593766 0.647905 0.341372 0.443757 0.952567 0.18426 0.95603 0.989479 0.429023 0.118946 0.939095 0.27868 0.595389 0.0902654 0.000723737 0.539841 0.650434 0.6622 0.0292174 0.300022 0.645404 0.279986 0.48624 0.994766 0.505364 0.232883 0.752253 0.875516 0.0309994 0.819788 0.163216 0.122635 0.254004 0.359067 0.173176 0.962431 0.350804 0.795426 0.814523 0.81031 0.97436 0.685276 
0.2308 0.736699 0.261343 0.143915 0.372275 0.667664 0.873618 0.942686 0.239197 0.877269 0.530467 0.933812 0.433806 0.829365 0.757038 0.770579 0.659598 0.588409 0.574915 0.312147 0.600498 0.978341 0.635865 0.309791 0.178092 0.86687 0.641154 0.81848 0.107371 0.59693 0.355756 0.234505 0.439089 0.6267 0.413722 0.0689268 0.110342 0.30145 0.970375 0.1761 0.517276 0.328893 0.178835 0.822055 0.834432 0.463747 0.0806427 0.90738 0.591165 0.385964 0.910317 0.0920507 0.332244 0.645082 0.183599 0.373703 0.0107819 0.678724 0.0843385 0.591706 0.812367 0.765006 0.0118326 0.270616 
0.666399 0.704996 0.705182 0.723598 0.119441 0.610499 0.197405 0.036996 0.963034 0.0437164 0.560633 0.88758 0.47823 0.683947 0.170009 0.468175 0.198305 0.309658 0.332093 0.0819565 0.504641 0.8035 0.68981 0.522382 0.983787 0.50389 0.68324 0.0189558 0.302667 0.173245 0.0668726 0.967615 0.637569 0.951984 0.185606 0.450206 0.746486 0.549566 0.419731 0.907227 0.547768 0.918077 0.908968 0.800846 0.0928287 0.14318 0.690957 0.493705 0.950808 0.0375667 0.495322 0.675339 0.394452 0.725541 0.685965 0.980327 0.981068 0.628841 0.105881 0.790258 0.0711334 0.572729 0.00239289 0.959651 
0.661762 0.027595 0.426762 0.711172 0.876393 0.113912 0.199602 0.646395 0.797133 0.330563 0.919621 0.0952228 0.876138 0.352776 0.12464 0.613855 0.231883 0.634293 0.387424 0.168962 0.337469 0.852633 0.530638 0.712513 0.00143777 0.0313192 0.187246 0.550182 0.0538584 0.344392 0.789525 0.492614 0.971534 0.828417 0.282996 0.506567 0.308805 0.10841 0.784217 0.242817 0.484341 0.619282 0.867441 0.376578 0.465486 0.911717 0.262421 0.596568 0.849632 0.817373 0.870054 0.941193 0.320343 0.69359 0.577643 0.237511 0.52402 0.994223 0.692673 0.123846 0.228309 0.898829 0.202675 0.923519 
0.449122 0.300973 0.630779 0.926277 0.156829 0.270953 0.0687299 0.387065 0.67827 0.950503 0.485218 0.511428 0.233246 0.391295 0.679658 0.382221 0.798067 0.51023 0.167066 0.0845092 0.342402 0.651904 0.0444062 0.797858 0.906267 0.0720166 0.671738 0.649876 0.65102 0.890631 0.887208 0.459954 0.690114 0.335066 0.174395 0.915381 0.222019 0.493296 0.490975 0.793 0.919779 0.745051 0.560696 0.0105411 0.838098 0.543169 0.146615 0.911258 0.467717 0.86198 0.417112 0.0646745 0.923718 0.944893 0.822479 0.295192 0.103316 0.237903 0.920199 0.266043 0.955635 0.929274 0.698843 0.723134 
0.0725073 0.68277 0.623598 0.120882 0.978521 0.324643 0.768883 0.912042 0.443037 0.63775 0.26809 0.770811 0.349625 0.347093 0.331725 0.28992 0.908647 0.972069 0.688655 0.536643 0.0841638 0.971997 0.336532 0.637155 0.0876779 0.162938 0.706622 0.727088 0.161569 0.204587 0.108137 0.54683 0.0672641 0.956639 0.377 0.474957 0.333956 0.751341 0.183177 0.757258 0.278165 0.581078 0.335324 0.741388 0.124532 0.197149 0.697054 0.19551 0.834338 0.451392 0.114182 0.0486374 0.278459 0.470988 0.0932503 0.580411 0.742759 0.886621 0.0420131 0.518913 0.635108 0.636637 0.430416 0.373665 
0.285375 0.385629 0.309014 0.0628235 0.427032 0.899396 0.979903 0.40822 0.863911 0.831173 0.962456 0.756813 0.994862 0.828306 0.658219 0.619434 0.577803 0.0767303 0.108056 0.752989 0.878963 0.0776294 0.143276 0.0596023 0.149383 0.379193 0.114271 0.174886 0.477663 0.57019 0.0970548 0.0571208 0.53782 0.463424 0.263947 0.200561 0.384478 0.966311 0.16455 0.892 0.144609 0.605366 0.0249339 0.0716953 0.0207711 0.408945 0.329232 0.268836 0.184828 0.25765 0.825354 0.209142 0.527356 0.758833 0.35998 0.581031 0.672004 0.551035 0.622469 0.418627 0.599878 0.408891 0.0707034 0.753992 
0.45637 0.990748 0.990025 0.234061 0.893454 0.757496 0.219046 0.330472 0.944052 0.875011 0.310518 0.994063 0.0459342 0.427665 0.11395 0.368542 0.014571 0.916549 0.419175 0.0761753 0.837234 0.612619 0.12644 0.0263554 0.263001 0.769133 0.245503 0.776914 0.0986195 0.406146 0.00123963 0.392938 0.388864 0.666747 0.511302 0.877576 0.912709 0.754668 0.587275 0.0758499 0.960098 0.142914 0.096415 0.0806347 0.309626 0.889037 0.147205 0.0922443 0.280786 0.194854 0.0048467 0.779356 0.491606 0.618532 0.373694 0.319753 0.115172 0.78931 0.0967602 0.0343177 0.0288527 0.229403 0.0353451 0.178305 
0.541951 0.255735 0.303821 0.681969 0.0818414 0.0621755 0.566304 0.968972 0.0753735 0.998659 0.624596 0.939281 0.122945 0.799019 0.00848152 0.477757 0.632805 0.0894626 0.753731 0.725336 0.574227 0.18191 0.975629 0.937367 0.135786 0.0726609 0.833818 0.755809 0.988336 0.36619 0.407518 0.470545 0.472003 0.0974827 0.847845 0.088109 0.575407 0.00615889 0.208877 0.422112 0.0682478 0.359829 0.237775 0.383772 0.463869 0.419852 0.532126 0.310992 0.998322 0.934964 0.838611 0.519488 0.373377 0.363656 0.576397 0.626362 0.995594 0.708014 0.0466957 0.4154 0.0270808 0.831363 0.516927 0.126938 
0.495554 0.502189 0.237645 0.62648 0.330539 0.463601 0.40255 0.755793 0.738592 0.422923 0.805597 0.175869 0.68355 0.851567 0.78637 0.791085 0.145063 0.10184 0.740829 0.722373 0.712458 0.933394 0.591209 0.0364619 0.0301614 0.0287386 0.55696 0.939575 0.227944 0.868464 0.470084 0.736346 0.624566 0.356216 0.0686524 0.417137 0.341491 0.578835 0.305507 0.20063 0.355931 0.611595 0.748153 0.69993 0.173479 0.713285 0.118471 0.42601 0.18871 0.0247005 0.982029 0.984986 0.533754 0.792107 0.935773 0.249005 0.285142 0.557521 0.939974 0.808004 0.671372 0.220502 0.0472248 0.677095 
0.882229 0.578743 0.972124 0.69804 0.485574 0.642978 0.501993 0.672143 0.752765 0.320093 0.7541 0.394906 0.023707 0.873752 0.0663623 0.799234 0.819489 0.246088 0.407781 0.818934 0.993283 0.242827 0.570672 0.00445695 0.645053 0.40719 0.894519 0.32836 0.967051 0.121052 0.827872 0.498959 0.21055 0.142897 0.686361 0.000553153 0.0135182 0.932892 0.35597 0.869887 0.847884 0.859819 0.405213 0.695062 0.775634 0.889572 0.0628743 0.585072 0.809614 0.28673 0.672549 0.726284 0.146199 0.692264 0.81975 0.769287 0.89302 0.53531 0.355795 0.310927 0.234281 0.740165 0.279309 0.122763 
0.735897 0.846274 0.577092 0.106931 0.841946 0.243711 0.302009 0.80615 0.108469 0.362071 0.947799 0.455153 0.153624 0.863502 0.629776 0.750622 0.134507 0.576042 0.124069 0.877951 0.232815 0.799094 0.0144552 0.884851 0.596957 0.407641 0.64493 0.761837 0.954936 0.581428 0.037477 0.633864 0.359612 0.792822 0.567218 0.0899173 0.247862 0.0546628 0.66533 0.183276 0.367573 0.36198 0.929876 0.0754309 0.00569747 0.89485 0.608551 0.671618 0.239698 0.570799 0.634949 0.41857 0.785413 0.477969 0.903595 0.435122 0.554965 0.879809 0.0140516 0.969766 0.985768 0.304493 0.799094 0.186362 
0.0024823 0.0285196 0.831656 0.860826 0.842016 0.357202 0.203318 0.108922 0.380688 0.839076 0.528784 0.284689 0.635229 0.770218 0.011957 0.552407 0.342769 0.0877899 0.53239 0.145867 0.905317 0.0144745 0.386941 0.903831 0.817695 0.557816 0.518366 0.767213 0.17199 0.228166 0.361426 0.232538 0.636602 0.897202 0.442483 0.0697603 0.767066 0.0464486 0.922027 0.552544 0.327495 0.579247 0.0755285 0.881903 0.185283 0.699898 0.00354899 0.534314 0.18035 0.956205 0.492442 0.133069 0.204765 0.217878 0.178989 0.016773 0.0603711 0.823902 0.0684926 0.817931 0.275384 0.0231755 0.757345 0.840618 
0.531855 0.865865 0.860324 0.724759 0.0205872 0.399876 0.396221 0.253124 0.960509 0.579092 0.172018 0.721928 0.450909 0.778228 0.164757 0.225878 0.12593 0.958736 0.828984 0.988736 0.929704 0.404608 0.642637 0.197942 0.678953 0.633632 0.907913 0.622211 0.948208 0.78466 0.214082 0.874756 0.756865 0.737269 0.327485 0.488318 0.637976 0.799185 0.743418 0.391946 0.73577 0.870354 0.726026 0.00360883 0.0876435 0.597406 0.245928 0.257999 0.651143 0.157555 0.00572509 0.956919 0.976523 0.467107 0.979233 0.492027 0.785523 0.186507 0.525071 0.77614 0.146277 0.291898 0.977745 0.226597 
0.599939 0.420939 0.540477 0.212921 0.861313 0.0365435 0.453245 0.768159 0.0510578 0.798633 0.051434 0.770648 0.2181 0.647579 0.381608 0.440717 0.382159 0.398144 0.869356 0.909051 0.39263 0.850411 0.818731 0.155582 0.140719 0.156168 0.37506 0.773743 0.230125 0.0144585 0.789742 0.0658268 0.881577 0.840806 0.779117 0.302043 0.885444 0.538306 0.146564 0.0414206 0.28248 0.212807 0.100043 0.0309382 0.0154502 0.677893 0.495257 0.229535 0.186961 0.204991 0.530419 0.50336 0.601316 0.0327826 0.50417 0.852102 0.766079 0.139133 0.550685 0.246418 0.372844 0.454402 0.380035 0.444867 
0.928159 0.40824 0.490594 0.257243 0.155662 0.531907 0.766995 0.880984 0.55731 0.796921 0.91285 0.586805 0.682418 0.498598 0.273185 0.0251875 0.548236 0.447404 0.804063 0.396188 0.0204714 0.904227 0.660658 0.942909 0.682883 0.653117 0.57284 0.97739 0.272214 0.154486 0.755401 0.0754082 0.721426 0.508323 0.581212 0.462405 0.380305 0.715003 0.688717 0.364909 0.623605 0.813206 0.674468 0.236161 0.419936 0.939103 0.661658 0.524372 0.9284 0.237238 0.533915 0.557917 0.495919 0.955231 0.0419669 0.562344 0.791176 0.354094 0.667318 0.0669144 0.11477 0.946854 0.0904117 0.694741 
0.863023 0.982089 0.440223 0.354962 0.625496 0.582935 0.629203 0.0525808 0.953771 0.137088 0.569181 0.999467 0.463606 0.771889 0.405404 0.062101 0.00625453 0.990684 0.317941 0.924646 0.720216 0.30032 0.0516177 0.192668 0.961597 0.924769 0.3578 0.515184 0.396808 0.364735 0.0989082 0.641614 0.131093 0.178985 0.0929524 0.710228 0.00872455 0.565632 0.881184 0.297062 0.321216 0.233718 0.615251 0.813692 0.592363 0.0620526 0.0269031 0.93429 0.431956 0.226048 0.938798 0.35973 0.260408 0.514325 0.698875 0.673775 0.695972 0.667317 0.154545 0.736878 0.887816 0.782285 0.139446 0.956417 
0.778272 0.958385 0.35736 0.881386 0.49977 0.296319 0.304355 0.265506 0.576363 0.44611 0.247214 0.429498 0.783456 0.310965 0.594728 0.0406257 0.262284 0.847057 0.60608 0.815179 0.428159 0.0896462 0.122722 0.951067 0.600858 0.952098 0.0330528 0.577213 0.268499 0.22525 0.388072 0.111517 0.566862 0.423876 0.352725 0.352246 0.663103 0.155393 0.209115 0.373528 0.182125 0.997992 0.0303901 0.329211 0.605129 0.647445 0.433302 0.119258 0.254061 0.987437 0.682611 0.744822 0.302551 0.842202 0.548876 0.935008 0.465136 0.626751 0.278484 0.00558725 0.429213 0.226019 0.276419 0.0207478 
0.738345 0.390893 0.462032 0.467423 0.117921 0.587529 0.505757 0.302744 0.298049 0.854844 0.910451 0.142845 0.474247 0.60743 0.045913 0.0280305 0.993322 0.0779176 0.208379 0.970001 0.763101 0.277325 0.82681 0.107922 0.9462 0.36853 0.506396 0.60972 0.486716 0.493085 0.808017 0.233092 0.571913 0.793771 0.0928015 0.70235 0.960791 0.812428 0.118141 0.789467 0.994969 0.677885 0.463729 0.552965 0.887559 0.175746 0.246467 0.652627 0.566722 0.0313818 0.925237 0.834067 0.476097 0.669651 0.752954 0.341897 0.567041 0.33393 0.664781 0.0656985 0.312235 0.266151 0.697858 0.325011 
0.0466765 0.342224 0.433792 0.131972 0.591092 0.861794 0.25903 0.0982366 0.734157 0.743126 0.917747 0.316111 0.928656 0.769279 0.10848 0.810711 0.544426 0.907444 0.689593 0.985436 0.130071 0.344399 0.540099 0.239061 0.488124 0.0286359 0.344423 0.889707 0.700926 0.103922 0.20018 0.0535903 0.317476 0.890134 0.423678 0.315821 0.969246 0.916957 0.0499379 0.84706 0.326473 0.172292 0.800747 0.257759 0.136436 0.760551 0.998769 0.379202 0.390419 0.804709 0.589993 0.514727 0.981552 0.31005 0.892077 0.85566 0.953463 0.654012 0.779963 0.709538 0.922205 0.823318 0.706279 0.12841 
0.637621 0.722183 0.415871 0.188263 0.889965 0.193898 0.875791 0.250681 0.393926 0.901451 0.27878 0.0498019 0.940058 0.552819 0.169992 0.310758 0.485742 0.453089 0.0561899 0.334585 0.625303 0.3093 0.557124 0.58418 0.156574 0.88465 0.526297 0.786973 0.550334 0.891532 0.0273283 0.164848 0.732102 0.993059 0.917254 0.813107 0.198334 0.869421 0.136289 0.213377 0.732883 0.166239 0.373769 0.712687 0.781683 0.677748 0.757502 0.604014 0.522142 0.97617 0.0887008 0.448779 0.211783 0.911359 0.537916 0.548815 0.19612 0.540297 0.706741 0.145452 0.986023 0.268063 0.959021 0.376218 
0.313835 0.118286 0.320447 0.325368 0.915059 0.06111 0.591432 0.591764 0.106454 0.0124835 0.586923 0.214226 0.513678 0.384914 0.962828 0.469782 0.454426 0.180227 0.822593 0.370832 0.522364 0.915758 0.524455 0.630879 0.196142 0.267682 0.869533 0.853067 0.970149 0.38486 0.492312 0.49589 0.748345 0.363787 0.449074 0.599123 0.328622 0.558701 0.737979 0.822483 0.929208 0.094849 0.890765 0.866635 0.023963 0.802239 0.831635 0.881234 0.938409 0.0578293 0.646572 0.899339 0.789646 0.743966 0.0933885 0.0158211 0.766015 0.199813 0.842734 0.603351 0.429509 0.24303 0.176222 0.720504 
0.0545054 0.965844 0.557127 0.193268 0.19016 0.744211 0.625392 0.764427 0.622536 0.164944 0.189518 0.276318 0.861607 0.526756 0.916943 0.75491 0.66425 0.339631 0.566206 0.952949 0.7262 0.632762 0.421706 0.291128 0.345739 0.627002 0.31329 0.459389 0.183883 0.514499 0.0891377 0.41544 0.186662 0.53918 0.00948753 0.234569 0.988738 0.861195 0.970075 0.741418 0.979402 0.291412 0.257083 0.844606 0.712504 0.399124 0.833596 0.653404 0.325326 0.204923 0.925194 0.0422943 0.379968 0.80484 0.218053 0.644884 0.355509 0.985779 0.525816 0.982943 0.742678 0.280959 0.812246 0.869806 
0.284699 0.100169 0.249038 0.172014 0.424296 0.122675 0.0127293 0.927661 0.326572 0.255391 0.104337 0.028362 0.645163 0.0911901 0.203529 0.557909 0.185465 0.156874 0.0506237 0.096123 0.668158 0.510738 0.69668 0.449403 0.5847 0.452289 0.0363093 0.45443 0.307042 0.965667 0.00929568 0.801939 0.437754 0.313642 0.315988 0.767731 0.744395 0.94285 0.0845861 0.639129 0.0456161 0.765135 0.686851 0.956058 0.311943 0.899109 0.14784 0.987247 0.843424 0.873223 0.38685 0.820845 0.401289 0.745005 0.985718 0.446211 0.567183 0.259344 0.817976 0.634556 0.250544 0.439118 0.895961 0.434565 
0.16925 0.0121572 0.640945 0.151984 0.311845 0.50497 0.080959 0.275707 0.723357 0.674958 0.295998 0.0854432 0.580539 0.672018 0.281056 0.169457 0.512 0.678062 0.840088 0.879761 0.611399 0.949798 0.552074 0.289282 0.883843 0.808382 0.313146 0.0323769 0.294599 0.235845 0.486704 0.663971 0.822784 0.894759 0.105947 0.30822 0.78777 0.772628 0.125608 0.258637 0.408973 0.0167636 0.786419 0.297092 0.95334 0.854529 0.264854 0.0500317 0.629739 0.901963 0.34016 0.379559 0.0730563 0.131778 0.933989 0.299334 0.0662608 0.502248 0.950832 0.24737 0.447212 0.847552 0.843067 0.816115 
0.830472 0.326072 0.701506 0.085626 0.939606 0.96604 0.0299057 0.435746 0.428124 0.175963 0.733099 0.836245 0.934863 0.458578 0.035927 0.687216 0.0471984 0.310542 0.423239 0.918724 0.994942 0.187117 0.594943 0.959271 0.998936 0.415084 0.424036 0.0226752 0.371212 0.337048 0.441556 0.139486 0.740779 0.212104 0.117522 0.0348238 0.82314 0.0463154 0.159807 0.00308581 0.291215 0.640762 0.130303 0.422849 0.775771 0.762213 0.4979 0.183043 0.784531 0.661195 0.81322 0.16634 0.243276 0.572871 0.135104 0.665952 0.0365262 0.369092 0.310937 0.762929 0.996454 0.0964883 0.703031 0.329782 
0.596027 0.892978 0.18933 0.576193 0.273842 0.624955 0.10816 0.0513998 0.29361 0.31099 0.913686 0.0164941 0.895543 0.755807 0.275674 0.456964 0.531113 0.00461666 0.234449 0.929955 0.730987 0.00371906 0.294281 0.252931 0.933066 0.269311 0.355987 0.682628 0.575246 0.732059 0.437586 0.721159 0.306251 0.74489 0.358906 0.288805 0.67503 0.454306 0.296287 0.199142 0.606779 0.1598 0.722273 0.839889 0.709641 0.6866 0.994777 0.174075 0.851043 0.429902 0.751746 0.586695 0.408326 0.242152 0.679125 0.175925 0.877132 0.636815 0.10797 0.360133 0.31409 0.289266 0.500274 0.522159 
0.0868182 0.959474 0.736817 0.89272 0.431465 0.504925 0.348151 0.442389 0.148143 0.732736 0.0833477 0.924058 0.523445 0.751829 0.323242 0.73963 0.357937 0.506236 0.88526 0.418032 0.674133 0.283855 0.962518 0.129956 0.947513 0.238707 0.270959 0.344459 0.839297 0.0356835 0.454485 0.434988 0.345878 0.991185 0.672097 0.494095 0.83779 0.50712 0.0238507 0.528693 0.245788 0.168607 0.831034 0.236647 0.638761 0.198713 0.745298 0.329767 0.571849 0.880967 0.586654 0.258134 0.343309 0.784303 0.968874 0.901348 0.373037 0.369631 0.917381 0.757677 0.305098 0.437732 0.913611 0.591025 
0.896242 0.0691184 0.384702 0.0776547 0.227035 0.869081 0.211384 0.940495 0.0304152 0.270577 0.147257 0.851697 0.96616 0.411971 0.399968 0.0773321 0.562219 0.136801 0.197761 0.369601 0.744893 0.483495 0.485351 0.225374 0.509836 0.970372 0.82713 0.281672 0.634406 0.534743 0.736025 0.706457 0.951291 0.216493 0.646152 0.842832 0.765629 0.0257101 0.761243 0.0226907 0.556537 0.898901 0.213817 0.0613424 0.0931391 0.637319 0.737023 0.408462 0.952312 0.763634 0.959147 0.887931 0.132528 0.0409318 0.510936 0.67937 0.845188 0.663821 0.225805 0.0882212 0.822263 0.421121 0.93496 0.577629 
0.107106 0.111054 0.328771 0.208508 0.169323 0.429554 0.626644 0.7667 0.215391 0.92643 0.575629 0.309836 0.29003 0.713994 0.164056 0.330502 0.209252 0.572675 0.266252 0.67549 0.293228 0.40444 0.154408 0.525148 0.120747 0.0179378 0.130026 0.119688 0.314579 0.414609 0.120655 0.171543 0.378146 0.407757 0.241654 0.218036 0.101563 0.420737 0.960084 0.975931 0.0597794 0.645158 0.75928 0.420891 0.597015 0.766666 0.662938 0.641018 0.872875 0.237564 0.841317 0.140691 0.583277 0.639382 0.809539 0.46097 0.789043 0.679565 0.0871377 0.787632 0.555355 0.493004 0.565816 0.422548 
0.152965 0.876198 0.330649 0.0885929 0.273485 0.411831 0.106524 0.196873 0.260162 0.419369 0.487482 0.343433 0.608656 0.154247 0.333886 0.411662 0.993082 0.452256 0.227953 0.349721 0.893427 0.419798 0.496448 0.112271 0.846232 0.787101 0.187402 0.945334 0.866354 0.900173 0.407045 0.0304483 0.0749369 0.807788 0.402226 0.727791 0.700023 0.127775 0.812505 0.0552211 0.961935 0.323366 0.881127 0.303743 0.457762 0.705157 0.144281 0.0801292 0.944785 0.0274505 0.828694 0.755586 0.660733 0.397118 0.904713 0.67854 0.488403 0.146619 0.228706 0.869796 0.85073 0.673116 0.532585 0.24749 
0.0960432 0.196194 0.769729 0.798865 0.410369 0.515548 0.868696 0.155301 0.966131 0.360107 0.93227 0.567904 0.0752607 0.244081 0.989951 0.180302 0.39013 0.369627 0.631457 0.0245959 0.8125 0.625758 0.194146 0.529717 0.443819 0.669195 0.643395 0.404962 0.747212 0.00841571 0.797817 0.996787 0.307501 0.211512 0.136715 0.254292 0.704151 0.618217 0.835078 0.0133632 0.670597 0.381132 0.32096 0.0347644 0.299997 0.830587 0.237771 0.763516 0.244175 0.239138 0.862001 0.487632 0.382612 0.465208 0.247043 0.919806 0.572416 0.790661 0.643754 0.730788 0.872302 0.15529 0.837512 0.442627 
0.308782 0.174365 0.43201 0.886079 0.258117 0.348647 0.724089 0.626637 0.423243 0.754417 0.173542 0.525262 0.183733 0.733591 0.717531 0.254623 0.264787 0.676345 0.630355 0.149829 0.583257 0.415233 0.466265 0.0829707 0.271601 0.987738 0.411302 0.444305 0.829413 0.218051 0.514664 0.278222 0.394161 0.859049 0.267461 0.794413 0.927425 0.0897115 0.208279 0.947495 0.799496 0.573912 0.970717 0.500455 0.567177 0.277283 0.665909 0.901367 0.460569 0.610562 0.446858 0.168384 0.963833 0.334024 0.879115 0.409475 0.401401 0.484374 0.373189 0.23919 0.1602 0.273342 0.143859 0.770818 
0.210682 0.523696 0.731073 0.679738 0.465641 0.125388 0.470695 0.311275 0.24177 0.891235 0.609599 0.0562842 0.170964 0.857708 0.467484 0.990939 0.00793752 0.108831 0.656396 0.905214 0.605499 0.444976 0.965646 0.114453 0.219548 0.0993097 0.487905 0.768606 0.0808577 0.569598 0.4533 0.115792 0.226009 0.147576 0.667176 0.0915621 0.360899 0.987929 0.660188 0.0742498 0.106496 0.388665 0.413167 0.275704 0.472728 0.799568 0.631225 0.396432 0.608009 0.403487 0.669377 0.458014 0.833527 0.84649 0.613293 0.0797611 0.285876 0.815139 0.454746 0.365895 0.606493 0.341001 0.300838 0.510576 
0.233304 0.074791 0.334384 0.45264 0.653006 0.35129 0.418451 0.509466 0.435761 0.164443 0.0553138 0.18537 0.370282 0.88142 0.475083 0.121878 0.9982 0.31754 0.571882 0.6226 0.323896 0.101805 0.769548 0.750104 0.325337 0.249592 0.498489 0.9081 0.262834 0.7123 0.542112 0.572953 0.677761 0.150913 0.383692 0.21503 0.655998 0.00972672 0.62868 0.652784 0.974208 0.573472 0.254184 0.440584 0.325126 0.527311 0.97057 0.0147856 0.637775 0.353976 0.0638867 0.463379 0.407824 0.096064 0.399734 0.768478 0.0985092 0.596629 0.62541 0.966919 0.562102 0.0672309 0.424459 0.304347 
0.479761 0.267429 0.973456 0.913178 0.544529 0.892993 0.904809 0.181744 0.281596 0.21517 0.974456 0.479056 0.7615 0.366772 0.0490993 0.617566 0.427739 0.873802 0.105166 0.140504 0.267741 0.252932 0.689492 0.328945 0.51872 0.0996179 0.563401 0.823745 0.627243 0.372214 0.916195 0.810588 0.980171 0.262822 0.447804 0.90206 0.935741 0.724282 0.566142 0.755741 0.04221 0.725066 0.760004 0.967043 0.0924471 0.154409 0.918185 0.547975 0.743148 0.0383576 0.610311 0.9601 0.230664 0.555302 0.443776 0.343746 0.546071 0.0325615 0.90086 0.0871602 0.0112452 0.42406 0.268209 0.383764 
0.434811 0.0892392 0.575395 0.0199894 0.826928 0.840678 0.482375 0.804637 0.580068 0.355529 0.951915 0.669607 0.0217556 0.198893 0.257034 0.667103 0.019655 0.606357 0.09989 0.918657 0.771719 0.0649956 0.111001 0.456023 0.513582 0.17009 0.273631 0.585714 0.656049 0.180511 0.274339 0.863313 0.785638 0.0706241 0.014139 0.688401 0.579595 0.399593 0.85787 0.591354 0.579758 0.573252 0.972194 0.763097 0.611216 0.648923 0.256171 0.565904 0.152139 0.380838 0.255983 0.4815 0.385287 0.552835 0.569557 0.953229 0.95005 0.338728 0.812515 0.0979047 0.925939 0.481626 0.765004 0.767843 
0.393355 0.32997 0.696036 0.841681 0.999352 0.983275 0.987775 0.233171 0.837998 0.515887 0.784586 0.944736 0.592061 0.584614 0.419309 0.75681 0.0155758 0.918881 0.391328 0.803905 0.7755 0.341551 0.506417 0.0887989 0.52476 0.328099 0.214628 0.242955 0.459811 0.174332 0.256705 0.0898037 0.256669 0.688953 0.307203 2.42298e-05 0.361118 0.599428 0.794005 0.658199 0.182174 0.56057 0.916375 0.636193 0.039733 0.0890737 0.604284 0.653487 0.255408 0.595337 0.119132 0.217923 0.597929 0.324656 0.618464 0.186379 0.523728 0.759758 0.0255371 0.174398 0.350837 0.237945 0.965341 0.755613 
0.298602 0.925755 0.30122 0.577847 0.703091 0.824263 0.33189 0.216465 0.558873 0.360043 0.901209 0.428501 0.0492367 0.102347 0.216588 0.960978 0.794678 0.229574 0.141737 0.0874684 0.737701 0.646327 0.707754 0.30733 0.887097 0.717315 0.174935 0.489522 0.4987 0.639185 0.644984 0.170668 0.894887 0.5118 0.559869 0.713221 0.80821 0.844575 0.893709 0.830559 0.68917 0.249565 0.117348 0.011429 0.105808 0.319796 0.297494 0.116857 0.342134 0.382005 0.877334 0.0571011 0.709314 0.509949 0.600647 0.00779356 0.277175 0.264831 0.158774 0.98092 0.316 0.742953 0.811966 0.45726 
0.152588 0.0134911 0.307486 0.222214 0.884094 0.763435 0.556515 0.702541 0.360581 0.232175 0.64196 0.825518 0.54104 0.853929 0.501029 0.0436984 0.872579 0.0555693 0.273044 0.587645 0.3191 0.65606 0.238016 0.061541 0.120019 0.789683 0.705094 0.509659 0.613756 0.97257 0.527396 0.693065 0.828773 0.842981 0.795398 0.447516 0.675556 0.764754 0.637232 0.95399 0.482748 0.362303 0.606804 0.95875 0.0766877 0.491856 0.16745 0.298706 0.635612 0.998894 0.151816 0.114617 0.281814 0.888681 0.664464 0.324421 0.983434 0.215972 0.727604 0.0252168 0.498421 0.767707 0.730948 0.732745 
0.499175 0.707744 0.537798 0.630306 0.864127 0.445485 0.383141 0.0753183 0.379893 0.782851 0.0888525 0.413367 0.397746 0.166867 0.125975 0.0302976 0.337169 0.667901 0.6383 0.736116 0.150085 0.00553235 0.547059 0.543199 0.583425 0.536861 0.927175 0.365021 0.630078 0.433254 0.202699 0.470072 0.307368 0.143976 0.430362 0.769682 0.254435 0.761623 0.614088 0.405262 0.00428705 0.918062 0.89567 0.643709 0.28492 0.827217 0.429957 0.00628163 0.696137 0.138201 0.818688 0.640358 0.581679 0.63778 0.0650589 0.82453 0.907111 0.159866 0.0400659 0.93571 0.447462 0.453702 0.638583 0.418344 
0.570219 0.934545 0.240957 0.109055 0.812002 0.624439 0.528908 0.574589 0.18833 0.841417 0.873099 0.955675 0.841235 0.705737 0.64021 0.73538 0.844835 0.970413 0.33313 0.358024 0.0917079 0.71907 0.112282 0.398412 0.0783593 0.199788 0.688509 0.0348605 0.430685 0.345322 0.0991806 0.454558 0.940102 0.541951 0.564825 0.229734 0.66115 0.77675 0.911371 0.671564 0.0564374 0.319884 0.492205 0.689046 0.0113701 0.54212 0.0479403 0.317525 0.920648 0.592433 0.00919471 0.617607 0.158769 0.132606 0.272885 0.505338 0.269457 0.494295 0.855666 0.61023 0.404162 0.176152 0.772988 0.521819 
0.185775 0.860223 0.429312 0.379249 0.19526 0.621725 0.246823 0.682277 0.434306 0.923917 0.30591 0.0585671 0.929009 0.353029 0.615185 0.549387 0.581946 0.556266 0.587312 0.454746 0.24835 0.0733626 0.987355 0.421071 0.702364 0.0617822 0.669957 0.488916 0.277461 0.185014 0.893373 0.391546 0.820839 0.292061 0.949 0.483726 0.0611308 0.672583 0.435376 0.632433 0.121925 0.380433 0.493503 0.859734 0.262031 0.501167 0.719443 0.577828 0.650554 0.876725 0.480881 0.233382 0.867378 0.489429 0.127071 0.058376 0.568584 0.0547802 0.702922 0.666224 0.174345 0.0639249 0.887246 0.65865 
0.9629 0.572717 0.929336 0.0507034 0.891578 0.6391 0.0568287 0.138482 0.195455 0.303864 0.780685 0.0438984 0.358778 0.148904 0.789757 0.0993068 0.0965341 0.228697 0.603503 0.233523 0.477156 0.97453 0.100442 0.206038 0.455826 0.24436 0.779007 0.549719 0.633429 0.96295 0.0222126 0.873789 0.0227583 0.0897836 0.552783 0.792608 0.238536 0.418587 0.875799 0.400445 0.460959 0.831706 0.222116 0.0856114 0.897439 0.477149 0.327854 0.366456 0.845646 0.812786 0.424859 0.504969 0.3535 0.30625 0.0446885 0.109541 0.596223 0.822709 0.125079 0.896407 0.974432 0.941788 0.743417 0.100117 
0.52818 0.462409 0.832614 0.0683403 0.866398 0.994226 0.284083 0.841511 0.409577 0.148267 0.456578 0.530178 0.553682 0.182889 0.76272 0.1588 0.816871 0.803718 0.0326481 0.700379 0.930043 0.295344 0.37779 0.804879 0.420169 0.0603446 0.336426 0.273573 0.324105 0.702346 0.401129 0.64202 0.981796 0.0883704 0.859057 0.760876 0.944953 0.332198 0.578576 0.219083 0.495483 0.851802 0.0846614 0.283727 0.784062 0.723392 0.310833 0.434988 0.387441 0.615804 0.755108 0.167175 0.729419 0.25278 0.161935 0.123593 0.939834 0.405602 0.733814 0.563981 0.332702 0.315059 0.515904 0.212556 
0.331883 0.916691 0.933958 0.526439 0.557561 0.480286 0.598675 0.376898 0.816791 0.402777 0.818182 0.151169 0.438159 0.0640828 0.941134 0.222788 0.0195025 0.298627 0.143942 0.0380251 0.800813 0.693616 0.124917 0.0479174 0.515678 0.384052 0.730316 0.954541 0.996054 0.926044 0.166873 0.336026 0.0811799 0.538888 0.244425 0.63005 0.876706 0.730341 0.51266 0.912345 0.164216 0.0141969 0.189256 0.401796 0.0676224 0.260375 0.129803 0.779585 0.415678 0.463878 0.363998 0.298511 0.110866 0.962443 0.255536 0.639796 0.197437 0.748386 0.284601 0.163026 0.840747 0.659325 0.667453 0.437343 
0.647525 0.238886 0.0540566 0.458224 0.152718 0.848146 0.722884 0.605022 0.260387 0.876145 0.187619 0.678237 0.835832 0.166 0.780374 0.217542 0.107315 0.787649 0.609041 0.318364 0.686409 0.0374618 0.887904 0.360059 0.324018 0.640886 0.173224 0.198803 0.622883 0.215792 0.212797 0.20223 0.36216 0.208117 0.0931855 0.720319 0.834357 0.0667563 0.687107 0.270101 0.176908 0.299494 0.207402 0.589641 0.795396 0.383638 0.119419 0.905717 0.647241 0.618413 0.47465 0.602733 0.124781 0.457026 0.273155 0.383601 0.803708 0.857327 0.612237 0.128686 0.949471 0.79895 0.509386 0.0884294 
0.796121 0.362902 0.626686 0.0982776 0.833944 0.193305 0.341774 0.654384 0.393808 0.1244 0.00974064 0.147383 0.487535 0.702792 0.950922 0.0256568 0.158606 0.144245 0.619542 0.346644 0.168514 0.00665994 0.0997063 0.256303 0.0440715 0.773765 0.255414 0.520304 0.550388 0.98668 0.498889 0.103969 0.185736 0.863594 0.550586 0.335225 0.714577 0.378954 0.0458746 0.0620286 0.356597 0.34295 0.503891 0.79185 0.596658 0.396945 0.777248 0.953294 0.952139 0.206768 0.161775 0.89307 0.513596 0.112068 0.561657 0.492659 0.374765 0.119933 0.748785 0.192582 0.271556 0.419491 0.697224 0.3822 
0.0401049 0.175756 0.36252 0.999093 0.865504 0.779314 0.0151692 0.664112 0.390091 0.148598 0.660342 0.860532 0.370001 0.552273 0.809838 0.644781 0.0520336 0.297725 0.499063 0.330172 0.991448 0.956474 0.747563 0.621112 0.0314971 0.488057 0.13413 0.76942 0.74533 0.0753934 0.665845 0.00844083 0.265052 0.947944 0.778921 0.909933 0.845776 0.562991 0.0734847 0.231393 0.509889 0.253558 0.877158 0.388535 0.154487 0.994302 0.669243 0.566682 0.865075 0.465997 0.553131 0.983723 0.354828 0.679203 0.796407 0.676325 0.156629 0.744791 0.625442 0.474539 0.00817731 0.523586 0.241421 0.104286 
0.775892 0.489218 0.760465 0.513678 0.447613 0.652666 0.664016 0.83311 0.433534 0.688067 0.194161 0.675956 0.766595 0.127228 0.943506 0.314178 0.589569 0.925384 0.245583 0.357282 0.14422 0.908679 0.0619216 0.565572 0.292388 0.361737 0.279231 0.928696 0.673842 0.0441321 0.140143 0.342435 0.0570864 0.631175 0.700232 0.709599 0.744461 0.385161 0.936905 0.0303841 0.894755 0.516764 0.0508482 0.715766 0.511765 0.692356 0.298806 0.746046 0.762111 0.387259 0.0580517 0.615672 0.279445 0.4125 0.486196 0.831432 0.64818 0.0737458 0.587115 0.936482 0.901922 0.536326 0.186968 0.550082 
0.382453 0.224437 0.260171 0.702493 0.222451 0.910853 0.418639 0.756262 0.701151 0.421701 0.752072 0.273596 0.250202 0.165417 0.876527 0.737578 0.21599 0.571119 0.921982 0.588348 0.842352 0.994797 0.797316 0.129496 0.621347 0.530177 0.722977 0.737555 0.94687 0.299371 0.848164 0.547727 0.699768 0.290911 0.211272 0.679739 0.778353 0.951335 0.647817 0.750162 0.704234 0.846227 0.911772 0.0599283 0.899855 0.858782 0.863712 0.804723 0.9122 0.933809 0.595383 0.000559592 0.791488 0.209051 0.90345 0.71047 0.964765 0.429772 0.333704 0.579092 0.77318 0.146395 0.968279 0.935588 
