21.7542 0110001001010001100110111010111101111011010011010000010010100110110110101011001111100100010110011110
78.2818 0101010001011011010100000001101111110100011010100110000110110000100001110100110100000011110100010100
0.430468 0.412743 0.715309 0.257878 0.675633 0.0402135 0.117536 0.00814826 0.980495 0.603244 0.849015 0.544026 0.0517737 0.716952 0.263295 0.597456 0.867117 0.469622 0.181518 0.523108 0.642635 0.559364 0.611092 0.703777 0.143395 0.974539 0.332505 0.910755 0.611101 0.779034 0.808267 0.725025 0.0829825 0.89352 0.377446 0.325856 0.342778 0.334312 0.204215 0.200303 0.277894 0.398244 0.100367 0.182905 0.931815 0.740519 0.244158 0.866688 0.358689 0.373939 0.0117024 0.0559425 0.799397 0.646406 0.148044 0.761783 0.137855 0.904107 0.274556 0.619569 0.803739 0.028354 0.167166 0.501377 
0.437743 0.412543 0.822958 0.110813 0.624323 0.325321 0.740899 0.00202143 0.112121 0.988587 0.583771 0.375019 0.278533 0.87461 0.74358 0.718634 0.335248 0.669062 0.957843 0.702252 0.327408 0.6935 0.160525 0.315479 0.681191 0.0892746 0.747195 0.324354 0.579808 0.197785 0.855802 0.782484 0.900724 0.335982 0.924675 0.0862253 0.614696 0.0940066 0.991265 0.163703 0.16587 0.683886 0.861572 0.504044 0.644467 0.140389 0.401627 0.526217 0.184838 0.20465 0.310736 0.466941 0.877622 0.884254 0.76229 0.816806 0.665255 0.0776877 0.652366 0.833057 0.0206718 0.0875578 0.666095 0.1064 
0.324294 0.338162 0.378009 0.927492 0.875242 0.620425 0.99533 0.242669 0.617372 0.819101 0.893609 0.893694 0.896556 0.800676 0.0586326 0.0509896 0.107589 0.651773 0.569012 0.376376 0.860225 0.115416 0.198085 0.439363 0.292578 0.0927242 0.0523106 0.346879 0.97401 0.91504 0.367503 0.739504 0.301483 0.18127 0.115882 0.172664 0.156011 0.453446 0.532384 0.587357 0.0717777 0.645931 0.895016 0.985052 0.923439 0.0816334 0.582658 0.48909 0.410299 0.669719 0.942716 0.00416791 0.369348 0.259411 0.608806 0.199212 0.102072 0.687433 0.0178439 0.94365 0.272226 0.577709 0.742181 0.348206 
0.886851 0.226178 0.503483 0.224107 0.203231 0.123128 0.780512 0.571199 0.754745 0.325629 0.854715 0.645578 0.60912 0.474765 0.140688 0.522701 0.133163 0.44367 0.236668 0.569634 0.77144 0.34439 0.502679 0.2902 0.405843 0.461215 0.788276 0.791921 0.551242 0.353721 0.488086 0.601806 0.805269 0.0081713 0.852631 0.705666 0.346518 0.222532 0.0923233 0.766821 0.94483 0.683604 0.0468168 0.751574 0.240528 0.347011 0.932475 0.0221443 0.710123 0.0634641 0.791189 0.199531 0.601253 0.692179 0.898262 0.546678 0.0070198 0.1511 0.728451 0.959708 0.224624 0.31772 0.439463 0.276885 
0.1215 0.153698 0.975217 0.730101 0.498024 0.823343 0.209755 0.26283 0.28027 0.116919 0.362683 0.836928 0.11402 0.455101 0.559252 0.772041 0.22794 0.828255 0.513089 0.253575 0.038683 0.857866 0.315871 0.768132 0.464181 0.867039 0.987536 0.717591 0.772054 0.489874 0.488189 0.856914 0.339367 0.295668 0.00729937 0.714867 0.0157598 0.632032 0.0187025 0.0613416 0.00408827 0.793186 0.344173 0.683981 0.900127 0.192124 0.428315 0.649942 0.469602 0.897024 0.076575 0.234807 0.81267 0.542981 0.87635 0.257243 0.0768296 0.321446 0.491573 0.0813009 0.181879 0.719016 0.648961 0.179094 
0.187196 0.734679 0.95682 0.768628 0.840111 0.782301 0.267798 0.968077 0.551265 0.0816301 0.672851 0.826903 0.777486 0.274229 0.141651 0.300096 0.339096 0.742617 0.133929 0.438715 0.832189 0.481773 0.679693 0.314871 0.144617 0.986409 0.945957 0.583116 0.612629 0.829728 0.198556 0.283487 0.894135 0.728788 0.0633608 0.662388 0.188395 0.402314 0.191143 0.381994 0.583525 0.371444 0.453616 0.95884 0.571964 0.36634 0.055049 0.615882 0.742225 0.528443 0.445591 0.201641 0.532324 0.963847 0.774964 0.153468 0.887633 0.132526 0.745907 0.862529 0.695466 0.403405 0.722306 0.380003 
0.994129 0.474259 0.979365 0.153214 0.495332 0.972679 0.153403 0.514916 0.938323 0.650481 0.179392 0.582216 0.662494 0.725566 0.394117 0.262627 0.0694853 0.988534 0.407469 0.804777 0.0084702 0.106747 0.150585 0.203733 0.876531 0.627855 0.710922 0.159754 0.456406 0.724011 0.256143 0.962903 0.515946 0.280844 0.533345 0.787775 0.558359 0.426513 0.463725 0.975489 0.904752 0.44457 0.943061 0.43763 0.980899 0.453107 0.428229 0.72243 0.625229 0.232816 0.468399 0.395759 0.48667 0.124449 0.413437 0.832908 0.937899 0.549014 0.649506 0.445068 0.964021 0.785434 0.905226 0.360011 
0.790238 0.790367 0.844736 0.2215 0.438506 0.47307 0.763032 0.709764 0.965885 0.462594 0.0301238 0.372811 0.261334 0.374412 0.93931 0.156915 0.270296 0.344665 0.616065 0.0716405 0.542872 0.14637 0.208836 0.190056 0.478005 0.780132 0.686048 0.447976 0.594666 0.299636 0.821325 0.382751 0.805574 0.696738 0.126278 0.024328 0.00819137 0.368769 0.918498 0.306465 0.553605 0.240109 0.965561 0.425779 0.751265 0.0614628 0.262625 0.536516 0.46844 0.158463 0.629504 0.884253 0.563971 0.225382 0.808466 0.482907 0.933617 0.443709 0.935663 0.760929 0.134345 0.471779 0.298766 0.0764917 
0.0513679 0.641801 0.676334 0.536218 0.478569 0.0157755 0.312003 0.959053 0.0710115 0.245238 0.107132 0.8122 0.317291 0.612624 0.262447 0.331609 0.169989 0.428881 0.0753273 0.198773 0.288539 0.381254 0.933613 0.499045 0.413904 0.959184 0.894597 0.33518 0.574674 0.0154928 0.824849 0.141792 0.784953 0.78509 0.672266 0.954832 0.541903 0.697969 0.201734 0.915296 0.134379 0.650472 0.667518 0.887089 0.482135 0.0948607 0.480552 0.973331 0.766613 0.00183735 0.329762 0.842991 0.473227 0.853729 0.877209 0.24287 0.242698 0.939375 0.378273 0.575422 0.506339 0.317642 0.753186 0.440678 
0.148091 0.320034 0.0303259 0.887067 0.440227 0.0121429 0.732041 0.211685 0.678818 0.474546 0.0925349 0.545033 0.748958 0.187019 0.479495 0.381076 0.696307 0.645708 0.451612 0.109069 0.28939 0.510776 0.809148 0.327528 0.728422 0.784464 0.997093 0.312556 0.489147 0.11803 0.605453 0.731911 0.465704 0.277389 0.0294402 0.498721 0.277957 0.343532 0.562832 0.825994 0.0402425 0.0706551 0.0639941 0.371351 0.241577 0.992947 0.976312 0.215723 0.948015 0.220753 0.318639 0.892871 0.268675 0.402208 0.688378 0.294647 0.934383 0.718408 0.899611 0.835546 0.840429 0.432828 0.113788 0.612926 
0.715634 0.470068 0.497553 0.833125 0.495918 0.955996 0.383829 0.550533 0.841053 0.46762 0.795645 0.150195 0.277995 0.310306 0.544997 0.00311727 0.465404 0.222954 0.81258 0.118983 0.252076 0.685699 0.925271 0.989629 0.929206 0.760263 0.20132 0.87236 0.709587 0.396773 0.312484 0.274441 0.926052 0.273427 0.582882 0.615822 0.891021 0.558465 0.734294 0.624264 0.418176 0.992852 0.20388 0.860774 0.941425 0.0123442 0.208142 0.813954 0.908705 0.802772 0.844961 0.857125 0.550073 0.576958 0.106133 0.205657 0.165998 0.0425853 0.0195121 0.603815 0.269882 0.369625 0.630855 0.338102 
0.916172 0.69772 0.703643 0.422179 0.540298 0.914406 0.364304 0.923174 0.726317 0.00309132 0.693021 0.927011 0.225813 0.990077 0.450764 0.636376 0.851808 0.895576 0.470183 0.831293 0.329635 0.683819 0.0245671 0.821755 0.269041 0.352942 0.609203 0.672164 0.777411 0.337429 0.620483 0.112901 0.513685 0.771142 0.672162 0.63481 0.243822 0.836189 0.104724 0.542958 0.518241 0.482054 0.59457 0.310935 0.164111 0.551072 0.190833 0.724749 0.617558 0.315911 0.0014586 0.665904 0.815909 0.984577 0.563321 0.88839 0.316361 0.584011 0.918847 0.885148 0.302685 0.969088 0.447487 0.202896 
0.530408 0.796176 0.406088 0.0108707 0.960614 0.507182 0.135545 0.671664 0.652049 0.786497 0.937672 0.947753 0.346705 0.889428 0.680599 0.107948 0.981821 0.845342 0.453616 0.687888 0.70802 0.508499 0.907038 0.212195 0.239623 0.0254537 0.700769 0.836607 0.616422 0.317305 0.568157 0.0635962 0.0365491 0.806052 0.32858 0.55554 0.881487 0.95314 0.052205 0.875276 0.6092 0.581345 0.631013 0.0658095 0.69015 0.976007 0.340141 0.24919 0.1737 0.754308 0.192722 0.611867 0.602526 0.880235 0.653115 0.463047 0.898983 0.283803 0.290868 0.504452 0.250448 0.538058 0.277414 0.661697 
0.669107 0.346802 0.834072 0.00821669 0.696001 0.677081 0.880233 0.603231 0.0447904 0.451911 0.670964 0.0337452 0.0581421 0.0348317 0.540999 0.400086 0.360161 0.76315 0.888895 0.416205 0.800716 0.406749 0.143918 0.53832 0.384295 0.400818 0.975729 0.502833 0.305075 0.816735 0.964524 0.353662 0.515399 0.364935 0.4232 0.66371 0.981978 0.684762 0.372511 0.693427 0.840872 0.706471 0.668381 0.334871 0.428443 0.542428 0.985484 0.772217 0.948162 0.088039 0.219322 0.0788677 0.527582 0.411253 0.608786 0.314162 0.27392 0.651573 0.776065 0.753767 0.171988 0.789544 0.71651 0.656263 
0.802806 0.427598 0.293266 0.729484 0.852714 0.651136 0.7458 0.820509 0.442038 0.936092 0.580594 0.669142 0.445842 0.203752 0.473617 0.219519 0.269722 0.515627 0.329205 0.293111 0.880406 0.300025 0.0548244 0.230917 0.285697 0.328067 0.459796 0.914551 0.973517 0.322399 0.368303 0.284137 0.628208 0.439263 0.77526 0.905172 0.271958 0.190774 0.622481 0.626108 0.590881 0.0321375 0.78394 0.304679 0.330968 0.156485 0.499126 0.950308 0.355106 0.505174 0.274155 0.312633 0.634416 0.737294 0.482557 0.914054 0.549533 0.676934 0.799064 0.632757 0.470537 0.286728 0.761753 0.292465 
0.583832 0.60313 0.636781 0.494124 0.488521 0.296435 0.188694 0.768653 0.704162 0.0458821 0.981819 0.326821 0.313831 0.74664 0.0855 0.450422 0.89781 0.0683089 0.111256 0.18377 0.463612 0.322474 0.0488594 0.929848 0.3207 0.561948 0.715659 0.894325 0.784914 0.794696 0.317367 0.516984 0.479345 0.128386 0.61955 0.0998609 0.395907 0.127216 0.213795 0.294068 0.898153 0.948967 0.911545 0.809242 0.576062 0.542066 0.0655731 0.084704 0.370394 0.451025 0.811911 0.138125 0.144137 0.608097 0.357043 0.630191 0.263144 0.308239 0.398883 0.833268 0.910758 0.0391739 0.50364 0.226579 
0.574273 0.521217 0.545777 0.242512 0.22792 0.226021 0.940761 0.500953 0.982619 0.336371 0.123872 0.419516 0.252091 0.146719 0.121549 0.999896 0.0626943 0.960386 0.186608 0.767716 0.755928 0.146698 0.0511098 0.990471 0.459049 0.0550151 0.652589 0.79452 0.213621 0.467115 0.781278 0.535997 0.0962628 0.142553 0.137913 0.787866 0.177489 0.857452 0.447048 0.273436 0.327378 0.60718 0.0185717 0.128844 0.904783 0.930957 0.461742 0.143553 0.428411 0.547718 0.0633601 0.83875 0.331755 0.57778 0.845051 0.227195 0.486749 0.284691 0.0420243 0.708721 0.501924 0.748412 0.459567 0.547709 
0.6803 0.479358 0.454035 0.304439 0.365613 0.623657 0.725886 0.306453 0.808283 0.657826 0.999546 0.172704 0.106577 0.247924 0.481769 0.262603 0.736066 0.68599 0.727001 0.951431 0.507514 0.0574465 0.501254 0.354329 0.708727 0.650359 0.522857 0.465624 0.769218 0.101533 0.242203 0.526473 0.201098 0.853751 0.225058 0.0942806 0.592175 0.698375 0.821554 0.486758 0.90254 0.580779 0.216842 0.44654 0.737283 0.805121 0.780232 0.129943 0.886066 0.442797 0.311352 0.296922 0.115573 0.683861 0.774634 0.958728 0.941627 0.0518167 0.351488 0.593559 0.0508288 0.746676 0.599744 0.167528 
0.0267708 0.259566 0.865759 0.636584 0.963006 0.626491 0.720023 0.105238 0.208134 0.358522 0.850459 0.29819 0.595197 0.419799 0.978101 0.103587 0.919085 0.0341004 0.377387 0.567372 0.441604 0.579385 0.0652588 0.45598 0.502844 0.826341 0.0809724 0.0724769 0.136681 0.918819 0.746342 0.624783 0.232031 0.383843 0.183581 0.84419 0.0542852 0.221304 0.228104 0.643766 0.629936 0.325114 0.587083 0.236807 0.132551 0.879413 0.539706 0.486204 0.674899 0.323445 0.347206 0.843 0.909297 0.374566 0.213062 0.643475 0.963355 0.655105 0.656193 0.674766 0.488906 0.901492 0.816898 0.497784 
0.744846 0.674193 0.897844 0.357343 0.145317 0.236698 0.840976 0.524101 0.220452 0.74457 0.894974 0.496749 0.129577 0.881481 0.0595396 0.719003 0.180277 0.582234 0.145992 0.947911 0.60078 0.362765 0.851099 0.96339 0.579862 0.265584 0.461211 0.95559 0.789465 0.720599 0.654319 0.755946 0.841514 0.276996 0.359807 0.92964 0.450566 0.510142 0.567998 0.856483 0.755736 0.0414719 0.931208 0.804817 0.383959 0.328351 0.772849 0.241819 0.904091 0.288286 0.0884118 0.849776 0.386321 0.618924 0.436933 0.255388 0.110991 0.598098 0.256473 0.383873 0.37232 0.878848 0.110371 0.286621 
0.972958 0.953977 0.413568 0.162657 0.0994949 0.729058 0.401184 0.438025 0.896729 0.983241 0.180393 0.302253 0.281925 0.866033 0.557701 0.189199 0.455217 0.758708 0.780097 0.122982 0.830648 0.541337 0.35222 0.762977 0.923495 0.59966 0.969435 0.208371 0.524731 0.335181 0.78316 0.402936 0.0604289 0.23709 0.625211 0.00660197 0.686934 0.00484768 0.480737 0.907948 0.955064 0.532206 0.0993858 0.959452 0.278577 0.268251 0.442963 0.145127 0.638992 0.485848 0.961638 0.369687 0.503866 0.231377 0.639376 0.49374 0.145191 0.204176 0.659193 0.714202 0.741967 0.0181508 0.198922 0.333222 
0.603556 0.13184 0.507035 0.165593 0.609357 0.957627 0.47386 0.968519 0.306012 0.442795 0.504202 0.268577 0.339106 0.292745 0.707925 0.0805983 0.838051 0.486226 0.318716 0.642157 0.181834 0.285127 0.930881 0.0492741 0.522859 0.75934 0.628122 0.821574 0.775668 0.00419789 0.00247358 0.7098 0.992699 0.797004 0.678147 0.283827 0.0920402 0.891411 0.135832 0.123526 0.0132282 0.81868 0.963803 0.0837245 0.914333 0.804373 0.141093 0.932875 0.81273 0.533994 0.14104 0.58803 0.769246 0.892168 0.923802 0.0571802 0.408399 0.325906 0.607385 0.818198 0.799854 0.278502 0.653555 0.517239 
0.632529 0.910334 0.381199 0.58714 0.0836562 0.618213 0.0948334 0.0951441 0.312181 0.308891 0.163857 0.441109 0.47717 0.891662 0.0811294 0.884398 0.538829 0.303873 0.316129 0.32638 0.772763 0.672017 0.882748 0.262011 0.653213 0.0281334 0.439851 0.304492 0.328761 0.291712 0.769838 0.683085 0.351926 0.122761 0.248773 0.156167 0.802341 0.555639 0.00334314 0.510948 0.425681 0.965919 0.894098 0.83834 0.446991 0.750773 0.379045 0.633075 0.199247 0.554966 0.0133381 0.819377 0.286688 0.869041 0.499335 0.601264 0.147906 0.516843 0.417859 0.812127 0.640928 0.722874 0.819615 0.728899 
0.130588 0.248713 0.286676 0.867611 0.268517 0.421492 0.472901 0.403919 0.725908 0.818147 0.304831 0.942657 0.217508 0.68204 0.556868 0.192441 0.566013 0.344494 0.800566 0.848512 0.634787 0.161995 0.590359 0.570489 0.425784 0.910743 0.241536 0.294742 0.783948 0.800886 0.119949 0.53908 0.529199 0.0521059 0.807229 0.351359 0.339445 0.65338 0.334806 0.65753 0.136732 0.791997 0.609832 0.0389731 0.373881 0.529493 0.819559 0.118684 0.437754 0.369324 0.572592 0.985735 0.647121 0.0909187 0.0895351 0.0465487 0.458318 0.0243403 0.110278 0.960455 0.892328 0.267734 0.379942 0.268933 
0.138426 0.969049 0.818504 0.0338562 0.714478 0.775138 0.541364 0.821502 0.819271 0.721377 0.242476 0.127975 0.93453 0.706217 0.0737278 0.710644 0.527756 0.753007 0.162786 0.760234 0.639223 0.459651 0.47642 0.130638 0.142781 0.795826 0.905583 0.886315 0.310195 0.392655 0.627184 0.792753 0.777021 0.756576 0.60545 0.814627 0.44556 0.799006 0.0928127 0.0807063 0.539134 0.751741 0.566497 0.0916726 0.860874 0.54222 0.626998 0.455639 0.309856 0.829175 0.580526 0.379736 0.812742 0.146035 0.219629 0.962936 0.663011 0.056564 0.381437 0.227172 0.960311 0.606811 0.0104776 0.923203 
0.81284 0.609335 0.876553 0.936834 0.557638 0.945421 0.747455 0.0555176 0.838709 0.689289 0.344397 0.943872 0.180888 0.819311 0.115707 0.533331 0.0308744 0.285703 0.806976 0.321119 0.0696055 0.915323 0.76626 0.269842 0.447678 0.200519 0.393517 0.306812 0.0294142 0.582756 0.785389 0.77132 0.0193391 0.565599 0.766511 0.681284 0.668017 0.565266 0.807706 0.696019 0.487858 0.799706 0.26782 0.572387 0.299125 0.227519 0.764463 0.110873 0.611213 0.861658 0.379647 0.934664 0.879949 0.847833 0.358354 0.728309 0.870354 0.689832 0.451403 0.914123 0.592798 0.128757 0.119822 0.253485 
0.574229 0.516319 0.603419 0.145586 0.903472 0.891428 0.106837 0.386234 0.0187397 0.456635 0.303653 0.412275 0.595303 0.600081 0.384129 0.634995 0.6679 0.816337 0.0434718 0.860016 0.416434 0.667128 0.930924 0.100256 0.40159 0.86073 0.552198 0.963448 0.449195 0.9885 0.935969 0.543812 0.906482 0.642869 0.994962 0.107403 0.893547 0.510222 0.286258 0.831593 0.334828 0.694537 0.615472 0.0816334 0.0186434 0.991681 0.531881 0.293539 0.368696 0.864196 0.800134 0.672124 0.808547 0.987508 0.279488 0.092898 0.757163 0.771853 0.11679 0.969921 0.0432455 0.400303 0.131368 0.634647 
0.842346 0.394872 0.908462 0.5495 0.592839 0.426342 0.393752 0.526737 0.807157 0.645424 0.0175298 0.86414 0.682854 0.66019 0.180558 0.588194 0.193599 0.995325 0.456869 0.90937 0.643246 0.0352213 0.410749 0.163751 0.433351 0.285389 0.246473 0.057437 0.00962676 0.564131 0.0701272 0.442286 0.304243 0.322756 0.238823 0.362276 0.996594 0.510826 0.0791405 0.367236 0.0507811 0.349097 0.102404 0.531049 0.504489 0.562426 0.513593 0.535094 0.41061 0.58631 0.135208 0.901549 0.46721 0.509479 0.414642 0.531773 0.689984 0.946425 0.0100332 0.403324 0.525645 0.471016 0.40286 0.644185 
0.227018 0.366811 0.851857 0.688375 0.813005 0.257458 0.549948 0.598164 0.341085 0.365 0.29036 0.120585 0.978801 0.91556 0.163282 0.833225 0.515298 0.126316 0.998965 0.659644 0.689736 0.197375 0.0966207 0.486363 0.580571 0.482283 0.578865 0.298509 0.430759 0.28206 0.860312 0.0325509 0.853419 0.961426 0.440667 0.259786 0.968464 0.431731 0.587885 0.0859738 0.445256 0.523372 0.468933 0.178168 0.0588414 0.113799 0.680315 0.244488 0.824245 0.388012 0.646286 0.440826 0.586447 0.253572 0.590145 0.792846 0.320684 0.587212 0.532622 0.0197367 0.641817 0.0140493 0.922209 0.326554 
0.440979 0.0845859 0.190434 0.302804 0.903558 0.248548 0.016821 0.896748 0.121699 0.0011577 0.600296 0.0973382 0.588242 0.1932 0.00888007 0.0211096 0.385497 0.963727 0.382977 0.131631 0.0527131 0.834734 0.119658 0.905787 0.457971 0.642977 0.298249 0.1033 0.696761 0.4783 0.0666069 0.983098 0.568177 0.929394 0.817383 0.590722 0.669785 0.8532 0.329328 0.104743 0.635737 0.456282 0.668073 0.840912 0.155206 0.172301 0.834761 0.905501 0.790544 0.0515897 0.344961 0.550539 0.199335 0.184347 0.368098 0.051433 0.354003 0.156429 0.695752 0.222981 0.452743 0.442524 0.0185333 0.967927 
0.786246 0.240968 0.228472 0.63946 0.776135 0.402098 0.758911 0.788935 0.207871 0.76039 0.391893 0.991791 0.0985604 0.783873 0.818633 0.617938 0.81023 0.184396 0.874081 0.366138 0.513779 0.0184406 0.112979 0.752432 0.194211 0.632907 0.761554 0.538284 0.926337 0.0550083 0.0807268 0.29564 0.210193 0.742688 0.0931813 0.881556 0.0190617 0.0200084 0.274991 0.677431 0.511756 0.988922 0.159644 0.644638 0.74282 0.862741 0.334515 0.337377 0.016695 0.399507 0.146667 0.489651 0.0395325 0.765376 0.442984 0.133934 0.133054 0.09591 0.988925 0.692472 0.564219 0.861436 0.500543 0.83385 
0.153769 0.211195 0.544427 0.0796061 0.711518 0.619471 0.848619 0.344738 0.757518 0.421882 0.892577 0.108188 0.321006 0.697925 0.670702 0.828991 0.528365 0.0556593 0.210638 0.533607 0.775463 0.499934 0.775633 0.114268 0.58308 0.611677 0.426819 0.237966 0.483277 0.867036 0.159207 0.17835 0.0138618 0.364399 0.455776 0.15089 0.677513 0.809255 0.745312 0.972884 0.572865 0.7334 0.361423 0.333801 0.935424 0.192224 0.322377 0.448708 0.868414 0.423171 0.567433 0.924669 0.318204 0.400894 0.462941 0.515054 0.179652 0.677867 0.658988 0.865443 0.0706401 0.0425439 0.696404 0.566844 
0.274493 0.592309 0.17467 0.70873 0.742226 0.164271 0.529974 0.526843 0.66456 0.431065 0.112278 0.120189 0.977163 0.0401105 0.335884 0.237595 0.140605 0.31042 0.560137 0.158588 0.434706 0.698239 0.919022 0.71617 0.759651 0.779369 0.945861 0.480449 0.689761 0.63364 0.595341 0.830354 0.5938 0.253166 0.176338 0.845192 0.30954 0.757105 0.373627 0.23007 0.642449 0.913321 0.831001 0.683395 0.725794 0.121155 0.339031 0.0449125 0.792851 0.61452 0.388223 0.783977 0.512294 0.458344 0.475515 0.450123 0.78141 0.567213 0.254664 0.268211 0.523937 0.641779 0.51554 0.340166 
0.180921 0.482346 0.957342 0.631901 0.411988 0.747809 0.195202 0.341712 0.820493 0.404245 0.615594 0.773357 0.30161 0.74372 0.771074 0.676409 0.147667 0.0866995 0.484775 0.270805 0.112909 0.733068 0.397303 0.716181 0.655356 0.563568 0.532265 0.51229 0.350629 0.939414 0.746956 0.926424 0.842915 0.247183 0.747564 0.0793258 0.541354 0.637368 0.00526327 0.691945 0.849404 0.528819 0.426795 0.20169 0.0651437 0.0433339 0.497606 0.430392 0.903468 0.339769 0.582676 0.36718 0.20511 0.884136 0.0275656 0.772997 0.539896 0.568969 0.859819 0.414822 0.238433 0.03435 0.497453 0.512511 
0.87397 0.978236 0.920453 0.862051 0.481759 0.159509 0.518799 0.824033 0.94765 0.260639 0.97742 0.223003 0.786898 0.722337 0.0432774 0.190692 0.861617 0.100457 0.607631 0.275736 0.36457 0.462082 0.414376 0.613145 0.782138 0.809523 0.688634 0.768664 0.320158 0.424258 0.100824 0.437879 0.89147 0.162493 0.112629 0.534296 0.816132 0.378286 0.20117 0.358057 0.533951 0.284779 0.731406 0.859929 0.518944 0.390063 0.360995 0.497978 0.4823 0.560733 0.373977 0.645144 0.941793 0.911294 0.949248 0.74842 0.420467 0.276052 0.810317 0.283905 0.596975 0.633557 0.593676 0.338964 
0.579165 0.536176 0.717075 0.867057 0.382022 0.571941 0.077381 0.659315 0.441909 0.978371 0.587389 0.110726 0.712687 0.14923 0.328424 0.194078 0.426419 0.938533 0.938562 0.484381 0.487587 0.835949 0.804788 0.299771 0.017811 0.521196 0.417096 0.778477 0.820363 0.122547 0.393463 0.366812 0.809715 0.139435 0.112565 0.657948 0.797138 0.5952 0.42353 0.779295 0.690088 0.56345 0.416015 0.38127 0.901233 0.213003 0.46384 0.412186 0.69516 0.836789 0.667075 0.910033 0.673353 0.584955 0.170101 0.559598 0.956293 0.427749 0.806146 0.114432 0.276038 0.331941 0.289633 0.489075 
0.312764 0.567664 0.996755 0.316611 0.604223 0.823885 0.411075 0.340722 0.030585 0.719377 0.00413011 0.656644 0.925177 0.471526 0.151368 0.644694 0.000111526 0.764622 0.0279432 0.661795 0.434433 0.490979 0.0350393 0.638915 0.65948 0.0622746 0.573526 0.524411 0.764399 0.6498 0.694441 0.967491 0.245373 0.8284 0.540798 0.560434 0.547858 0.599246 0.675183 0.475397 0.837116 0.365786 0.226828 0.275066 0.819022 0.683142 0.887441 0.959073 0.722607 0.0804385 0.651772 0.852439 0.62611 0.647266 0.536688 0.783719 0.704135 0.741314 0.412725 0.289737 0.225224 0.688687 0.24546 0.985826 
0.0427464 0.815418 0.419233 0.290639 0.0863156 0.214883 0.855635 0.891491 0.116603 0.8263 0.35638 0.555609 0.779453 0.0786105 0.721832 0.922337 0.416004 0.683999 0.666627 0.00683488 0.558741 0.161027 0.368619 0.340575 0.665607 0.794268 0.0443368 0.971446 0.846121 0.516689 0.580786 0.139696 0.270374 0.167229 0.320006 0.816349 0.0852831 0.210089 0.281886 0.452632 0.164592 0.788614 0.402953 0.0926802 0.859692 0.405239 0.0755882 0.944643 0.258243 0.392593 0.169329 0.253498 0.771055 0.549857 0.220238 0.851838 0.201819 0.134343 0.390164 0.265567 0.0517627 0.0992788 0.614141 0.510688 
0.22904 0.0886135 0.546187 0.721479 0.0601986 0.805011 0.869911 0.498298 0.5812 0.923893 0.801956 0.474726 0.237809 0.810348 0.204436 0.159751 0.615029 0.668265 0.705572 0.522335 0.873456 0.210984 0.517733 0.451412 0.887019 0.908703 0.538649 0.082411 0.0680413 0.641056 0.722095 0.149467 0.959003 0.632961 0.151312 0.0491153 0.722329 0.388531 0.0739284 0.624776 0.639699 0.140366 0.33193 0.364906 0.690111 0.412048 0.625098 0.127594 0.697571 0.630424 0.824914 0.422718 0.0769614 0.0713225 0.332587 0.127633 0.618977 0.57109 0.271607 0.642623 0.555811 0.827118 0.529954 0.428322 
0.120251 0.0206407 0.91778 0.949197 0.275669 0.886297 0.850844 0.469848 0.885991 0.767014 0.189242 0.229602 0.651932 0.785984 0.94112 0.752757 0.0863211 0.748701 0.959462 0.632363 0.541631 0.96121 0.834216 0.265639 0.918891 0.550761 0.518525 0.979637 0.733778 0.504947 0.986262 0.974915 0.202583 0.483904 0.522671 0.306906 0.810924 0.322228 0.774432 0.996691 0.0882463 0.109586 0.36422 0.451741 0.0680764 0.506092 0.760598 0.805609 0.887169 0.991866 0.676973 0.254119 0.607823 0.905801 0.13037 0.378874 0.323425 0.831939 0.976786 0.478994 0.78216 0.438413 0.857042 0.966852 
0.468366 0.814128 0.311861 0.661014 0.0212406 0.411103 0.697888 0.511907 0.264257 0.832211 0.936808 0.818263 0.735894 0.60917 0.833994 0.759562 0.891337 0.993121 0.914763 0.255597 0.0839081 0.319596 0.696547 0.662516 0.386886 0.480325 0.880428 0.285741 0.0562964 0.873063 0.162662 0.263478 0.725736 0.698001 0.626872 0.00554711 0.737518 0.617763 0.141662 0.964066 0.897122 0.577747 0.416473 0.982389 0.988067 0.457704 0.877472 0.594415 0.0999061 0.306273 0.969579 0.243399 0.74211 0.0349119 0.0499851 0.786214 0.70103 0.831358 0.954335 0.976771 0.0257688 0.833414 0.335616 0.998967 
0.540315 0.629785 0.458062 0.654555 0.122519 0.223084 0.395953 0.557683 0.747009 0.888348 0.833066 0.187404 0.893893 0.57987 0.29087 0.521218 0.607496 0.866477 0.723881 0.183505 0.50256 0.250954 0.90065 0.852033 0.361303 0.362356 0.482791 0.61188 0.920163 0.408944 0.578838 0.653789 0.0400007 0.459665 0.375501 0.73992 0.816351 0.0958067 0.079332 0.592997 0.701 0.545433 0.153924 0.710466 0.724229 0.964416 0.55715 0.950153 0.657181 0.715527 0.0981213 0.439301 0.219951 0.58518 0.672066 0.19957 0.466104 0.260262 0.756012 0.068074 0.81961 0.835294 0.210071 0.696696 
0.993692 0.917357 0.303726 0.907419 0.433632 0.833043 0.525758 0.521802 0.573553 0.603705 0.371289 0.8905 0.803911 0.374132 0.203891 0.512441 0.114576 0.563468 0.111165 0.214833 0.744028 0.343479 0.0169074 0.567874 0.977678 0.127952 0.865461 0.362031 0.0963602 0.731347 0.0680175 0.126393 0.0425791 0.438749 0.857125 0.0547289 0.727211 0.994308 0.484176 0.155691 0.623457 0.0309773 0.578492 0.853634 0.880577 0.241931 0.401752 0.794181 0.721758 0.688751 0.736606 0.0559754 0.393604 0.493069 0.865652 0.587173 0.833735 0.329825 0.265791 0.959567 0.9825 0.532827 0.979788 0.459936 
0.760479 0.67258 0.716055 0.718948 0.302089 0.635507 0.502243 0.0988669 0.341701 0.266295 0.570312 0.435134 0.0619204 0.208962 0.660365 0.695825 0.616301 0.809488 0.323836 0.0721469 0.80272 0.751758 0.508709 0.408589 0.480291 0.551076 0.508937 0.210986 0.742818 0.863158 0.0415132 0.270286 0.529117 0.473261 0.461539 0.367829 0.284244 0.887856 0.154897 0.547978 0.910641 0.138897 0.775866 0.836227 0.577286 0.536346 0.159831 0.2829 0.0332382 0.279619 0.919012 0.990758 0.80872 0.196187 0.593395 0.183926 0.664272 0.0929048 0.345847 0.292342 0.911758 0.509788 0.213537 0.356179 
0.0190097 0.0982057 0.992742 0.204414 0.182377 0.795667 0.865157 0.923948 0.0450158 0.206858 0.431551 0.937529 0.382652 0.324364 0.425536 0.538318 0.780186 0.803482 0.320153 0.168711 0.693006 0.249514 0.211344 0.55693 0.831849 0.361749 0.388084 0.711726 0.0990895 0.214946 0.0316697 0.312662 0.922476 0.067087 0.142993 0.290697 0.810951 0.78922 0.760261 0.900691 0.0458773 0.701975 0.50191 0.135429 0.844474 0.092356 0.326372 0.8507 0.913289 0.172061 0.721463 0.0085058 0.391123 0.591357 0.110475 0.898203 0.799616 0.315296 0.718496 0.0597261 0.120917 0.962935 0.371071 0.998382 
0.417536 0.77289 0.880417 0.273761 0.350081 0.845484 0.356532 0.930394 0.535694 0.637003 0.339917 0.302284 0.410814 0.239419 0.469176 0.160858 0.607611 0.948515 0.494549 0.652039 0.300579 0.262591 0.619252 0.764686 0.748422 0.191917 0.255054 0.720088 0.646389 0.8129 0.832992 0.626478 0.0678606 0.570764 0.824742 0.349915 0.306136 0.447843 0.156423 0.350835 0.0587198 0.529143 0.391022 0.419451 0.779227 0.524222 0.664865 0.160252 0.565792 0.0393207 0.842885 0.0914555 0.405102 0.683306 0.311049 0.373477 0.693273 0.461745 0.465782 0.720967 0.412243 0.0394971 0.582226 0.948504 
0.55494 0.019185 0.443025 0.854311 0.160991 0.541097 0.940921 0.92478 0.151837 0.957663 0.968777 0.438529 0.507725 0.926238 0.978811 0.423576 0.428302 0.9088 0.65168 0.0328815 0.347793 0.365454 0.382115 0.809376 0.298637 0.364345 0.424949 0.824847 0.249712 0.915688 0.81175 0.654015 0.402616 0.00339074 0.458495 0.329477 0.618441 0.51079 0.954571 0.0615413 0.797615 0.343361 0.796558 0.381408 0.237476 0.66733 0.836954 0.248422 0.196573 0.471134 0.414039 0.0887942 0.249033 0.472066 0.355841 0.763384 0.645798 0.466194 0.619902 0.470002 0.239506 0.575146 0.426284 0.541296 
0.775174 0.134519 0.11102 0.134529 0.426565 0.00560424 0.932728 0.253035 0.295894 0.46604 0.380914 5.98488e-05 0.994883 0.928435 0.391737 0.788015 0.429603 0.930255 0.00129301 0.637632 0.668224 0.685567 0.709675 0.855925 0.854219 0.574569 0.384005 0.0209638 0.622185 0.288633 0.766969 0.507759 0.408214 0.215097 0.49128 0.806721 0.0542618 0.626678 0.541523 0.0725535 0.942155 0.757721 0.878743 0.690708 0.769917 0.10876 0.883453 0.520698 0.186813 0.753227 0.584149 0.112915 0.859187 0.56816 0.564352 0.30206 0.140332 0.816855 0.0144496 0.503999 0.597162 0.78313 0.489037 0.448483 
0.129684 0.147863 0.352859 0.252881 0.899673 0.0642342 0.340848 0.638562 0.0934961 0.23952 0.960778 0.070013 0.620407 0.768309 0.293048 0.870482 0.381124 0.642388 0.0633042 0.695831 0.556022 0.349045 0.64652 0.124042 0.906414 0.615298 0.0478638 0.249111 0.897636 0.195611 0.377142 0.160308 0.343957 0.404876 0.4041 0.942306 0.0342313 0.476842 0.463095 0.361255 0.0350356 0.211833 0.269621 0.122295 0.0774146 0.424223 0.663004 0.168053 0.18138 0.586735 0.904494 0.0395932 0.784163 0.554079 0.321745 0.961309 0.0194238 0.443946 0.654154 0.204906 0.760922 0.35324 0.139831 0.19381 
0.867578 0.254526 0.267489 0.0107053 0.470582 0.612275 0.612633 0.886216 0.722467 0.609511 0.0905885 0.3104 0.0529367 0.17431 0.999932 0.272192 0.952803 0.604823 0.372777 0.201652 0.756454 0.742993 0.278173 0.0906571 0.511563 0.0121508 0.0622015 0.915731 0.706017 0.503784 0.52252 0.231792 0.976245 0.0571962 0.442724 0.628946 0.627202 0.214798 0.290668 0.148119 0.17162 0.66311 0.0735171 0.371615 0.619339 0.976186 0.490301 0.77701 0.354438 0.132867 0.173152 0.313387 0.245495 0.195364 0.601151 0.733151 0.103234 0.0163183 0.453713 0.0828235 0.56866 0.545573 0.354488 0.939083 
0.443955 0.227876 0.013326 0.99079 0.0508536 0.181436 0.275398 0.911759 0.500967 0.601889 0.495719 0.914966 0.612631 0.572279 0.503948 0.435481 0.411729 0.511218 0.913835 0.567881 0.739641 0.576075 0.982759 0.624299 0.625628 0.934316 0.890557 0.536543 0.0151558 0.528208 0.145731 0.427071 0.248204 0.733354 0.326083 0.995902 0.0815845 0.0710944 0.0425173 0.431694 0.458206 0.420806 0.314781 0.889244 0.421361 0.125647 0.446121 0.703238 0.725563 0.764487 0.146416 0.221026 0.275568 0.607408 0.291722 0.667187 0.565486 0.624872 0.0218645 0.943517 0.126805 0.342827 0.170091 0.584747 
0.0769236 0.280902 0.235678 0.496644 0.717606 0.963046 0.0351835 0.956825 0.772091 0.198809 0.974684 0.167879 0.360304 0.848251 0.33997 0.691187 0.0888494 0.799875 0.562254 0.0378696 0.588159 0.307045 0.808804 0.495742 0.349194 0.354952 0.907813 0.378236 0.463619 0.162261 0.204925 0.504339 0.360972 0.00505868 0.776797 0.268174 0.725688 0.986546 0.161531 0.244941 0.0400396 0.919893 0.0136137 0.328722 0.534537 0.79229 0.745275 0.0310551 0.400733 0.599338 0.357139 0.318849 0.592714 0.906281 0.765732 0.0966767 0.623468 0.947295 0.459474 0.496664 0.0823063 0.380494 0.527102 0.148631 
0.489899 0.981738 0.509466 0.0429671 0.32624 0.480577 0.74074 0.167808 0.31429 0.4291 0.926545 0.241666 0.388406 0.530441 0.354922 0.189757 0.663633 0.731778 0.017872 0.424668 0.643685 0.235046 0.200826 0.242534 0.0320919 0.680866 0.550894 0.395541 0.639096 0.814472 0.578099 0.732495 0.290377 0.24771 0.276697 0.432638 0.757313 0.784768 0.254759 0.465559 0.0331528 0.0166247 0.568932 0.0342865 0.243837 0.740093 0.932156 0.0891333 0.102772 0.416182 0.586766 0.448749 0.334449 0.659668 0.925928 0.0308034 0.179101 0.30924 0.178039 0.176814 0.655897 0.29197 0.90248 0.161244 
0.416217 0.930506 0.488128 0.156468 0.163192 0.556822 0.504193 0.0802941 0.658224 0.0169766 0.97972 0.467874 0.519424 0.756783 0.0287003 0.0622542 0.575358 6.5773e-05 0.731419 0.817959 0.610538 0.892029 0.913316 0.635202 0.403168 0.44231 0.765896 0.255655 0.355306 0.0475043 0.4761 0.832815 0.0178724 0.483985 0.445747 0.0659881 0.782276 0.336551 0.760319 0.231877 0.636732 0.22304 0.238503 0.512714 0.243542 0.783079 0.760301 0.367491 0.30888 0.947161 0.874055 0.188154 0.110031 0.777357 0.0524062 0.104402 0.62388 0.46987 0.161328 0.123729 0.49812 0.312733 0.753536 0.731211 
0.043199 0.504093 0.10939 0.22295 0.293971 0.375607 0.744886 0.636826 0.474617 0.96005 0.22068 0.537959 0.579486 0.955022 0.99886 0.906413 0.755012 0.743603 0.00394545 0.392149 0.631339 0.62424 0.765942 0.495403 0.937186 0.0322815 0.715941 0.996481 0.870994 0.367798 0.0801272 0.883029 0.732544 0.0966023 0.131265 0.605233 0.326697 0.793726 0.412459 0.113874 0.811491 0.465371 0.729583 0.736258 0.727218 0.915265 0.329872 0.795007 0.368725 0.977246 0.218047 0.164114 0.715132 0.132082 0.13075 0.348694 0.447095 0.692194 0.183708 0.082674 0.43022 0.124386 0.297179 0.71964 
0.22065 0.0278855 0.0279641 0.232587 0.263898 0.732174 0.781691 0.924783 0.595601 0.183866 0.521278 0.365557 0.90138 0.760542 0.00670254 0.607372 0.839859 0.471267 0.873753 0.801795 0.175071 0.382483 0.462094 0.521367 0.472257 0.228113 0.571234 0.59661 0.874935 0.304271 0.75986 0.701924 0.234817 0.940288 0.874965 0.436358 0.463856 0.0905434 0.517301 0.554308 0.0570816 0.536074 0.817342 0.456072 0.50789 0.0491725 0.237043 0.445345 0.245886 0.442661 0.738477 0.584178 0.957539 0.376183 0.824119 0.160776 0.493965 0.497798 0.289779 0.583519 0.229842 0.754912 0.0290565 0.811013 
0.947746 0.950911 0.480622 0.522113 0.858032 0.332529 0.641489 0.413168 0.843249 0.728967 0.0941417 0.512474 0.219434 0.570927 0.414964 0.643281 0.804018 0.571342 0.230157 0.790149 0.857613 0.356241 0.000125181 0.388466 0.491407 0.742738 0.356583 0.343515 0.70812 0.132508 0.552177 0.79988 0.864944 0.71229 0.213707 0.55747 0.236849 0.883488 0.891987 0.849516 0.174121 0.128282 0.107463 0.390177 0.91615 0.85925 0.830669 0.324526 0.0758494 0.0592003 0.0975287 0.663126 0.831641 0.814745 0.397992 0.228742 0.922792 0.905967 0.281404 0.958724 0.550628 0.7154 0.318163 0.639484 
0.980912 0.824683 0.172167 0.952265 0.792775 0.126058 0.429049 0.828116 0.965079 0.490459 0.818394 0.27261 0.356286 0.455509 0.376154 0.333784 0.790667 0.860938 0.923222 0.102906 0.0457428 0.112326 0.99009 0.928694 0.821842 0.64502 0.732939 0.308417 0.831385 0.0659772 0.133151 0.178113 0.730453 0.79383 0.822436 0.705075 0.0434413 0.626427 0.914923 0.425702 0.238732 0.925104 0.11323 0.590581 0.144716 0.894392 0.647332 0.108268 0.723107 0.913931 0.0528132 0.506216 0.587559 0.799165 0.199204 0.575003 0.573805 0.060997 0.931412 0.0228562 0.559307 0.510444 0.41648 0.265106 
0.918216 0.205667 0.749108 0.873048 0.540006 0.929973 0.321483 0.595302 0.586607 0.923136 0.280411 0.0868279 0.11924 0.471601 0.732579 0.681656 0.446412 0.643586 0.0234605 0.175042 0.550594 0.32625 0.782826 0.0387195 0.854476 0.699498 0.544502 0.672088 0.590848 0.00209484 0.709858 0.653019 0.654518 0.248197 0.201203 0.933416 0.623523 0.208084 0.747982 0.038009 0.668228 0.354995 0.421087 0.0913927 0.572004 0.238277 0.579939 0.260378 0.988904 0.427357 0.103 0.0736399 0.113384 0.928329 0.823843 0.0214276 0.110172 0.316526 0.988958 0.159371 0.555622 0.882931 0.438017 0.0420568 
0.677455 0.527408 0.0429028 0.530444 0.662023 0.115067 0.821374 0.0184814 0.550761 0.50652 0.00300512 0.53017 0.409645 0.0301408 0.565421 0.18655 0.430489 0.446831 0.515022 0.410751 0.827323 0.788248 0.36582 0.866784 0.133574 0.138604 0.94374 0.317076 0.345205 0.144748 0.998331 0.843305 0.369734 0.844642 0.271559 0.845155 0.197107 0.318181 0.539274 0.591189 0.154469 0.120938 0.175991 0.262465 0.169419 0.240205 0.191097 0.944529 0.611339 0.572356 0.991707 0.852403 0.329982 0.0563778 0.847498 0.500481 0.973936 0.942856 0.350918 0.54504 0.865306 0.562985 0.820447 0.174408 
0.380971 0.390019 0.35166 0.73181 0.784242 0.433903 0.539474 0.893764 0.686192 0.236602 0.442965 0.188109 0.671979 0.984829 0.0130313 0.273116 0.130157 0.438214 0.62295 0.960022 0.501789 0.0651198 0.592469 0.369822 0.274958 0.686948 0.0609333 0.0346742 0.869869 0.595185 0.292011 0.528138 0.815513 0.0879393 0.651504 0.930994 0.624717 0.920735 0.940703 0.997366 0.743591 0.516219 0.467787 0.224736 0.0185314 0.07646 0.237066 0.47752 0.687862 0.0662161 0.80465 0.364637 0.554573 0.25745 0.110372 0.477454 0.168933 0.734439 0.423918 0.989541 0.906532 0.943168 0.586783 0.229174 
0.784507 0.26743 0.390647 0.730337 0.821303 0.8065 0.408021 0.366064 0.96322 0.515506 0.717715 0.85401 0.170947 0.400685 0.0445962 0.645168 0.30883 0.121704 0.530374 0.720897 0.581862 0.0417707 0.919713 0.450418 0.624265 0.268839 0.890623 0.344128 0.891291 0.386981 0.193743 0.894589 0.624495 0.233325 0.328576 0.997058 0.18332 0.416068 0.854134 0.0265467 0.970826 0.196196 0.858165 0.458062 0.757677 0.434986 0.537958 0.383353 0.258694 0.654576 0.173009 0.20236 0.173344 0.314866 0.0531785 0.748338 0.951593 0.836495 0.209635 0.0140303 0.378245 0.513019 0.471607 0.284413 
0.183749 0.130829 0.663673 0.763129 0.71114 0.838755 0.770931 0.225061 0.917697 0.969112 0.354725 0.627844 0.22827 0.395916 0.924856 0.856773 0.046556 0.32373 0.545119 0.296626 0.25968 0.74053 0.48373 0.39039 0.28292 0.186343 0.0381426 0.419659 0.922984 0.402005 0.341179 0.566636 0.394864 0.420851 0.906494 0.775336 0.231046 0.657749 0.356703 0.120835 0.602027 0.451126 0.192879 0.459853 0.528354 0.342627 0.704258 0.606446 0.381008 0.77937 0.785138 0.755669 0.197901 0.389128 0.201092 0.0700698 0.0305914 0.473552 0.0222134 0.00481826 0.159308 0.343974 0.513335 0.168896 
0.690972 0.351108 0.745536 0.645848 0.0140276 0.320269 0.584339 0.494014 0.977424 0.473168 0.298366 0.231207 0.319065 0.291009 0.709427 0.63435 0.789721 0.539601 0.818513 0.960418 0.727492 0.222846 0.827126 0.0327052 0.469621 0.537144 0.201026 0.181792 0.897804 0.336933 0.0577423 0.997286 0.961622 0.120977 0.872028 0.26235 0.646905 0.877728 0.106252 0.402241 0.551813 0.640492 0.76529 0.611584 0.426269 0.785949 0.882182 0.847275 0.892269 0.762193 0.191736 0.692733 0.728239 0.294645 0.481184 0.00302741 0.760574 0.0150251 0.381161 0.106368 0.226576 0.487017 0.224057 0.837351 
0.763995 0.847848 0.828338 0.287748 0.272648 0.168395 0.532308 0.0441942 0.163369 0.88966 0.228056 0.0661306 0.0787271 0.274439 0.598513 0.448799 0.947211 0.531085 0.875611 0.169057 0.226645 0.888919 0.429072 0.694528 0.6227 0.684461 0.804765 0.397805 0.136737 0.218723 0.264264 0.5341 0.041469 0.917263 0.260435 0.957466 0.737135 0.0755329 0.122911 0.986035 0.0774934 0.784763 0.993137 0.420735 0.982099 0.0332586 0.725896 0.773616 0.126917 0.894423 0.87217 0.927291 0.703666 0.422311 0.0389741 0.88422 0.0643863 0.0087961 0.880957 0.293901 0.0987918 0.343091 0.286121 0.155886 
0.610156 0.829857 0.0955276 0.96228 0.873121 0.152579 0.942436 0.368923 0.2195 0.552271 0.496072 0.0383009 0.241814 0.489545 0.407372 0.810884 0.00222024 0.878505 0.333294 0.776096 0.810062 0.391971 0.634322 0.458894 0.70449 0.695952 0.3777 0.210749 0.849425 0.542982 0.687494 0.251612 0.338468 0.653678 0.148433 0.973935 0.800644 0.668026 0.289531 0.208007 0.0880884 0.924405 0.774416 0.983765 0.0104619 0.301276 0.629695 0.4048 0.337448 0.814615 0.252464 0.316201 0.986549 0.503636 0.999948 0.7776 0.707341 0.563197 0.0633385 0.705222 0.47251 0.479319 0.254449 0.135621 
0.21391 0.069003 0.330748 0.072245 0.273094 0.784664 0.403825 0.992577 0.735293 0.779436 0.587742 0.412191 0.238533 0.390863 0.684745 0.398682 0.242961 0.357982 0.0160895 0.000827079 0.230182 0.736073 0.0337656 0.400363 0.397572 0.000894369 0.429121 0.519688 0.424729 0.921838 0.657245 0.231949 0.160382 0.81654 0.906454 0.764837 0.898358 0.138075 0.907157 0.630543 0.771203 0.025682 0.711284 0.646507 0.410482 0.542679 0.684284 0.41132 0.33843 0.807507 0.259616 0.23061 0.528481 0.406096 0.0258261 0.832774 0.142705 0.761131 0.415301 0.743048 0.903924 0.835479 0.972406 0.713378 
0.397079 0.0698393 0.0687013 0.103513 0.340443 0.146853 0.737052 0.33869 0.92959 0.859524 0.593162 0.0111045 0.592098 0.130709 0.988343 0.186147 0.288464 0.119795 0.474451 0.354315 0.61717 0.783116 0.985685 0.392206 0.450392 0.254853 0.197394 0.534431 0.295296 0.234161 0.925099 0.471189 0.489534 0.975502 0.432828 0.048432 0.820145 0.750903 0.202573 0.149471 0.0500712 0.963471 0.364578 0.186443 0.979916 0.170853 0.594515 0.55975 0.96373 0.197149 0.951867 0.758751 0.533986 0.363107 0.288607 0.883609 0.382922 0.605403 0.533491 0.915723 0.0287793 0.423174 0.717937 0.841134 
0.772683 0.10107 0.200132 0.833629 0.553486 0.770139 0.647365 0.233265 0.490648 0.479398 0.547698 0.399364 0.631191 0.876319 0.508284 0.950244 0.275467 0.993352 0.473286 0.70741 0.993587 0.34841 0.556784 0.95974 0.859268 0.114978 0.998066 0.971237 0.579032 0.796231 0.672699 0.278046 0.506423 0.0496127 0.329684 8.33038e-05 0.259278 0.491119 0.581958 0.632653 0.953712 0.200676 0.0197921 0.820525 0.240664 0.415069 0.521312 0.138294 0.965079 0.0238293 0.15042 0.12285 0.179616 0.721816 0.10877 0.487838 0.798577 0.325405 0.384259 0.152471 0.615623 0.0939057 0.336129 0.20631 
0.335524 0.0217093 0.471719 0.270093 0.712682 0.938912 0.990172 0.755721 0.161621 0.736972 0.822043 0.776995 0.444941 0.477734 0.887226 0.524516 0.698567 0.382782 0.646192 0.229043 0.0532027 0.0998661 0.444665 0.97146 0.0265282 0.240746 0.70436 0.608216 0.1143 0.200376 0.123251 0.350392 0.635498 0.340186 0.144319 0.0315584 0.701724 0.721958 0.144024 0.667578 0.165652 0.01195 0.606891 0.985726 0.353505 0.798952 0.263271 0.907394 0.385107 0.432225 0.0392203 0.852917 0.204197 0.395932 0.814009 0.818528 0.713972 0.684066 0.795893 0.994337 0.520165 0.36364 0.650397 0.707009 
0.115461 0.0878164 0.821349 0.255307 0.275002 0.873143 0.393257 0.926444 0.449822 0.0834965 0.666443 0.521094 0.516524 0.41282 0.36466 0.694068 0.883207 0.287563 0.1422 0.612567 0.455414 0.990039 0.262747 0.774372 0.121293 0.872815 0.41784 0.392648 0.300298 0.0337745 0.35505 0.314222 0.18539 0.856549 0.546536 0.278907 0.307563 0.0722501 0.66376 0.360079 0.904359 0.67322 0.203312 0.254657 0.856733 0.891986 0.109668 0.852199 0.693204 0.776459 0.661517 0.544882 0.894887 0.421422 0.0990704 0.177264 0.349991 0.813328 0.272492 0.237463 0.318429 0.388195 0.000933021 0.331291 
0.604345 0.237263 0.0454672 0.848886 0.562641 0.816641 0.695981 0.727566 0.0696936 0.807374 0.53505 0.535273 0.768522 0.00224924 0.493263 0.559969 0.623199 0.93486 0.753141 0.11465 0.500028 0.313667 0.329507 0.122695 0.770863 0.778136 0.896204 0.103838 0.185742 0.514357 0.412411 0.953459 0.00536204 0.625831 0.973604 0.0853025 0.618543 0.123082 0.328015 0.0795724 0.118432 0.828203 0.0457212 0.626226 0.784605 0.195103 0.0997154 0.827392 0.73727 0.16139 0.213499 0.407303 0.28858 0.37118 0.0196117 0.977077 0.275847 0.729649 0.993474 0.222685 0.101002 0.8854 0.455957 0.575179 
0.222901 0.688046 0.494464 0.320383 0.444102 0.428254 0.157784 0.306482 0.514554 0.53974 0.520721 0.608144 0.496001 0.368884 0.520739 0.175393 0.0758567 0.473011 0.674635 0.650251 0.782143 0.799316 0.00509693 0.113598 0.326806 0.803853 0.04519 0.52662 0.664891 0.471676 0.796764 0.295429 0.535704 0.272532 0.100164 0.3896 0.932673 0.202868 0.455259 0.981003 0.610239 0.913987 0.273402 0.43894 0.0548736 0.275157 0.802946 0.591265 0.857551 0.218564 0.745143 0.371596 0.56123 0.612694 0.673794 0.677434 0.577012 0.868817 0.877719 0.661018 0.312118 0.270703 0.111044 0.804812 
0.753599 0.698025 0.621606 0.950174 0.595602 0.446063 0.506363 0.00726791 0.614165 0.584599 0.670736 0.107676 0.74392 0.745879 0.67489 0.2088 0.891421 0.143615 0.974356 0.551603 0.635789 0.0266434 0.611066 0.503437 0.895548 0.145646 0.492551 0.237869 0.572973 0.753884 0.49437 0.171903 0.0690224 0.378852 0.556506 0.516346 0.524414 0.623673 0.906806 0.702806 0.533248 0.285384 0.928762 0.923467 0.655074 0.0396498 0.899613 0.342164 0.842138 0.928557 0.0845866 0.441802 0.366879 0.583989 0.976909 0.447323 0.833397 0.224185 0.926513 0.377222 0.384969 0.477788 0.847221 0.861774 
0.594841 0.868603 0.846607 0.847394 0.734266 0.729759 0.483621 0.703164 0.152875 0.284833 0.536602 0.204466 0.48992 0.900544 0.840586 0.647154 0.265716 0.400598 0.149589 0.566944 0.986279 0.188626 0.219819 0.500887 0.327939 0.514444 0.237188 0.994315 0.259163 0.415132 0.137681 0.974251 0.137084 0.140579 0.206924 0.234875 0.0342396 0.373707 0.423858 0.507432 0.44291 0.412196 0.271856 0.525357 0.124384 0.838995 0.0945476 0.449602 0.967642 0.00337726 0.113353 0.452537 0.345871 0.443224 0.303056 0.914297 0.55564 0.598501 0.0528668 0.176705 0.697785 0.366322 0.214373 0.48746 
0.496745 0.998904 0.751226 0.0333861 0.762336 0.00918918 0.807485 0.584793 0.0874173 0.789392 0.720029 0.0374483 0.109269 0.710769 0.369172 0.487621 0.127175 0.43012 0.00970674 0.721477 0.739801 0.639203 0.967846 0.942708 0.55154 0.170392 0.0815597 0.109865 0.18896 0.386628 0.103892 0.507421 0.121946 0.320741 0.101229 0.491867 0.481375 0.0784347 0.982705 0.048591 0.592188 0.194647 0.54496 0.155463 0.484642 0.864991 0.125526 0.655639 0.660229 0.464999 0.330821 0.746342 0.245594 0.712266 0.301676 0.838261 0.0289969 0.778505 0.216123 0.246325 0.462033 0.0301137 0.178021 0.739931 
0.0835758 0.647144 0.922506 0.62241 0.0533128 0.261669 0.574816 0.416302 0.692496 0.450457 0.119692 0.00911784 0.0916957 0.999932 0.137423 0.0284398 0.2719 0.806448 0.629196 0.537019 0.4359 0.332039 0.700296 0.597327 0.414023 0.0867012 0.559989 0.119598 0.840188 0.227028 0.00918596 0.803433 0.981862 0.360894 0.845203 0.693887 0.64178 0.188908 0.499146 0.969373 0.436246 0.355971 0.759967 0.754658 0.0989599 0.883743 0.538806 0.869715 0.174075 0.4952 0.972858 0.295532 0.745244 0.418393 0.516191 0.538809 0.0358069 0.784264 0.52889 0.871033 0.279726 0.906211 0.167305 0.211468 
0.034241 0.199305 0.21129 0.627635 0.434813 0.313811 0.97903 0.650067 0.935745 0.960673 0.243007 0.547517 0.440926 0.376484 0.675113 0.313213 0.0728442 0.185625 0.75334 0.0696287 0.16824 0.960215 0.318555 0.156204 0.722226 0.219188 0.495753 0.408951 0.430571 0.390405 0.837701 0.155114 0.0139366 0.451747 0.16537 0.925923 0.288501 0.198365 0.100536 0.939377 0.888214 0.98589 0.0352334 0.598028 0.198399 0.663178 0.464128 0.922941 0.787494 0.168758 0.925687 0.395129 0.402504 0.362801 0.276834 0.597337 0.221321 0.752877 0.0344467 0.793447 0.655328 0.392151 0.786418 0.976156 
0.317892 0.349107 0.25638 0.569869 0.54022 0.438353 0.0748018 0.069319 0.546919 0.497904 0.916147 0.0660609 0.83736 0.534104 0.92309 0.433581 0.712067 0.550593 0.453471 0.265008 0.475932 0.759721 0.61116 0.42122 0.924804 0.877536 0.832335 0.0391172 0.972698 0.610587 0.774772 0.303423 0.727151 0.215803 0.995686 0.293933 0.289561 0.506261 0.505988 0.749985 0.263634 0.0314647 0.976533 0.692052 0.818368 0.372023 0.465271 0.568525 0.517018 0.274452 0.424237 0.29694 0.566762 0.62334 0.599461 0.39282 0.646966 0.558035 0.306183 0.24515 0.343043 0.935092 0.111853 0.213443 
0.101882 0.629196 0.728556 0.0294714 0.875856 0.580612 0.936314 0.598899 0.947397 0.363335 0.213393 0.827011 0.234146 0.267461 0.778036 0.417679 0.363718 0.0962317 0.987861 0.2905 0.175933 0.13542 0.27858 0.738946 0.929921 0.85279 0.928055 0.303967 0.33365 0.261145 0.978922 0.478573 0.91648 0.703738 0.92207 0.386501 0.232497 0.82664 0.759922 0.863674 0.0177473 0.597441 0.988293 0.910451 0.505297 0.667919 0.196842 0.625399 0.605286 0.102898 0.0255808 0.780206 0.439096 0.388256 0.992879 0.0858997 0.108243 0.202951 0.664276 0.444512 0.000502917 0.82482 0.748276 0.477452 
0.765237 0.809341 0.717213 0.825545 0.939677 0.850043 0.51767 0.619011 0.786659 0.41888 0.617622 0.931861 0.334849 0.255599 0.852642 0.119745 0.514448 0.544168 0.328076 0.896547 0.812834 0.0379796 0.65266 0.303161 0.672939 0.192191 0.942198 0.0927398 0.534157 0.637414 0.211942 0.654527 0.122151 0.502882 0.68241 0.46833 0.781418 0.759691 0.946772 0.858935 0.391017 0.687189 0.7375 0.419668 0.732941 0.946329 0.64778 0.0654421 0.578104 0.603974 0.661122 0.258055 0.48303 0.461547 0.259416 0.169805 0.773879 0.27747 0.613438 0.922439 0.578145 0.00790128 0.792461 0.219163 
0.87517 0.739336 0.579546 0.855656 0.14017 0.930567 0.619246 0.583527 0.828766 0.806793 0.322082 0.872077 0.00424314 0.84905 0.871202 0.774523 0.0787998 0.740627 0.808608 0.833521 0.690176 0.703159 0.211172 0.860815 0.574089 0.851623 0.415884 0.0958294 0.304661 0.878146 0.0806589 0.497082 0.100226 0.0490332 0.849105 0.282056 0.16746 0.57244 0.498706 0.488497 0.954663 0.204933 0.813713 0.523706 0.929694 0.230778 0.474868 0.886889 0.0562303 0.858301 0.0617681 0.202423 0.775332 0.391164 0.662701 0.815608 0.366813 0.216972 0.513298 0.652337 0.623787 0.991272 0.992619 0.499608 
0.896979 0.330313 0.284142 0.383557 0.109001 0.326064 0.142671 0.901778 0.327965 0.402006 0.209589 0.729914 0.826687 0.331186 0.693868 0.917414 0.411948 0.273778 0.250959 0.0437284 0.673375 0.853607 0.393282 0.354226 0.950159 0.335012 0.984473 0.514096 0.604975 0.557769 0.441265 0.875333 0.254066 0.421197 0.261421 0.873794 0.243663 0.86456 0.0967164 0.712773 0.920769 0.926469 0.390417 0.152978 0.198534 0.708028 0.0165181 0.838883 0.159954 0.0753101 0.135968 0.574772 0.355415 0.713789 0.229819 0.858138 0.125531 0.278389 0.911632 0.13741 0.501352 0.906435 0.0858138 0.995151 
0.954191 0.379319 0.272723 0.890501 0.512706 0.196256 0.299057 0.872523 0.409425 0.97043 0.000328041 0.973514 0.579628 0.580601 0.151311 0.739434 0.409315 0.865152 0.435295 0.754532 0.601825 0.821053 0.983281 0.273441 0.589579 0.974046 0.289323 0.130263 0.811061 0.0295198 0.0685123 0.0786538 0.380703 0.145977 0.426296 0.384012 0.676192 0.541385 0.916382 0.942461 0.598315 0.846922 0.936162 0.39521 0.648308 0.0689409 0.0489632 0.480057 0.567411 0.377821 0.403621 0.198449 0.102302 0.768274 0.218633 0.273605 0.948269 0.457992 0.278238 0.0280393 0.0201027 0.760499 0.516744 0.0714691 
0.836242 0.468899 0.743096 0.886292 0.355855 0.998565 0.623855 0.315232 0.618396 0.0225083 0.232297 0.660346 0.355428 0.278907 0.228431 0.930546 0.221896 0.114616 0.0377914 0.569201 0.410946 0.418474 0.436855 0.189165 0.524741 0.882838 0.936005 0.270504 0.736149 0.2437 0.295308 0.198691 0.0704964 0.293216 0.157341 0.397079 0.547667 0.3758 0.836495 0.616185 0.44988 0.914772 0.647448 0.704358 0.818294 0.63741 0.200769 0.764371 0.386054 0.975102 0.675248 0.863584 0.0768056 0.766993 0.867566 0.0564309 0.330725 0.307765 0.537109 0.795447 0.536431 0.740582 0.43397 0.980685 
0.792067 0.422296 0.972428 0.618102 0.980949 0.042526 0.610935 0.0380566 0.935171 0.430907 0.109435 0.546554 0.236128 0.472553 0.0571819 0.660234 0.471086 0.747816 0.644878 0.900051 0.431967 0.264133 0.64387 0.859026 0.526199 0.438384 0.794647 0.0522015 0.883973 0.118887 0.947956 0.889119 0.730731 0.32129 0.178094 0.849303 0.000913979 0.815529 0.638564 0.618726 0.285739 0.49924 0.79782 0.720043 0.723632 0.579843 0.109876 0.636903 0.389963 0.548917 0.0743034 0.761261 0.744336 0.908911 0.0726276 0.83993 0.37847 0.588094 0.545987 0.481011 0.439281 0.444539 0.899704 0.286565 
0.378697 0.874911 0.448177 0.204054 0.310832 0.262649 0.34292 0.759419 0.768288 0.494731 0.815868 0.491109 0.030027 0.797102 0.443362 0.849492 0.728446 0.317857 0.70885 0.0701414 0.976268 0.186052 0.403207 0.00713376 0.799379 0.51465 0.159845 0.795862 0.760632 0.203573 0.456129 0.638914 0.144756 0.794267 0.512615 0.738448 0.284568 0.915098 0.560763 0.654802 0.906263 0.1917 0.870376 0.234689 0.518182 0.475471 0.996789 0.524984 0.766444 0.325791 0.631522 0.944573 0.109723 0.129483 0.44705 0.0852524 0.590045 0.281397 0.315098 0.752831 0.503877 0.431328 0.089727 0.430355 
0.153614 0.290934 0.297756 0.200814 0.967326 0.869242 0.97081 0.968801 0.156108 0.548983 0.583761 0.171744 0.115576 0.765979 0.169145 0.525694 0.497248 0.0167152 0.256998 0.0370832 0.510424 0.824088 0.244748 0.597845 0.180743 0.889628 0.299315 0.275207 0.530347 0.283578 0.90637 0.528454 0.351862 0.169172 0.100701 0.237661 0.18116 0.456701 0.753128 0.476712 0.646767 0.00606312 0.906493 0.838426 0.186566 0.0980406 0.358812 0.890289 0.597062 0.751146 0.610649 0.590621 0.806804 0.326643 0.78566 0.330769 0.275419 0.424016 0.991087 0.929404 0.751631 0.11583 0.676724 0.973823 
0.0311751 0.802301 0.334825 0.456969 0.269675 0.0101419 0.193247 0.717076 0.618085 0.211995 0.443508 0.538625 0.362011 0.76253 0.41965 0.948346 0.917522 0.572131 0.945512 0.54217 0.822671 0.619977 0.113909 0.802132 0.405728 0.473171 0.856067 0.597007 0.702887 0.760616 0.959798 0.112719 0.5793 0.465726 0.312226 0.830019 0.131044 0.86454 0.319217 0.377727 0.0834837 0.630197 0.484022 0.782896 0.924569 0.900346 0.0680582 0.27208 0.775161 0.863746 0.959237 0.403143 0.995434 0.534618 0.344499 0.476185 0.47725 0.243918 0.201929 0.244874 0.634084 0.757643 0.748665 0.936873 
0.357055 0.441293 0.652322 0.282367 0.378703 0.691466 0.678498 0.744607 0.674562 0.832174 0.717128 0.339613 0.573107 0.690858 0.806646 0.00288135 0.38536 0.661027 0.781944 0.363273 0.645381 0.661121 0.944837 0.661312 0.827084 0.0293402 0.524896 0.511861 0.480626 0.875593 0.77407 0.585808 0.617939 0.886072 0.452343 0.0423873 0.366794 0.77063 0.688953 0.909441 0.54087 0.564309 0.428297 0.159489 0.535199 0.73188 0.0780038 0.331088 0.512944 0.682832 0.197863 0.986333 0.543106 0.879669 0.77812 0.207011 0.646715 0.130226 0.200756 0.509558 0.445313 0.587887 0.719129 0.221872 
0.427456 0.58469 0.79646 0.162846 0.12801 0.989546 0.603124 0.328004 0.0900337 0.736784 0.846663 0.502212 0.737678 0.753849 0.354138 0.575234 0.633445 0.842355 0.0770756 0.831374 0.111721 0.352057 0.686833 0.510111 0.938256 0.0793423 0.167748 0.419 0.940183 0.649676 0.367769 0.0705877 0.855566 0.828688 0.260633 0.910042 0.386544 0.504635 0.170418 0.0935044 0.910217 0.579444 0.0738604 0.784246 0.572191 0.955824 0.396872 0.0962553 0.32724 0.117909 0.593721 0.103381 0.697681 0.58212 0.931987 0.043703 0.857094 0.172042 0.78288 0.287767 0.431672 0.730253 0.592534 0.127085 
0.404102 0.38077 0.606829 0.20989 0.695834 0.154038 0.80836 0.892441 0.620961 0.191382 0.407793 0.119364 0.952915 0.280213 0.0267004 0.829974 0.121558 0.467001 0.894571 0.00668138 0.623872 0.167011 0.936492 0.393195 0.383043 0.0634495 0.868512 0.112907 0.811512 0.44429 0.357316 0.428572 0.142539 0.593358 0.670676 0.52676 0.0989643 0.262916 0.467695 0.423762 0.599472 0.431739 0.32576 0.626684 0.475601 0.56974 0.0695678 0.778524 0.669489 0.884543 0.80876 0.169476 0.440826 0.128192 0.571309 0.388095 0.735503 0.967803 0.873226 0.985035 0.74969 0.572936 0.874612 0.909176 
0.0775263 0.695609 0.671744 0.525815 0.0194094 0.998535 0.055896 0.442698 0.441981 0.716485 0.435132 0.685672 0.568316 0.225375 0.865006 0.813532 0.303037 0.848432 0.115101 0.395686 0.462428 0.529088 0.225358 0.590645 0.17453 0.859611 0.912586 0.252141 0.110026 0.827905 0.16795 0.490997 0.757268 0.720138 0.371575 0.572653 0.517743 0.774114 0.0814377 0.362169 0.793358 0.87123 0.545044 0.192086 0.511223 0.73602 0.211963 0.0719692 0.283068 0.419565 0.335472 0.419701 0.20945 0.574967 0.940131 0.517681 0.704368 0.0822403 0.881559 0.365944 0.195035 0.94629 0.132268 0.824337 
0.063112 0.482175 0.636211 0.861688 0.0668551 0.538312 0.869995 0.204442 0.605694 0.197029 0.99616 0.50406 0.571186 0.376309 0.0590126 0.624491 0.394007 0.85051 0.852069 0.8567 0.430308 0.165219 0.0900602 0.105554 0.313793 0.495004 0.32191 0.542106 0.171537 0.529397 0.354944 0.00897595 0.316143 0.0139787 0.00994704 0.846318 0.059866 0.635407 0.416853 0.532752 0.901259 0.90132 0.18938 0.109668 0.611204 0.419916 0.329459 0.352535 0.692623 0.86911 0.235922 0.484147 0.260987 0.848704 0.981596 0.689518 0.162758 0.631225 0.798745 0.593834 0.20427 0.0887308 0.415994 0.330058 
0.424989 0.718209 0.867209 0.352336 0.877425 0.157615 0.329027 0.1541 0.693782 0.0797431 0.309388 0.225426 0.168774 0.69937 0.625631 0.330893 0.620607 0.543311 0.342397 0.47053 0.643687 0.142027 0.873384 0.516735 0.992779 0.22968 0.59824 0.842261 0.696995 0.938708 0.0639356 0.473481 0.21283 0.430134 0.724045 0.929435 0.739423 0.875097 0.17093 0.488675 0.313228 0.0321834 0.31829 0.864029 0.761252 0.819532 0.810456 0.790188 0.890257 0.910117 0.858593 0.793649 0.010911 0.937576 0.677798 0.143351 0.677542 0.689568 0.372853 0.621314 0.885929 0.847165 0.380541 0.00767519 
0.69985 0.601311 0.8256 0.853806 0.319411 0.832417 0.70738 0.0679667 0.761641 0.434726 0.0724058 0.765424 0.744318 0.379812 0.632706 0.890715 0.133744 0.486379 0.65945 0.530549 0.892873 0.31269 0.696553 0.292651 0.15205 0.344593 0.226513 0.566968 0.159922 0.0972821 0.258849 0.387331 0.956255 0.816866 0.255945 0.74051 0.251213 0.954274 0.263456 0.483297 0.934031 0.550395 0.974044 0.711773 0.946691 0.833036 0.124147 0.559474 0.120876 0.951979 0.998111 0.677212 0.754042 0.219514 0.830246 0.14179 0.932391 0.951845 0.22193 0.421447 0.176852 0.508072 0.398458 0.457744 
0.0353948 0.592197 0.204772 0.10201 0.390949 0.564419 0.430826 0.279979 0.257369 0.586996 0.00950434 0.839968 0.273061 0.345018 0.913156 0.38339 0.282854 0.686354 0.324604 0.497965 0.688594 0.0851936 0.923865 0.125511 0.822911 0.397128 0.30916 0.811719 0.569279 0.492845 0.0517868 0.35055 0.303497 0.902384 0.0213212 0.281603 0.510839 0.682477 0.321838 0.871583 0.372109 0.570467 0.34305 0.719941 0.940171 0.335322 0.0551926 0.193101 0.108603 0.572269 0.0253027 0.0054628 0.539889 0.0580665 0.449097 0.308922 0.748698 0.0340985 0.0890743 0.750759 0.325344 0.958821 0.055827 0.701711 
0.908119 0.698885 0.145606 0.548304 0.580939 0.914616 0.77377 0.254191 0.0421543 0.924274 0.779686 0.533807 0.60209 0.327652 0.205742 0.595485 0.715734 0.68035 0.771745 0.440755 0.257262 0.688787 0.333335 0.876672 0.717639 0.199828 0.531634 0.750567 0.389568 0.0589963 0.599574 0.697894 0.0939304 0.146156 0.606525 0.462837 0.568228 0.873263 0.493129 0.031123 0.366893 0.490025 0.00941908 0.851185 0.061975 0.0632848 0.558208 0.222634 0.625214 0.756925 0.587111 0.120278 0.995591 0.323218 0.308249 0.520546 0.535093 0.249654 0.737639 0.472251 0.828117 0.389685 0.855294 0.317167 
0.304682 0.228355 0.464019 0.955996 0.913882 0.736129 0.0363726 0.908588 0.880232 0.189263 0.956123 0.893955 0.77994 0.956117 0.774112 0.538062 0.443204 0.309016 0.115257 0.17142 0.169684 0.157264 0.219631 0.0136847 0.0867552 0.936814 0.864863 0.932828 0.776829 0.065968 0.411645 0.470506 0.855385 0.0844703 0.498399 0.517929 0.937232 0.971205 0.252318 0.980974 0.591446 0.846539 0.982131 0.21298 0.419527 0.200575 0.491509 0.858451 0.817419 0.255429 0.159602 0.816591 0.543386 0.623618 0.653384 0.109194 0.892664 0.738577 0.983627 0.907604 0.281137 0.893092 0.631447 0.261708 
0.107317 0.970701 0.580667 0.569213 0.66241 0.426301 0.00187439 0.582552 0.432488 0.236838 0.997974 0.815913 0.385326 0.303655 0.658803 0.15032 0.2217 0.150546 0.485235 0.171794 0.145012 0.379018 0.0311162 0.517786 0.0249166 0.956462 0.735969 0.469992 0.975251 0.25215 0.259093 0.71629 0.577668 0.0643177 0.957876 0.186071 0.808992 0.080282 0.216113 0.832748 0.0869295 0.0757046 0.756975 0.647263 0.637347 0.775218 0.0638987 0.93466 0.745884 0.773894 0.332898 0.947408 0.461295 0.311603 0.943443 0.249799 0.391504 0.954449 0.753573 0.951029 0.0886104 0.236359 0.330888 0.018717 
