19.5116 0000000110100101010111110011000010100111011000010010101100101000001110110000101111110000100101010011
78.5045 1011101011001010010101000011110101101101111110110110111011000001110101000110010100101001110000111110
0.0111144 0.23944 0.377517 0.816461 0.422351 0.612033 0.766063 0.401925 0.872089 0.926438 0.146525 0.701528 0.402677 0.818266 0.0212813 0.352812 0.482124 0.874816 0.0538108 0.267227 0.292142 0.67652 0.300618 0.182703 0.440228 0.53099 0.945204 0.513628 0.673571 0.121708 0.332638 0.274455 0.570345 0.660121 0.282081 0.146587 0.11381 0.665282 0.0637549 0.479278 0.648771 0.138012 0.686941 0.0329391 0.905607 0.226411 0.569936 0.261257 0.180812 0.374207 0.474714 0.250482 0.843192 0.845705 0.722668 0.442023 0.548487 0.626633 0.499736 0.737603 0.456653 0.616757 0.6653 0.440292 
0.0134061 0.025915 0.271174 0.783233 0.94273 0.11725 0.745659 0.978419 0.746732 0.495573 0.117519 0.782644 0.0325657 0.106818 0.238402 0.32038 0.929831 0.471238 0.468106 0.814662 0.2416 0.624772 0.527683 0.60416 0.265327 0.432473 0.507002 0.399356 0.287482 0.921313 0.411846 0.210177 0.92538 0.417026 0.139713 0.0997298 0.919699 0.297833 0.950118 0.337368 0.386301 0.911914 0.677968 0.777588 0.695292 0.933114 0.386168 0.162773 0.259275 0.150977 0.719325 0.552015 0.440675 0.808496 0.560843 0.6481 0.396372 0.637864 0.124336 0.432067 0.495221 0.417783 0.352416 0.679696 
0.326098 0.196543 0.461241 0.149291 0.720096 0.584437 0.429578 0.0471533 0.548305 0.12653 0.578694 0.170405 0.0524507 0.471491 0.226206 0.812278 0.137914 0.0867673 0.426175 0.693588 0.511732 0.478257 0.341384 0.924731 0.911757 0.707902 0.873178 0.54892 0.971339 0.771751 0.558139 0.716733 0.381397 0.484065 0.689099 0.847653 0.350539 0.80877 0.305811 0.73957 0.408545 0.970336 0.70059 0.12926 0.950709 0.425873 0.387971 0.993991 0.645484 0.0270303 0.690503 0.0632513 0.38661 0.208899 0.873762 0.684238 0.884577 0.734288 0.881372 0.74366 0.0415728 0.883825 0.222108 0.592963 
0.879959 0.775371 0.103616 0.0339651 0.489376 0.638072 0.727249 0.57776 0.937735 0.313464 0.0712437 0.121934 0.987879 0.432995 0.705715 0.517517 0.382285 0.431908 0.333168 0.546565 0.975751 0.836674 0.735539 0.19897 0.140287 0.308757 0.589626 0.446114 0.594653 0.450969 0.179393 0.629553 0.984787 0.642813 0.420241 0.731301 0.342139 0.726774 0.273376 0.00472373 0.761808 0.401685 0.596807 0.285409 0.863089 0.128209 0.0182775 0.922589 0.407453 0.818339 0.969879 0.882538 0.539953 0.890076 0.712472 0.272558 0.661547 0.532456 0.980143 0.668023 0.672462 0.561103 0.196186 0.169173 
0.974741 0.208521 0.529373 0.0410293 0.930732 0.471168 0.118612 0.583151 0.866182 0.336603 0.0985966 0.327455 0.932985 0.370979 0.335707 0.313488 0.995337 0.143508 0.421966 0.498907 0.225817 0.483897 0.655671 0.0727495 0.678216 0.515467 0.629397 0.717356 0.475733 0.6662 0.386666 0.60693 0.197687 0.819129 0.437485 0.235352 0.97168 0.886616 0.972352 0.379112 0.842938 0.964381 0.207523 0.148068 0.979474 0.410625 0.817773 0.504166 0.866662 0.777274 0.324667 0.0377607 0.717419 0.32861 0.119878 0.113979 0.456573 0.140638 0.994948 0.866369 0.74327 0.60683 0.896169 0.308063 
0.682574 0.406058 0.32572 0.931749 0.527966 0.410777 0.476418 0.309782 0.876939 0.35236 0.451221 0.308609 0.585636 0.320616 0.774847 0.774069 0.56191 0.126314 0.853737 0.768388 0.44253 0.886662 0.910736 0.107815 0.111034 0.412655 0.737321 0.951573 0.654737 0.885129 0.536534 0.0745164 0.967312 0.3768 0.0840481 0.87412 0.481718 0.88117 0.847818 0.332425 0.172914 0.813242 0.28228 0.00991305 0.606954 0.0808438 0.877504 0.795991 0.69417 0.559767 0.865267 0.391193 0.771828 0.061273 0.981596 0.495629 0.867476 0.21964 0.00990619 0.686487 0.189086 0.34826 0.917131 0.420695 
0.948889 0.540255 0.0152393 0.375492 0.905494 0.0177051 0.383592 0.343813 0.459518 0.313267 0.647296 0.755497 0.431649 0.848164 0.982503 0.86008 0.908238 0.249681 0.416232 0.318827 0.379941 0.632702 0.862385 0.407698 0.811806 0.594399 0.556245 0.00242272 0.666406 0.651095 0.809938 0.42104 0.147327 0.493116 0.0905503 0.567586 0.566923 0.608858 0.8783 0.725799 0.716279 0.572166 0.118261 0.766183 0.797885 0.976998 0.264466 0.203232 0.0731161 0.0860744 0.327759 0.904332 0.174962 0.103445 0.669412 0.455517 0.0260087 0.266664 0.701328 0.555493 0.87004 0.355373 0.426705 0.479118 
0.271368 0.253877 0.893455 0.609231 0.248154 0.464692 0.564668 0.989943 0.176662 0.622203 0.139001 0.767764 0.0704064 0.864875 0.70191 0.648197 0.808583 0.295015 0.583708 0.572067 0.843487 0.520614 0.0408525 0.910178 0.3235 0.703129 0.82478 0.758241 0.684236 0.227323 0.393548 0.753763 0.993547 0.866689 0.393814 0.713784 0.155125 0.359227 0.527583 0.945244 0.627435 0.729374 0.846606 0.00217605 0.115591 0.0712085 0.649075 0.994705 0.795123 0.548885 0.781355 0.379563 0.0498103 0.439597 0.622225 0.511689 0.483324 0.19321 0.425485 0.0886684 0.92173 0.982751 0.683199 0.613365 
0.748091 0.797685 0.0172031 0.230632 0.839054 0.663195 0.218859 0.181388 0.32789 0.497412 0.0118378 0.54796 0.659323 0.860376 0.961224 0.525845 0.659001 0.249424 0.0818226 0.0498968 0.264337 0.915485 0.48264 0.285299 0.547484 0.886492 0.0159493 0.890313 0.240541 0.814877 0.671611 0.658643 0.763144 0.72452 0.801508 0.468003 0.764208 0.210505 0.30668 0.0705919 0.707207 0.131477 0.251325 0.0784644 0.662977 0.859449 0.847993 0.255833 0.090283 0.233475 0.99955 0.941538 0.665247 0.420997 0.402772 0.375782 0.482453 0.280236 0.0778301 0.576385 0.856078 0.314928 0.582045 0.754937 
0.317843 0.0684577 0.315229 0.0061033 0.0239721 0.772373 0.402687 0.913579 0.989364 0.616551 0.0615243 0.381902 0.0525227 0.109622 0.834472 0.621334 0.915509 0.0617783 0.408282 0.716468 0.0710148 0.106621 0.357479 0.94157 0.81244 0.615949 0.382954 0.123019 0.167313 0.655833 0.119502 0.202117 0.0872109 0.218774 0.474181 0.316464 0.697822 0.905837 0.544903 0.200479 0.444103 0.68664 0.351847 0.481303 0.859375 0.730031 0.0789237 0.0470051 0.936019 0.757468 0.910669 0.162981 0.69668 0.575992 0.365175 0.164467 0.375007 0.515796 0.169634 0.963294 0.859568 0.0622453 0.30736 0.287681 
0.0924212 0.144252 0.612033 0.781123 0.0117153 0.977484 0.808113 0.478557 0.644078 0.554099 0.995212 0.452194 0.642577 0.664219 0.703348 0.440335 0.350251 0.210222 0.566192 0.679835 0.105112 0.899113 0.415155 0.254459 0.509266 0.0533359 0.178271 0.337284 0.468918 0.111665 0.599873 0.244819 0.0626042 0.692255 0.285722 0.684101 0.633712 0.00312409 0.23312 0.26262 0.384404 0.744384 0.518189 0.349756 0.968915 0.123895 0.390625 0.951809 0.150868 0.446564 0.959401 0.690265 0.682821 0.414581 0.0452635 0.1884 0.449069 0.00355052 0.639418 0.51657 0.924101 0.371625 0.881711 0.638413 
0.256601 0.616655 0.659798 0.291215 0.453723 0.461298 0.797585 0.438294 0.7188 0.77118 0.126498 0.187792 0.72774 0.256152 0.58642 0.219881 0.165954 0.814767 0.275292 0.67755 0.975214 0.540796 0.559328 0.0334625 0.332412 0.983707 0.649673 0.200514 0.0619214 0.417968 0.600395 0.16045 0.798829 0.626698 0.246167 0.95236 0.456582 0.733658 0.815543 0.470799 0.903464 0.499588 0.590346 0.927561 0.781482 0.127036 0.471609 0.784306 0.378069 0.441042 0.336518 0.569806 0.950227 0.657574 0.684177 0.31649 0.149858 0.773211 0.05501 0.462213 0.99009 0.05997 0.722119 0.0227257 
0.132229 0.855409 0.501428 0.468765 0.959934 0.406466 0.96086 0.0358069 0.564374 0.100754 0.0639119 0.652331 0.467792 0.782306 0.862108 0.156128 0.770618 0.815402 0.683179 0.38015 0.00725795 0.131642 0.262204 0.376682 0.246907 0.0580138 0.901859 0.117568 0.580313 0.643846 0.228246 0.404949 0.47384 0.615732 0.363688 0.974513 0.826551 0.253195 0.372783 0.423938 0.901987 0.936339 0.434384 0.69903 0.00180311 0.0636119 0.271549 0.659835 0.0403529 0.469349 0.380305 0.718624 0.833304 0.221127 0.0298658 0.364263 0.564286 0.633764 0.902045 0.515468 0.372374 0.101763 0.746418 0.0779364 
0.369724 0.476417 0.428887 0.791835 0.882137 0.0585586 0.62645 0.301921 0.313003 0.934064 0.489188 0.351157 0.898091 0.720333 0.612951 0.590761 0.521486 0.785912 0.935921 0.133961 0.0820303 0.770861 0.167242 0.0882707 0.375087 0.852324 0.458652 0.151878 0.201028 0.613376 0.532574 0.0910516 0.27566 0.839041 0.147201 0.974027 0.510248 0.119613 0.543131 0.446427 0.138833 0.840459 0.232286 0.0498907 0.979479 0.0651029 0.845404 0.519284 0.730243 0.0705554 0.465327 0.0429201 0.507846 0.453435 0.600624 0.154211 0.259818 0.00320297 0.0152963 0.370429 0.475177 0.426304 0.147312 0.448269 
0.25371 0.49713 0.858212 0.72758 0.973018 0.70966 0.903794 0.859216 0.454724 0.578152 0.752049 0.612512 0.592952 0.303868 0.663126 0.231228 0.348028 0.716946 0.3256 0.423795 0.322891 0.063064 0.0520066 0.958741 0.985196 0.00567604 0.114243 0.760883 0.860507 0.450195 0.899685 0.881044 0.225141 0.0100624 0.016164 0.801546 0.754446 0.840727 0.854036 0.467068 0.35294 0.800682 0.156128 0.158051 0.741034 0.902105 0.137973 0.971148 0.486186 0.0436443 0.627093 0.806449 0.331562 0.298186 0.415819 0.50784 0.989104 0.98166 0.207534 0.0648114 0.742098 0.351774 0.226563 0.392773 
0.147448 0.0915368 0.839034 0.791797 0.850596 0.0418843 0.223104 0.92899 0.535393 0.516902 0.830631 0.142921 0.691428 0.555103 0.331098 0.734247 0.194754 0.261348 0.151175 0.947568 0.490352 0.846128 0.238297 0.0652465 0.788471 0.407769 0.924625 0.362329 0.66128 0.842533 0.121693 0.596781 0.91838 0.429058 0.935455 0.805854 0.648952 0.195444 0.270069 0.248194 0.522469 0.784419 0.275536 0.203355 0.655074 0.600096 0.269607 0.869257 0.459294 0.53219 0.850529 0.800891 0.11139 0.459205 0.364897 0.437449 0.0678461 0.631427 0.477447 0.356048 0.686449 0.976318 0.138873 0.716185 
0.327785 0.323968 0.69294 0.968012 0.172254 0.574746 0.0926193 0.567847 0.436138 0.0942413 0.402608 0.847251 0.842695 0.316937 0.418235 0.145092 0.737806 0.444967 0.716247 0.943501 0.875456 0.6121 0.00196346 0.444413 0.152372 0.108319 0.569253 0.344439 0.236253 0.820048 0.222053 0.523995 0.156044 0.527398 0.582189 0.309535 0.652394 0.150607 0.691812 0.830842 0.882019 0.460189 0.0958142 0.801191 0.0180717 0.227552 0.941022 0.715921 0.544127 0.585629 0.484025 0.846756 0.0963322 0.264651 0.558775 0.000515032 0.364336 0.348659 0.962861 0.940012 0.238709 0.30102 0.99326 0.251928 
0.880141 0.141274 0.831701 0.268533 0.593437 0.883335 0.985971 0.299978 0.751249 0.186267 0.203274 0.753307 0.960303 0.226244 0.768412 0.540279 0.381089 0.559003 0.525264 0.73057 0.851414 0.993407 0.629743 0.248199 0.649169 0.700171 0.363376 0.360187 0.447744 0.407345 0.912683 0.400862 0.144488 0.371814 0.918209 0.16458 0.42768 0.584474 0.716174 0.187168 0.816206 0.19446 0.981787 0.521955 0.382318 0.530653 0.215295 0.883774 0.541674 0.164208 0.617746 0.233723 0.860021 0.944488 0.336853 0.676039 0.205542 0.044726 0.901704 0.00143388 0.521816 0.890104 0.975396 0.498372 
0.802568 0.0228056 0.348476 0.962281 0.45373 0.920481 0.831755 0.0497122 0.129543 0.511705 0.712488 0.645861 0.348532 0.811971 0.0207901 0.842374 0.698433 0.230589 0.204007 0.594052 0.905904 0.89893 0.900458 0.418978 0.977128 0.810797 0.0453251 0.516023 0.524795 0.873486 0.715619 0.0142977 0.771208 0.648607 0.28245 0.00851873 0.610933 0.653591 0.445584 0.0453775 0.947477 0.274489 0.227953 0.769963 0.628802 0.183361 0.231596 0.837043 0.427995 0.0649518 0.0178074 0.326589 0.736238 0.198451 0.0884843 0.238098 0.915833 0.620612 0.437553 0.37344 0.438822 0.506075 0.182322 0.900506 
0.471825 0.522609 0.780282 0.413353 0.275436 0.808919 0.180529 0.885475 0.271128 0.579849 0.029158 0.128732 0.233791 0.19778 0.820183 0.569784 0.769342 0.696609 0.093729 0.451211 0.952128 0.201866 0.534169 0.0356359 0.927317 0.401692 0.195692 0.661771 0.82606 0.851521 0.489396 0.0537501 0.436562 0.356458 0.0832348 0.93264 0.770105 0.43292 0.108515 0.504283 0.0930081 0.188628 0.363531 0.904092 0.482559 0.042573 0.324064 0.468781 0.469776 0.847013 0.646003 0.5979 0.495251 0.951038 0.00768016 0.104285 0.0210711 0.329498 0.445694 0.862503 0.0361834 0.0254253 0.153364 0.511753 
0.382322 0.261373 0.754852 0.864774 0.55277 0.546401 0.0341338 0.00010892 0.295353 0.344974 0.796612 0.168948 0.214008 0.62788 0.543147 0.238219 0.952737 0.387446 0.968092 0.150462 0.518114 0.0655475 0.769485 0.90437 0.51152 0.192294 0.381023 0.864711 0.961296 0.41237 0.468522 0.962295 0.690442 0.559972 0.626067 0.666267 0.0224505 0.696342 0.144236 0.706873 0.658672 0.87994 0.650751 0.268189 0.283247 0.0809286 0.376608 0.99622 0.547967 0.0975333 0.806339 0.895946 0.870619 0.954923 0.735286 0.840299 0.434754 0.107359 0.563507 0.994803 0.0377025 0.136041 0.644833 0.990658 
0.415129 0.346192 0.885393 0.486313 0.818183 0.343091 0.173971 0.576179 0.520429 0.885846 0.685015 0.817152 0.674885 0.809074 0.00846766 0.516459 0.247847 0.260375 0.847515 0.0273628 0.22632 0.555897 0.265908 0.152393 0.25243 0.902825 0.89778 0.335227 0.577054 0.869019 0.000483624 0.802585 0.558084 0.811295 0.900063 0.212287 0.203253 0.525232 0.310687 0.539257 0.332826 0.351531 0.147927 0.65457 0.406429 0.0766001 0.077569 0.0277948 0.0279226 0.776843 0.0832522 0.702436 0.425129 0.870569 0.173143 0.789359 0.0575275 0.205771 0.556543 0.559938 0.303544 0.893743 0.27597 0.145329 
0.42324 0.0619738 0.796047 0.685845 0.618848 0.364438 0.385715 0.637307 0.592652 0.302178 0.0400181 0.878063 0.154056 0.194257 0.568087 0.41064 0.250593 0.294634 0.487846 0.0719368 0.0778533 0.193881 0.581248 0.27665 0.502916 0.166016 0.854569 0.584709 0.195251 0.368014 0.363387 0.061606 0.712778 0.379533 0.338845 0.0415881 0.15086 0.338104 0.156587 0.648076 0.769315 0.113325 0.981821 0.883368 0.855209 0.361262 0.618748 0.0423806 0.0587039 0.645072 0.942239 0.0650524 0.276327 0.445921 0.750673 0.0459046 0.0314225 0.02425 0.279014 0.437478 0.370013 0.813759 0.593735 0.921485 
0.536109 0.900106 0.345102 0.312808 0.432687 0.168694 0.511502 0.775266 0.799693 0.803703 0.268555 0.921073 0.377188 0.237293 0.332492 0.0930268 0.239483 0.345198 0.00253297 0.697212 0.823962 0.92078 0.172758 0.419283 0.748141 0.363243 0.466035 0.791028 0.0731324 0.681394 0.797007 0.731391 0.0807756 0.310194 0.283042 0.545437 0.613964 0.103039 0.0525348 0.0726882 0.926304 0.581078 0.232799 0.961217 0.464655 0.758531 0.784526 0.941953 0.112284 0.418551 0.791721 0.139142 0.339201 0.631857 0.31609 0.721344 0.0293512 0.386521 0.0631952 0.908738 0.864499 0.294137 0.398409 0.680836 
0.526624 0.134238 0.0468427 0.636849 0.345029 0.0874153 0.79349 0.944062 0.711496 0.358824 0.208752 0.184533 0.0200107 0.485676 0.114289 0.906644 0.698038 0.691431 0.0454851 0.592047 0.475916 0.258107 0.305946 0.845373 0.89975 0.644413 0.719575 0.894771 0.376403 0.0809894 0.126069 0.513733 0.710319 0.662018 0.0748016 0.473354 0.581384 0.00418864 0.655893 0.160467 0.922179 0.330165 0.319838 0.984178 0.178091 0.756727 0.597519 0.162913 0.0153536 0.319082 0.750334 0.354931 0.187428 0.33479 0.829401 0.62567 0.602191 0.254861 0.0712381 0.320544 0.745789 0.761612 0.976374 0.884492 
0.591467 0.573365 0.700581 0.877269 0.193936 0.36431 0.0648614 0.28446 0.851404 0.691982 0.969309 0.238742 0.540304 0.981494 0.696541 0.697383 0.719151 0.493068 0.489385 0.149315 0.270163 0.0780832 0.823867 0.949414 0.467793 0.278033 0.0815134 0.990751 0.0370988 0.558432 0.725386 0.567283 0.105882 0.701342 0.921054 0.608304 0.566355 0.0256867 0.082483 0.0852849 0.204213 0.454608 0.209076 0.29568 0.910359 0.26588 0.107497 0.414067 0.198543 0.0707193 0.616251 0.663593 0.843948 0.504866 0.355849 0.622138 0.160518 0.174409 0.631289 0.454029 0.979524 0.433916 0.481194 0.976813 
0.840616 0.221184 0.283965 0.176073 0.763909 0.140093 0.974475 0.712615 0.587566 0.557004 0.963391 0.0909455 0.826473 0.684582 0.959085 0.634423 0.993556 0.403605 0.366657 0.818593 0.0620743 0.942995 0.851325 0.513849 0.986871 0.867666 0.433827 0.54164 0.8199 0.632579 0.424414 0.119447 0.317375 0.794378 0.932813 0.871997 0.865148 0.475978 0.823115 0.255299 0.862332 0.331157 0.491536 0.173379 0.75546 0.452084 0.438751 0.273767 0.240738 0.615406 0.926438 0.51106 0.71525 0.608068 0.228112 0.758027 0.353614 0.122263 0.0225847 0.912364 0.413582 0.684464 0.140058 0.742546 
0.691733 0.334906 0.225127 0.817533 0.388219 0.125942 0.268778 0.586125 0.418354 0.866677 0.315855 0.686417 0.261135 0.62276 0.366666 0.924184 0.413408 0.2238 0.84936 0.989927 0.828115 0.786009 0.536952 0.859931 0.960294 0.0957993 0.31588 0.467712 0.147762 0.311165 0.608216 0.634683 0.740076 0.00926694 0.0502521 0.391502 0.933486 0.0413461 0.535873 0.998266 0.572993 0.118535 0.41583 0.147551 0.147877 0.621345 0.150636 0.835893 0.011848 0.032756 0.207419 0.576827 0.904123 0.867701 0.869681 0.470221 0.541655 0.926772 0.864642 0.359431 0.65613 0.60635 0.611669 0.999018 
0.224431 0.0931917 0.356717 0.519103 0.230976 0.50285 0.654958 0.142188 0.927413 0.724854 0.0443863 0.585614 0.72647 0.795544 0.398079 0.0603893 0.107837 0.93849 0.163055 0.681992 0.685079 0.915516 0.564065 0.0475639 0.0421443 0.508038 0.0305002 0.624794 0.89861 0.299195 0.137256 0.407149 0.922447 0.967331 0.548306 0.651709 0.140016 0.717693 0.498353 0.905543 0.770451 0.683039 0.893119 0.638573 0.175548 0.440607 0.849254 0.969927 0.673917 0.47072 0.769352 0.353986 0.959664 0.879978 0.972938 0.688074 0.102102 0.840012 0.758766 0.0190147 0.806663 0.578093 0.091734 0.581232 
0.385138 0.212536 0.00202903 0.247751 0.105017 0.073613 0.366087 0.390708 0.786077 0.319884 0.745391 0.841908 0.771607 0.723769 0.127549 0.946906 0.728609 0.474232 0.395719 0.535662 0.782169 0.994291 0.225243 0.471887 0.0103492 0.25021 0.273586 0.275308 0.923422 0.196716 0.237581 0.0226203 0.641746 0.201238 0.582117 0.437996 0.635642 0.0625556 0.951411 0.196449 0.698543 0.739846 0.431974 0.761935 0.734757 0.195085 0.0255611 0.946996 0.895292 0.936903 0.747328 0.691149 0.275746 0.735781 0.88191 0.361901 0.253149 0.801111 0.915196 0.757497 0.255822 0.0218954 0.600038 0.58881 
0.748387 0.967872 0.826046 0.113452 0.297243 0.981029 0.0479875 0.00349185 0.443759 0.287382 0.467055 0.61863 0.0898124 0.778685 0.445865 0.207024 0.182344 0.354873 0.0792966 0.882247 0.516675 0.969515 0.771037 0.139669 0.401464 0.518582 0.496089 0.619259 0.691836 0.832365 0.00807662 0.289237 0.248403 0.582446 0.483974 0.709284 0.893203 0.824866 0.475449 0.312043 0.0130981 0.635896 0.882134 0.518743 0.140893 0.232754 0.836802 0.995378 0.474618 0.443776 0.578462 0.567041 0.877353 0.679126 0.576028 0.0139703 0.803247 0.822609 0.573178 0.68969 0.234062 0.456844 0.151823 0.462034 
0.837828 0.63245 0.297927 0.00680016 0.656108 0.191638 0.635259 0.453724 0.210736 0.100939 0.262104 0.0588646 0.0812352 0.147052 0.864676 0.283843 0.57778 0.305011 0.747018 0.0480527 0.0621889 0.00521776 0.591863 0.888948 0.724351 0.660096 0.580596 0.466323 0.833801 0.999295 0.676479 0.521306 0.760847 0.997976 0.655083 0.930674 0.572555 0.186684 0.486679 0.367267 0.336463 0.247995 0.357307 0.231034 0.491241 0.620955 0.993673 0.439309 0.541171 0.625667 0.517405 0.53786 0.91747 0.058261 0.853683 0.377752 0.352494 0.448873 0.126005 0.119529 0.0537191 0.305139 0.210696 0.285023 
0.241544 0.268409 0.0975106 0.00323983 0.720355 0.423183 0.204368 0.22025 0.597446 0.873932 0.75192 0.715343 0.334192 0.322444 0.833867 0.0430653 0.736962 0.447666 0.998181 0.466947 0.564237 0.839062 0.547008 0.182016 0.725999 0.778188 0.270348 0.621104 0.0192001 0.75423 0.326927 0.961737 0.323797 0.789893 0.0254659 0.516873 0.97282 0.663437 0.0687394 0.63213 0.504806 0.000663534 0.997665 0.0970099 0.939522 0.365148 0.013626 0.0403849 0.247518 0.0534856 0.210454 0.522592 0.0216483 0.500135 0.172468 0.762403 0.958393 0.327999 0.180004 0.923085 0.513623 0.200369 0.223793 0.193072 
0.671077 0.967399 0.962846 0.735245 0.745821 0.350166 0.473375 0.557907 0.772693 0.719866 0.633004 0.594331 0.995966 0.589078 0.592555 0.817019 0.47087 0.427992 0.0109153 0.231141 0.556461 0.411896 0.441485 0.736118 0.0664156 0.374143 0.0186856 0.0558393 0.745106 0.0731485 0.503187 0.0686056 0.754057 0.811406 0.898441 0.835494 0.225739 0.0368419 0.00101014 0.431425 0.518127 0.764628 0.28441 0.129151 0.0728465 0.756966 0.452517 0.312868 0.303701 0.044221 0.0703145 0.81374 0.76432 0.020193 0.758476 0.710418 0.965408 0.727062 0.328609 0.451302 0.713712 0.300646 0.450217 0.587536 
0.149512 0.867738 0.292492 0.720362 0.936762 0.24087 0.417712 0.586239 0.0642481 0.462313 0.142261 0.539981 0.956229 0.34558 0.959078 0.471123 0.426279 0.0722441 0.0819326 0.30427 0.729184 0.658164 0.48891 0.259867 0.133013 0.553317 0.401974 0.815068 0.192695 0.901258 0.668498 0.819202 0.515939 0.0853406 0.797665 0.201409 0.681902 0.659763 0.648121 0.283327 0.471589 0.984209 0.170666 0.996509 0.338131 0.81255 0.494166 0.345551 0.406653 0.0272765 0.234852 0.598725 0.89171 0.784567 0.393897 0.607464 0.68774 0.439416 0.357246 0.572663 0.240326 0.851755 0.432328 0.538965 
0.134119 0.861286 0.801581 0.950227 0.189021 0.637141 0.0124202 0.0559321 0.263002 0.300568 0.0383505 0.505536 0.346971 0.0228882 0.152219 0.401672 0.0342691 0.930551 0.0639264 0.522248 0.00166125 0.33277 0.700686 0.816868 0.413936 0.444009 0.98069 0.841079 0.813001 0.862172 0.777193 0.175708 0.444369 0.651809 0.718185 0.0777386 0.785357 0.9364 0.228264 0.312304 0.893881 0.844113 0.178121 0.0277489 0.749038 0.472467 0.863288 0.785424 0.38654 0.137578 0.36657 0.238316 0.56081 0.492556 0.485392 0.180714 0.880405 0.366537 0.948333 0.124014 0.13297 0.582052 0.857346 0.748265 
0.367092 0.152618 0.313344 0.0195953 0.178257 0.194355 0.560181 0.186523 0.221957 0.110285 0.302411 0.531143 0.117352 0.426621 0.592992 0.472449 0.0534716 0.442457 0.103339 0.773181 0.0537887 0.361265 0.130539 0.590515 0.383847 0.121348 0.227761 0.13218 0.823404 0.137105 0.283833 0.377608 0.0743084 0.614254 0.244126 0.936025 0.654818 0.93439 0.434483 0.537612 0.535382 0.975821 0.121658 0.731141 0.202748 0.674324 0.689187 0.069661 0.493601 0.73092 0.685056 0.273449 0.890984 0.455189 0.741381 0.906324 0.441507 0.850081 0.531226 0.472056 0.177849 0.82824 0.473472 0.927472 
0.427562 0.843141 0.805942 0.276039 0.372366 0.877598 0.675727 0.67963 0.99868 0.301152 0.873098 0.677849 0.258568 0.209839 0.578198 0.22771 0.782582 0.629705 0.596495 0.890962 0.524522 0.29862 0.288836 0.602453 0.371518 0.868371 0.700372 0.41275 0.850591 0.206141 0.208626 0.339752 0.816035 0.817235 0.465559 0.704433 0.412232 0.946195 0.665799 0.341785 0.880603 0.429832 0.00722415 0.0559285 0.594262 0.681409 0.873608 0.835372 0.795697 0.677706 0.608837 0.476826 0.834721 0.395257 0.0685144 0.226434 0.0944721 0.755786 0.566462 0.0582015 0.879215 0.726099 0.0695347 0.478201 
0.53454 0.857251 0.0336628 0.229899 0.557126 0.162899 0.667281 0.224947 0.93422 0.333675 0.866249 0.181172 0.32002 0.259153 0.885529 0.668535 0.586765 0.426842 0.475796 0.797063 0.902899 0.462854 0.228791 0.0129072 0.568749 0.414538 0.717871 0.344435 0.485171 0.788889 0.99014 0.399102 0.817495 0.0115979 0.216418 0.162924 0.761141 0.292676 0.816867 0.260485 0.0112273 0.465366 0.820541 0.488504 0.635269 0.973896 0.551551 0.592559 0.446787 0.94556 0.942402 0.657783 0.331107 0.66424 0.450843 0.894091 0.551436 0.518932 0.873692 0.719678 0.163759 0.96913 0.50844 0.593797 
0.0672216 0.249845 0.135925 0.541794 0.264792 0.353022 0.10548 0.921405 0.132049 0.449015 0.630389 0.0575847 0.0643558 0.873194 0.0185206 0.594542 0.800856 0.680394 0.869178 0.0566232 0.963669 0.542676 0.90954 0.926459 0.773258 0.969669 0.455022 0.139593 0.22769 0.641341 0.617679 0.774385 0.467164 0.953887 0.436439 0.517694 0.611741 0.705579 0.58702 0.460766 0.638186 0.844104 0.487643 0.533533 0.188497 0.0286675 0.396831 0.644123 0.0435805 0.526106 0.423129 0.367028 0.8383 0.0418146 0.582574 0.8041 0.734644 0.790672 0.147037 0.528523 0.0929766 0.22784 0.157211 0.932199 
0.0485602 0.853212 0.166734 0.205219 0.852777 0.715379 0.4476 0.244737 0.833104 0.435553 0.887124 0.164814 0.618863 0.379806 0.501245 0.993193 0.427332 0.4618 0.187666 0.32076 0.749291 0.773918 0.0608633 0.998686 0.295562 0.677231 0.571065 0.813416 0.906023 0.819162 0.154178 0.973585 0.725304 0.52408 0.347352 0.544106 0.755011 0.314041 0.754455 0.841543 0.870043 0.467331 0.475664 0.32538 0.148337 0.459494 0.0874449 0.965642 0.606295 0.179013 0.497742 0.800513 0.361255 0.86106 0.0280554 0.0616967 0.0486694 0.671704 0.443032 0.901917 0.189189 0.0970916 0.863502 0.108154 
0.471015 0.424807 0.0415292 0.205772 0.841083 0.567553 0.363588 0.992644 0.0244313 0.607685 0.363752 0.710175 0.66011 0.52505 0.410123 0.104611 0.308337 0.561893 0.250152 0.421212 0.649343 0.847324 0.57735 0.830994 0.0189619 0.983353 0.505813 0.986264 0.0808245 0.731154 0.874917 0.643334 0.595589 0.775086 0.707852 0.857012 0.930958 0.713121 0.551874 0.719701 0.90016 0.313365 0.550674 0.590186 0.759947 0.932563 0.148263 0.76362 0.445782 0.580992 0.607602 0.339974 0.0147472 0.583179 0.958563 0.150485 0.926786 0.196434 0.851802 0.792163 0.623877 0.789947 0.911169 0.639514 
0.891372 0.112344 0.0352434 0.117135 0.258709 0.73952 0.373116 0.609339 0.0893486 0.152335 0.202772 0.964735 0.909111 0.27551 0.414868 0.970524 0.28466 0.790456 0.614477 0.690322 0.905381 0.248435 0.855929 0.73807 0.918105 0.817779 0.0825794 0.807976 0.411166 0.541735 0.497433 0.425705 0.161523 0.424044 0.622741 0.646338 0.246986 0.543532 0.44262 0.717237 0.484204 0.266132 0.551605 0.339451 0.588116 0.675341 0.610556 0.53394 0.834528 0.795374 0.874036 0.0659885 0.0906229 0.694091 0.543718 0.769021 0.779386 0.27131 0.0252508 0.908085 0.364513 0.854115 0.373558 0.977386 
0.781129 0.501224 0.0979451 0.856037 0.677122 0.611864 0.358489 0.822761 0.207104 0.971971 0.618315 0.489956 0.0585469 0.893721 0.0806504 0.592008 0.861456 0.279513 0.83014 0.183465 0.43799 0.292967 0.0745682 0.510665 0.660142 0.0344984 0.651854 0.717997 0.0937461 0.708447 0.76906 0.307946 0.284634 0.0432309 0.148197 0.636093 0.319225 0.570564 0.547487 0.633886 0.641101 0.267518 0.703217 0.10701 0.00920036 0.825388 0.883937 0.147166 0.586896 0.591212 0.569836 0.998865 0.641225 0.0470801 0.980103 0.769098 0.304495 0.273773 0.177407 0.66063 0.63486 0.319023 0.550215 0.00011236 
0.156876 0.298021 0.123872 0.191528 0.0367354 0.43771 0.210713 0.321261 0.377535 0.526265 0.47098 0.397891 0.920005 0.746373 0.568534 0.657287 0.833662 0.663911 0.900604 0.737045 0.737902 0.103964 0.175889 0.465686 0.0989342 0.0505109 0.907477 0.809492 0.435009 0.476138 0.864213 0.276179 0.906718 0.872474 0.919934 0.892899 0.491248 0.703167 0.336084 0.946778 0.992715 0.238735 0.415952 0.0720878 0.622803 0.597769 0.784061 0.526124 0.958544 0.844035 0.302999 0.0773516 0.314808 0.557067 0.794228 0.938756 0.952614 0.0856477 0.545538 0.0759921 0.261246 0.902048 0.426446 0.446194 
0.523938 0.333709 0.877236 0.0694254 0.979737 0.491556 0.916714 0.0805641 0.175874 0.195429 0.0103423 0.398212 0.408766 0.6301 0.741691 0.232595 0.559602 0.0796812 0.0702292 0.550381 0.125717 0.66199 0.347062 0.418581 0.322002 0.911816 0.901004 0.962608 0.0485804 0.0295845 0.662286 0.553458 0.500277 0.990349 0.570818 0.473752 0.518657 0.235623 0.851307 0.131053 0.402028 0.262327 0.0788122 0.439149 0.312224 0.0767764 0.461034 0.823859 0.834367 0.381933 0.235682 0.966759 0.408705 0.862495 0.283095 0.927484 0.546371 0.650017 0.398499 0.192225 0.54245 0.502092 0.499267 0.674332 
0.125174 0.884848 0.122554 0.355397 0.100222 0.616498 0.60745 0.0759516 0.722352 0.889455 0.9784 0.444953 0.0515041 0.202168 0.580045 0.432069 0.0657189 0.756358 0.0292662 0.754183 0.961799 0.697777 0.545846 0.0925941 0.378347 0.106779 0.606378 0.574632 0.525561 0.321807 0.399054 0.86677 0.526538 0.247969 0.183384 0.736719 0.316522 0.191676 0.391151 0.351135 0.448198 0.440429 0.14097 0.0632776 0.282488 0.345951 0.786103 0.517344 0.212586 0.401517 0.404449 0.371328 0.546475 0.757595 0.913207 0.620656 0.268768 0.511986 0.996392 0.566142 0.546392 0.415614 0.488958 0.81912 
0.7231 0.842002 0.944686 0.594997 0.813997 0.0765187 0.446196 0.0925563 0.543099 0.0315785 0.0280997 0.18845 0.497919 0.354066 0.689362 0.813799 0.961973 0.600129 0.472226 0.996454 0.117046 0.355164 0.816498 0.648381 0.238269 0.670114 0.739035 0.740512 0.759948 0.634679 0.463529 0.647547 0.302944 0.137877 0.346411 0.816826 0.564591 0.0139085 0.112418 0.882744 0.133367 0.5911 0.776674 0.31861 0.619911 0.743139 0.868963 0.464274 0.539337 0.170255 0.621855 0.166365 0.0769633 0.354556 0.0151866 0.633537 0.551514 0.894405 0.557923 0.132423 0.453951 0.944278 0.49047 0.552178 
0.334962 0.893012 0.250834 0.300347 0.00867368 0.147689 0.193689 0.761718 0.863416 0.0267111 0.147966 0.359703 0.889664 0.744851 0.642716 0.283549 0.155546 0.899188 0.577275 0.614245 0.475439 0.876704 0.00998695 0.676391 0.00220896 0.235314 0.00988908 0.563527 0.295082 0.0217442 0.626337 0.59962 0.0829695 0.417787 0.533027 0.995885 0.93718 0.452684 0.750964 0.0156443 0.765151 0.104245 0.117557 0.519716 0.0780992 0.510448 0.343586 0.303389 0.666992 0.645379 0.777172 0.0168941 0.183477 0.571569 0.252172 0.502267 0.843206 0.349706 0.817286 0.25987 0.9723 0.223514 0.472579 0.524396 
0.370092 0.468722 0.316825 0.0979592 0.347744 0.52186 0.896144 0.971656 0.090311 0.418911 0.217226 0.845819 0.403581 0.0999886 0.660013 0.604821 0.894517 0.834903 0.976819 0.0957862 0.463855 0.26045 0.171277 0.0122978 0.895324 0.4244 0.908771 0.788225 0.435453 0.75757 0.249939 0.261396 0.377987 0.71594 0.744818 0.902835 0.471448 0.527903 0.731836 0.512915 0.135322 0.296173 0.260144 0.281759 0.118935 0.789789 0.979137 0.854607 0.534628 0.485319 0.0490041 0.466713 0.851256 0.76583 0.208607 0.78918 0.0898343 0.978167 0.599912 0.284866 0.357612 0.148439 0.839454 0.909795 
0.132687 0.988341 0.934298 0.731457 0.266613 0.0910457 0.0343516 0.264213 0.894612 0.504631 0.03766 0.028032 0.85125 0.895726 0.25063 0.277129 0.411497 0.946469 0.965294 0.0625584 0.780332 0.434873 0.0677011 0.0461079 0.313198 0.130864 0.169955 0.275366 0.333685 0.236757 0.893394 0.968915 0.536601 0.396485 0.0475379 0.666925 0.300717 0.5897 0.354767 0.539343 0.683574 0.0202257 0.144253 0.131533 0.325327 0.746624 0.600826 0.379207 0.0665902 0.133787 0.422147 0.707253 0.0504069 0.200047 0.8983 0.555429 0.051835 0.020062 0.813034 0.00807604 0.687884 0.00326015 0.880051 0.390206 
0.800927 0.985777 0.34364 0.233677 0.410514 0.505679 0.966686 0.189179 0.906429 0.108991 0.982352 0.959505 0.566627 0.528803 0.0304223 0.160083 0.349016 0.662205 0.227721 0.991408 0.492322 0.886854 0.099627 0.432497 0.53965 0.818406 0.197881 0.21354 0.24299 0.906806 0.646601 0.353825 0.536744 0.97336 0.548679 0.104875 0.560302 0.616982 0.48525 0.127011 0.390617 0.969239 0.755763 0.292681 0.270319 0.447092 0.940344 0.517414 0.212777 0.375017 0.57392 0.760098 0.900618 0.0293201 0.205717 0.881884 0.0295575 0.788624 0.729383 0.669873 0.138393 0.429909 0.450065 0.494301 
0.525245 0.305403 0.726556 0.242576 0.987357 0.429502 0.642571 0.82583 0.334081 0.973638 0.839948 0.925887 0.361982 0.874607 0.073146 0.583683 0.275807 0.962882 0.443968 0.992509 0.259152 0.0861009 0.802127 0.455379 0.952928 0.498294 0.314814 0.989268 0.778366 0.0232165 0.986622 0.606068 0.250649 0.974947 0.338829 0.0874116 0.496076 0.912805 0.903855 0.791579 0.780078 0.652364 0.273893 0.259105 0.00538666 0.536166 0.560313 0.542517 0.464943 0.86224 0.720571 0.578723 0.218075 0.82387 0.153152 0.517329 0.13258 0.108364 0.625293 0.27685 0.928549 0.336211 0.479061 0.849547 
0.313902 0.299631 0.0287926 0.993171 0.0468532 0.797117 0.568853 0.673084 0.481708 0.322535 0.171889 0.178521 0.167153 0.689761 0.822749 0.762892 0.734434 0.757884 0.607195 0.336613 0.703283 0.792015 0.0249918 0.784915 0.0724986 0.0983552 0.305772 0.272802 0.482593 0.214719 0.214562 0.0342952 0.833649 0.435962 0.513416 0.699396 0.540072 0.814188 0.547072 0.23863 0.167727 0.0285604 0.121154 0.548394 0.56797 0.265539 0.909163 0.513793 0.671223 0.344618 0.0991205 0.652011 0.275388 0.371852 0.656605 0.753189 0.675578 0.276887 0.383444 0.625763 0.408699 0.856663 0.610244 0.295316 
0.410272 0.0689728 0.760898 0.272443 0.716822 0.839994 0.798551 0.999963 0.355125 0.428257 0.290885 0.0209904 0.272443 0.567507 0.705717 0.954052 0.50909 0.0570795 0.814022 0.870653 0.814084 0.632401 0.90696 0.43446 0.122867 0.102972 0.819536 0.491907 0.0240944 0.385279 0.450174 0.0890474 0.897284 0.300059 0.219593 0.160816 0.312257 0.183685 0.993696 0.0936473 0.0460818 0.771742 0.928572 0.284854 0.998963 0.550996 0.776718 0.032679 0.596723 0.422927 0.0147911 0.463336 0.654816 0.163923 0.982079 0.242947 0.542131 0.808777 0.0141014 0.934876 0.346748 0.992857 0.423398 0.809821 
0.505257 0.139785 0.352355 0.00488519 0.431977 0.512862 0.885615 0.0977738 0.723151 0.749254 0.989947 0.326139 0.20144 0.697781 0.117797 0.081923 0.225565 0.807367 0.488551 0.00810475 0.15638 0.16398 0.641353 0.238003 0.857899 0.0245169 0.968077 0.464735 0.878185 0.0907546 0.199343 0.387817 0.726453 0.478765 0.599501 0.281643 0.121278 0.36958 0.774776 0.0730544 0.384112 0.0395497 0.630714 0.0166419 0.655229 0.256761 0.793437 0.987631 0.99787 0.00708126 0.0758663 0.318815 0.695664 0.0665414 0.0934389 0.131547 0.733597 0.334943 0.480861 0.732587 0.806805 0.115434 0.635779 0.879121 
0.481162 0.328326 0.242694 0.365892 0.520314 0.418976 0.715446 0.308168 0.95016 0.535628 0.92156 0.453123 0.0636757 0.281633 0.391111 0.380872 0.65914 0.454484 0.74059 0.183558 0.930811 0.925915 0.573473 0.309968 0.348697 0.886409 0.95083 0.482664 0.646566 0.909289 0.397775 0.115347 0.651964 0.0733888 0.769535 0.823719 0.503931 0.758537 0.903625 0.384368 0.69968 0.643031 0.54414 0.349422 0.679587 0.475432 0.149653 0.606369 0.884596 0.261928 0.577758 0.605218 0.270225 0.567846 0.494481 0.0826929 0.336852 0.912363 0.00388725 0.789179 0.835921 0.703762 0.899348 0.674236 
0.564308 0.215616 0.179099 0.413949 0.407093 0.784962 0.367902 0.140764 0.475829 0.782046 0.171556 0.642677 0.736562 0.0851722 0.090924 0.81031 0.353295 0.55218 0.3257 0.165808 0.120502 0.137842 0.792619 0.789984 0.938141 0.0698708 0.0159109 0.999393 0.0464492 0.0924286 0.511807 0.881696 0.9019 0.859712 0.710778 0.733896 0.811387 0.569541 0.038068 0.212906 0.455834 0.893418 0.339756 0.768273 0.26973 0.748136 0.358498 0.96382 0.394525 0.895038 0.434154 0.422577 0.104656 0.998062 0.470775 0.277025 0.433533 0.647684 0.849531 0.496802 0.0552231 0.420128 0.264961 0.696243 
0.31027 0.77819 0.0284429 0.971511 0.383237 0.369487 0.248528 0.590074 0.377953 0.0717771 0.646282 0.253326 0.923575 0.359518 0.118817 0.38335 0.877122 0.309796 0.281088 0.261464 0.0269159 0.678614 0.0339343 0.0122963 0.616489 0.688272 0.809424 0.584748 0.405071 0.264636 0.935519 0.0674687 0.0119436 0.80182 0.299234 0.412891 0.568108 0.178561 0.70141 0.11598 0.075326 0.903642 0.301435 0.945425 0.476946 0.907158 0.501431 0.414636 0.991331 0.303272 0.571083 0.439952 0.607955 0.358059 0.973122 0.647715 0.124598 0.963824 0.361355 0.365279 0.393164 0.518155 0.887546 0.982733 
0.754248 0.974216 0.290957 0.445651 0.639793 0.0673459 0.599028 0.217909 0.939712 0.991648 0.387099 0.449844 0.369549 0.428531 0.359303 0.369074 0.00981777 0.35074 0.42209 0.344771 0.440841 0.833765 0.447133 0.524095 0.942884 0.548272 0.800285 0.359075 0.966222 0.265881 0.218255 0.673352 0.849996 0.764328 0.387186 0.702926 0.0526868 0.443443 0.191832 0.266864 0.058913 0.552625 0.913727 0.137036 0.957854 0.117212 0.331617 0.698045 0.918054 0.614208 0.633072 0.558021 0.0297083 0.123863 0.921677 0.521628 0.537113 0.223011 0.371384 0.477599 0.903213 0.687482 0.830834 0.959335 
0.267759 0.815484 0.365957 0.870011 0.649708 0.50831 0.288127 0.833715 0.990436 0.304627 0.929669 0.630366 0.668292 0.875509 0.440858 0.280859 0.100165 0.213484 0.281074 0.655602 0.329336 0.164465 0.0786087 0.834797 0.771882 0.979611 0.624206 0.546019 0.202966 0.105602 0.844165 0.681827 0.307685 0.996483 0.863465 0.512024 0.276568 0.663668 0.818499 0.717928 0.954172 0.919654 0.744559 0.228378 0.616655 0.41628 0.612462 0.80395 0.459372 0.332107 0.502757 0.79067 0.416487 0.890579 0.40747 0.0652749 0.396058 0.146217 0.684787 0.898148 0.349582 0.555864 0.229031 0.492814 
0.107608 0.268518 0.981357 0.422488 0.999207 0.634663 0.783097 0.693945 0.963038 0.850337 0.401232 0.0384856 0.336555 0.031643 0.936916 0.361604 0.846573 0.014589 0.900149 0.614911 0.192965 0.165442 0.759447 0.213524 0.658549 0.279649 0.867499 0.870915 0.00145107 0.369832 0.49676 0.955084 0.967831 0.95689 0.981155 0.215531 0.773405 0.137111 0.891532 0.533343 0.633371 0.818685 0.322518 0.151657 0.611229 0.188607 0.224077 0.874621 0.0313503 0.370455 0.96077 0.0793637 0.31129 0.214581 0.0447685 0.399088 0.0227825 0.381795 0.701143 0.529903 0.855005 0.511898 0.917199 0.479506 
0.277507 0.902605 0.18019 0.133397 0.588751 0.0884492 0.752349 0.820204 0.863371 0.238116 0.731457 0.670347 0.651705 0.752589 0.974549 0.196849 0.830045 0.687086 0.0213619 0.807067 0.604399 0.385747 0.210992 0.849749 0.133832 0.314549 0.522337 0.63413 0.385198 0.943717 0.0455005 0.612503 0.346063 0.71683 0.3218 0.0239947 0.918677 0.116296 0.534212 0.548485 0.200659 0.680229 0.344117 0.206129 0.783628 0.987738 0.230427 0.0940215 0.783618 0.284999 0.55426 0.999865 0.529767 0.25288 0.539415 0.0127361 0.818718 0.595582 0.0485057 0.533401 0.866857 0.487295 0.687874 0.571456 
0.955838 0.86869 0.816267 0.566327 0.482681 0.563931 0.260731 0.0614303 0.447778 0.168197 0.325636 0.138956 0.258611 0.973097 0.712731 0.256654 0.281702 0.576881 0.49114 0.728203 0.505933 0.941253 0.05239 0.191611 0.387323 0.3709 0.49845 0.374201 0.142102 0.836382 0.987807 0.398518 0.0256204 0.803783 0.0856678 0.334641 0.865013 0.195491 0.0240885 0.0875867 0.180992 0.00106256 0.0347257 0.612734 0.602389 0.766272 0.810735 0.260241 0.309498 0.79892 0.375999 0.616965 0.275392 0.0688251 0.410553 0.190439 0.0736471 0.625756 0.765951 0.31331 0.106169 0.266337 0.845055 0.289684 
0.895453 0.988171 0.322206 0.691405 0.84079 0.232266 0.163424 0.751501 0.564257 0.361618 0.514647 0.535002 0.129959 0.343856 0.00204165 0.85764 0.900441 0.318858 0.0147142 0.159873 0.0169079 0.253535 0.129857 0.749884 0.93088 0.738738 0.0863888 0.104185 0.319888 0.819641 0.0914544 0.181401 0.962125 0.546946 0.469978 0.508023 0.861122 0.446758 0.588394 0.229047 0.340235 0.986581 0.627881 0.541446 0.0870122 0.852926 0.865575 0.114613 0.226696 0.102993 0.909426 0.025847 0.864407 0.967817 0.613879 0.850293 0.947706 0.557805 0.0158668 0.583406 0.66111 0.56455 0.260382 0.108692 
0.722207 0.256081 0.835068 0.551954 0.603961 0.497932 0.0194506 0.0770932 0.448084 0.243945 0.685467 0.654124 0.317716 0.305135 0.127138 0.485952 0.708494 0.213916 0.737892 0.847171 0.913539 0.0586019 0.0983596 0.912209 0.734814 0.708314 0.0516702 0.766264 0.931789 0.0707096 0.447133 0.982244 0.123977 0.883067 0.930316 0.769987 0.230508 0.293157 0.242703 0.673271 0.226454 0.955125 0.672813 0.954463 0.660623 0.33361 0.36928 0.903342 0.609645 0.631761 0.394214 0.702882 0.398474 0.0210335 0.426523 0.255309 0.885317 0.639048 0.47752 0.56845 0.603476 0.866637 0.296228 0.942966 
0.277943 0.969719 0.597007 0.799894 0.0528668 0.403364 0.0104537 0.687204 0.307495 0.510353 0.0768766 0.159595 0.198289 0.438807 0.00262563 0.152637 0.0890348 0.290934 0.302132 0.393096 0.975961 0.200888 0.882164 0.113623 0.445464 0.761275 0.118902 0.0830535 0.331045 0.63976 0.177318 0.462418 0.699744 0.35124 0.111809 0.990804 0.892547 0.0636441 0.56978 0.435036 0.945484 0.636174 0.124977 0.58601 0.423317 0.48874 0.585001 0.605667 0.700048 0.589021 0.217951 0.23052 0.633333 0.0466865 0.0134222 0.817301 0.84733 0.52596 0.77636 0.108529 0.860688 0.511881 0.56157 0.555173 
0.242424 0.864311 0.188787 0.586123 0.456275 0.62817 0.990984 0.524234 0.476397 0.47984 0.0896081 0.901478 0.814153 0.0953434 0.911827 0.403145 0.00596741 0.761753 0.970053 0.828618 0.863502 0.920212 0.938277 0.604569 0.0239952 0.164022 0.26337 0.695689 0.165337 0.0582439 0.865975 0.907523 0.902287 0.919546 0.868451 0.981485 0.36247 0.8238 0.414787 0.736256 0.999622 0.493425 0.418139 0.451639 0.950463 0.0311172 0.0533849 0.486096 0.338213 0.809913 0.72695 0.271795 0.884924 0.780634 0.0963771 0.166755 0.662977 0.86067 0.778528 0.659594 0.33358 0.500742 0.492073 0.39585 
0.232003 0.432466 0.894625 0.694056 0.292407 0.145063 0.909149 0.142093 0.696044 0.77602 0.165639 0.966867 0.255434 0.989698 0.85394 0.694071 0.359284 0.753631 0.472393 0.603037 0.641528 0.0232185 0.416524 0.843883 0.318676 0.803258 0.672635 0.495085 0.592041 0.18761 0.745884 0.621604 0.204116 0.190099 0.406819 0.0778854 0.541008 0.893363 0.592463 0.466384 0.710328 0.0653319 0.425405 0.972948 0.055504 0.991276 0.470625 0.539245 0.821696 0.33902 0.302667 0.282611 0.686926 0.761623 0.705231 0.59079 0.639702 0.422613 0.135899 0.936793 0.452166 0.893791 0.252544 0.351727 
0.43926 0.105901 0.988658 0.507175 0.785681 0.810368 0.364444 0.0463556 0.955819 0.927456 0.232667 0.753686 0.885982 0.307681 0.440925 0.870977 0.27848 0.0349134 0.111896 0.0219946 0.826204 0.523257 0.9428 0.444528 0.765216 0.903186 0.0864539 0.801928 0.0160011 0.362248 0.067159 0.15312 0.267306 0.999728 0.0244724 0.598427 0.0940116 0.789286 0.0931816 0.31388 0.936665 0.173689 0.913445 0.14924 0.576418 0.732847 0.302277 0.336013 0.498635 0.756553 0.136503 0.423395 0.00893958 0.951852 0.762369 0.37887 0.045737 0.132984 0.848648 0.644502 0.991324 0.929343 0.978342 0.381169 
0.408265 0.873075 0.0810277 0.992148 0.816065 0.236673 0.926 0.0367221 0.420076 0.28196 0.0998641 0.663746 0.214329 0.246416 0.28073 0.765289 0.713198 0.901405 0.906865 0.748063 0.252433 0.929548 0.638282 0.541048 0.120356 0.00674273 0.870447 0.289095 0.793141 0.913636 0.0207734 0.296092 0.720464 0.487023 0.0471649 0.246486 0.0477989 0.369887 0.026878 0.284801 0.44808 0.3645 0.200364 0.0255573 0.130861 0.597054 0.158446 0.715367 0.0263181 0.881988 0.118071 0.336211 0.759219 0.755871 0.989461 0.287497 0.916892 0.907667 0.198729 0.445367 0.962593 0.949004 0.140478 0.298722 
0.574042 0.560186 0.309855 0.60442 0.744945 0.63738 0.325439 0.55118 0.372402 0.797412 0.160566 0.601273 0.363579 0.157037 0.350407 0.903557 0.283022 0.295259 0.0164428 0.434204 0.552888 0.953998 0.0317771 0.653618 0.365824 0.464333 0.964328 0.265331 0.0310267 0.776719 0.304155 0.688482 0.290664 0.475675 0.536187 0.408894 0.896398 0.957621 0.848337 0.945367 0.62542 0.274374 0.524002 0.805028 0.0315151 0.362135 0.471909 0.467466 0.25611 0.286851 0.857115 0.700241 0.711145 0.0962638 0.567377 0.687134 0.713868 0.000499 0.536389 0.937627 0.156326 0.286743 0.70692 0.945348 
0.244229 0.321338 0.154651 0.70899 0.118775 0.563111 0.0149231 0.00708541 0.254186 0.312336 0.183204 0.89122 0.986617 0.995615 0.182606 0.40446 0.659436 0.92758 0.321551 0.304157 0.180068 0.525516 0.32865 0.144995 0.39895 0.86411 0.732826 0.628962 0.958493 0.123728 0.805622 0.632928 0.500059 0.311299 0.242525 0.939317 0.102046 0.960499 0.312136 0.863884 0.322857 0.976776 0.769084 0.989857 0.0571104 0.922517 0.0183118 0.199627 0.350775 0.779398 0.410566 0.190362 0.454223 0.354087 0.875213 0.338257 0.185027 0.193162 0.102106 0.862117 0.147564 0.418647 0.450665 0.734066 
0.249825 0.768309 0.4329 0.151024 0.428696 0.255009 0.180217 0.805874 0.851177 0.458526 0.607066 0.793436 0.175756 0.395753 0.588405 0.723341 0.271083 0.308324 0.199923 0.198201 0.815327 0.549914 0.662786 0.467169 0.365591 0.863196 0.668008 0.344725 0.345586 0.504752 0.55344 0.173905 0.536848 0.627395 0.428899 0.28133 0.947223 0.572496 0.984459 0.844709 0.376814 0.0185228 0.321648 0.14638 0.668553 0.998405 0.278085 0.499394 0.619802 0.822164 0.88894 0.349154 0.791738 0.0108749 0.53975 0.0397401 0.933082 0.430618 0.275353 0.422811 0.173061 0.420339 0.438828 0.38388 
0.588344 0.0988257 0.932999 0.80663 0.53426 0.160842 0.252822 0.839239 0.967258 0.746403 0.528095 0.0544208 0.859412 0.017745 0.147402 0.500825 0.165948 0.0349468 0.868048 0.307685 0.990903 0.317563 0.306039 0.162189 0.669155 0.579158 0.0390113 0.315011 0.39575 0.129748 0.33173 0.960372 0.767461 0.302044 0.792362 0.98015 0.733657 0.993634 0.742927 0.134154 0.577852 0.888365 0.257472 0.699164 0.72908 0.873398 0.915605 0.581402 0.466373 0.646227 0.34096 0.258395 0.0596053 0.796116 0.220373 0.258873 0.576752 0.351404 0.535025 0.889948 0.943816 0.310517 0.922922 0.78648 
0.367183 0.495688 0.187705 0.0569573 0.143364 0.036266 0.715041 0.972927 0.801927 0.183188 0.61222 0.367487 0.130262 0.415062 0.84395 0.662051 0.405103 0.67752 0.0836017 0.476967 0.246674 0.211105 0.372201 0.0431566 0.353404 0.347019 0.891716 0.237412 0.460566 0.501206 0.0338699 0.667528 0.853368 0.0720063 0.0434906 0.435938 0.686902 0.313612 0.715555 0.11014 0.25029 0.833153 0.590706 0.880702 0.637782 0.900252 0.694226 0.0918092 0.293722 0.935869 0.272542 0.144655 0.53392 0.313763 0.648382 0.751601 0.697271 0.932934 0.761324 0.819248 0.629694 0.223123 0.901126 0.289792 
0.718223 0.209554 0.387018 0.760723 0.28119 0.363029 0.839173 0.660742 0.811807 0.814385 0.588821 0.931892 0.584575 0.228217 0.132911 0.228128 0.778213 0.351617 0.116199 0.695876 0.934396 0.79048 0.577642 0.440719 0.953146 0.167758 0.729111 0.0168957 0.715052 0.382574 0.948346 0.870331 0.324699 0.985761 0.377022 0.780158 0.351395 0.0807562 0.731812 0.931112 0.865088 0.290536 0.896322 0.0190105 0.0895516 0.740382 0.137295 0.385676 0.771259 0.393521 0.979236 0.55333 0.152964 0.81817 0.917182 0.81743 0.403911 0.912612 0.0860001 0.39322 0.0364161 0.435489 0.305785 0.577675 
0.641537 0.417332 0.289255 0.161269 0.741591 0.195327 0.769385 0.926275 0.596856 0.430385 0.384618 0.753508 0.483047 0.177935 0.76576 0.53454 0.343777 0.47026 0.550032 0.500938 0.838313 0.464032 0.614578 0.494968 0.68083 0.861719 0.237782 0.687794 0.925607 0.505692 0.823236 0.00478476 0.269751 0.308545 0.937997 0.800074 0.032433 0.549131 0.607431 0.647501 0.145784 0.695139 0.250646 0.352575 0.56464 0.648969 0.629442 0.435866 0.675804 0.720987 0.815464 0.408173 0.574209 0.453074 0.940439 0.353963 0.988695 0.333798 0.937271 0.36685 0.108485 0.642612 0.987928 0.230401 
0.30882 0.131262 0.423945 0.650998 0.203345 0.577077 0.362936 0.653436 0.766832 0.373084 0.694876 0.355805 0.927946 0.391901 0.313451 0.75366 0.27867 0.327697 0.904642 0.859774 0.245119 0.397995 0.332937 0.162046 0.0439738 0.239094 0.103753 0.0817252 0.868368 0.67891 0.651689 0.73295 0.426748 0.560134 0.89753 0.154067 0.697219 0.655642 0.0851225 0.939998 0.127079 0.800982 0.446734 0.701303 0.600358 0.498881 0.207743 0.339909 0.656044 0.93289 0.500545 0.198083 0.368935 0.456222 0.795182 0.565504 0.0173612 0.211449 0.596905 0.512581 0.680478 0.403634 0.500271 0.315001 
0.515862 0.160814 0.0348847 0.630071 0.506462 0.100898 0.946724 0.604908 0.0202641 0.957568 0.376535 0.127727 0.832264 0.608541 0.160571 0.644126 0.145058 0.541125 0.819963 0.225958 0.683548 0.721036 0.754115 0.420796 0.634807 0.30903 0.407921 0.620573 0.414178 0.164055 0.912767 0.269587 0.758052 0.314638 0.673645 0.327903 0.340091 0.557344 0.608154 0.582317 0.222492 0.71176 0.386826 0.626714 0.892098 0.939558 0.943739 0.00715309 0.911376 0.774057 0.947784 0.313389 0.277949 0.808168 0.567516 0.744271 0.197948 0.982235 0.605721 0.75047 0.798036 0.859955 0.00717052 0.810177 
0.526382 0.866422 0.769719 0.539304 0.172524 0.48441 0.665122 0.69404 0.672656 0.397642 0.875609 0.371031 0.936388 0.522305 0.208964 0.454049 0.325309 0.929621 0.637427 0.740857 0.951047 0.58396 0.267952 0.927942 0.922507 0.587111 0.822303 0.0997183 0.161643 0.614479 0.86486 0.48334 0.595896 0.244801 0.563538 0.349767 0.937694 0.197308 0.285182 0.325443 0.276335 0.133945 0.85591 0.118008 0.379484 0.178514 0.904445 0.348808 0.887005 0.810944 0.540303 0.961427 0.939012 0.93077 0.16023 0.927267 0.839038 0.0371263 0.0635128 0.610976 0.0174149 0.668909 0.0279151 0.221091 
0.651661 0.881648 0.257889 0.72938 0.56861 0.645225 0.661816 0.0939403 0.239786 0.68601 0.922649 0.176373 0.533228 0.455666 0.150076 0.112302 0.51847 0.325888 0.0383224 0.874857 0.754275 0.44594 0.568783 0.315496 0.580056 0.579203 0.834025 0.527552 0.0381456 0.376718 0.237207 0.575554 0.217896 0.21571 0.300338 0.154024 0.687175 0.262514 0.793084 0.551396 0.234033 0.0988305 0.469806 0.61379 0.764968 0.334282 0.478516 0.937546 0.740265 0.164009 0.463171 0.704369 0.402423 0.312903 0.660135 0.454889 0.409058 0.795749 0.620794 0.277914 0.128806 0.760745 0.601615 0.494961 
0.244007 0.708288 0.55687 0.849813 0.318211 0.380911 0.66734 0.758332 0.499541 0.660781 0.548043 0.0179609 0.621666 0.130706 0.764414 0.118071 0.114043 0.20441 0.543682 0.818155 0.320749 0.622966 0.158743 0.817459 0.336183 0.883002 0.792653 0.573052 0.241276 0.42736 0.364525 0.759308 0.218132 0.887413 0.428319 0.497174 0.732519 0.945422 0.253641 0.852624 0.549421 0.876277 0.792396 0.324362 0.907816 0.249591 0.760802 0.114457 0.100828 0.0543191 0.454025 0.937882 0.0568471 0.244748 0.736744 0.530323 0.732048 0.273092 0.225998 0.192143 0.0446026 0.426823 0.353219 0.222294 
0.0108276 0.723459 0.320709 0.703853 0.588384 0.967576 0.382487 0.391392 0.682843 0.390881 0.237055 0.602464 0.259202 0.977512 0.999486 0.445447 0.926878 0.378434 0.242405 0.965865 0.695809 0.230159 0.665183 0.144864 0.266411 0.983744 0.0841699 0.998696 0.218614 0.60332 0.785923 0.798474 0.298829 0.0216113 0.459404 0.811897 0.158422 0.291313 0.823045 0.536963 0.391642 0.0847736 0.705005 0.0881375 0.849123 0.0930688 0.424467 0.0989376 0.502302 0.995987 0.499566 0.0886111 0.396341 0.0786474 0.133682 0.596189 0.93016 0.177956 0.0242506 0.693136 0.509411 0.855705 0.605065 0.64456 
0.0932233 0.245268 0.228911 0.884785 0.215693 0.86275 0.401586 0.23196 0.167895 0.934665 0.523903 0.357684 0.632795 0.655826 0.740941 0.76467 0.48033 0.309927 0.179027 0.259979 0.624226 0.647789 0.744151 0.546651 0.748021 0.16016 0.330692 0.633214 0.0185477 0.725332 0.93572 0.522148 0.188848 0.629488 0.611619 0.0363608 0.274732 0.502704 0.876004 0.91575 0.361662 0.638128 0.434815 0.647581 0.541394 0.00136976 0.703573 0.942368 0.0583208 0.774412 0.176738 0.950801 0.15384 0.920389 0.700461 0.226311 0.225303 0.651354 0.831544 0.213559 0.998613 0.44096 0.108128 0.857409 
0.501699 0.790284 0.452831 0.315728 0.0255537 0.800304 0.375084 0.272415 0.0954328 0.259883 0.17081 0.474605 0.664213 0.372731 0.556481 0.606127 0.636002 0.344312 0.882101 0.234323 0.1585 0.546241 0.0883737 0.194079 0.492387 0.712621 0.82187 0.441367 0.66898 0.280936 0.803469 0.266544 0.688906 0.797955 0.83717 0.072406 0.763598 0.106887 0.0495198 0.242158 0.169991 0.532518 0.835133 0.130888 0.668347 0.00598056 0.923024 0.805986 0.703346 0.242092 0.652517 0.370016 0.200023 0.116807 0.0197326 0.0387174 0.90254 0.774208 0.367683 0.239486 0.295544 0.785543 0.226349 0.843914 
0.0621656 0.786939 0.594924 0.825438 0.592387 0.244648 0.663998 0.673661 0.591228 0.986386 0.233105 0.678122 0.460137 0.524725 0.834974 0.897796 0.491135 0.624204 0.980609 0.154124 0.90919 0.949459 0.0299322 0.887043 0.791631 0.377886 0.921688 0.98441 0.851797 0.120664 0.211081 0.277597 0.938176 0.879036 0.244178 0.194808 0.493982 0.388724 0.0288904 0.443651 0.584211 0.165961 0.490633 0.644794 0.381986 0.941208 0.765263 0.216425 0.12423 0.609344 0.932726 0.628532 0.813755 0.268898 0.0277409 0.508456 0.679011 0.109327 0.472712 0.811932 0.322095 0.345101 0.352289 0.634697 
0.934797 0.0399183 0.0406755 0.209757 0.846902 0.929424 0.604663 0.298098 0.920263 0.562997 0.807772 0.19566 0.370238 0.478156 0.326169 0.558669 0.974312 0.894592 0.225842 0.816404 0.245957 0.539063 0.849364 0.229471 0.703116 0.524812 0.384421 0.706554 0.516774 0.206083 0.460037 0.0256704 0.742513 0.367756 0.50124 0.652338 0.447852 0.31373 0.455764 0.115539 0.209044 0.80291 0.212858 0.356706 0.0807237 0.273027 0.325452 0.65412 0.627734 0.10782 0.121714 0.0105815 0.814056 0.511438 0.433281 0.499594 0.901677 0.430993 0.412872 0.392469 0.705272 0.93348 0.331453 0.439707 
0.547571 0.380524 0.210477 0.970152 0.192768 0.700917 0.0211695 0.168064 0.636859 0.934855 0.164124 0.3879 0.19692 0.565303 0.860472 0.895756 0.672925 0.182561 0.965824 0.76874 0.0284797 0.872958 0.925298 0.111391 0.415834 0.709212 0.195834 0.715683 0.772143 0.644526 0.454274 0.83518 0.675454 0.340292 0.360877 0.730781 0.367428 0.00210744 0.18978 0.176553 0.566624 0.499508 0.817224 0.401024 0.553935 0.601848 0.421849 0.654781 0.976943 0.464557 0.048703 0.982095 0.828112 0.443114 0.180455 0.536908 0.67195 0.923809 0.529609 0.530181 0.674245 0.0596758 0.12239 0.749296 
0.491691 0.403912 0.721581 0.0941752 0.503095 0.112514 0.420425 0.643732 0.533451 0.755053 0.633032 0.465399 0.139416 0.91652 0.361625 0.345513 0.142291 0.275913 0.980382 0.0929526 0.128075 0.948385 0.502681 0.840422 0.709154 0.0976817 0.902418 0.71141 0.19882 0.0212102 0.128904 0.53748 0.358719 0.718579 0.982462 0.83835 0.495586 0.496803 0.25957 0.388943 0.372429 0.894588 0.875678 0.50775 0.559153 0.24318 0.268222 0.375567 0.874225 0.847929 0.0173566 0.290766 0.842976 0.56753 0.668835 0.579204 0.849139 0.715679 0.488402 0.481784 0.262693 0.217244 0.0808046 0.541214 
0.66647 0.60809 0.289516 0.483507 0.356392 0.16564 0.346074 0.400255 0.314046 0.524169 0.948553 0.850245 0.786556 0.197367 0.86621 0.411071 0.344216 0.749315 0.504419 0.937555 0.044925 0.283203 0.652854 0.245149 0.149419 0.483123 0.807931 0.224127 0.356557 0.391347 0.00847236 0.681069 0.286021 0.670039 0.337631 0.59044 0.0415944 0.247537 0.356341 0.0135531 0.162278 0.733604 0.48433 0.831157 0.266965 0.553263 0.135262 0.0960151 0.372803 0.324196 0.821488 0.961893 0.669161 0.0639292 0.770425 0.633142 0.33792 0.341467 0.898344 0.813409 0.962592 0.0151126 0.213054 0.239653 
0.167402 0.274645 0.765004 0.358654 0.694012 0.223307 0.94177 0.942068 0.783864 0.668303 0.794208 0.577711 0.675231 0.770603 0.628457 0.76403 0.440306 0.00520135 0.867545 0.621366 0.511439 0.879875 0.873631 0.186652 0.664844 0.282024 0.14648 0.622241 0.90444 0.288162 0.771144 0.825453 0.422502 0.409155 0.806597 0.844607 0.353414 0.476192 0.438288 0.311843 0.813631 0.688685 0.0287196 0.233446 0.0734228 0.851606 0.672598 0.164256 0.8292 0.264904 0.0233229 0.154152 0.870227 0.828436 0.191909 0.729984 0.620255 0.230539 0.153153 0.151026 0.5038 0.361104 0.675021 0.313139 
0.897002 0.00643397 0.613208 0.932658 0.116743 0.667835 0.295267 0.808284 0.757751 0.333269 0.29521 0.204388 0.228254 0.158256 0.153007 0.734167 0.780188 0.414712 0.731725 0.367867 0.0174672 0.509339 0.208829 0.993391 0.102238 0.39571 0.294322 0.928982 0.371132 0.45505 0.175874 0.709189 0.95214 0.0190062 0.278257 0.580141 0.239314 0.994313 0.316579 0.0296476 0.940725 0.0811205 0.720827 0.0274129 0.418141 0.0471242 0.386217 0.950506 0.759418 0.786883 0.686062 0.950757 0.654638 0.631651 0.534299 0.804823 0.129376 0.778272 0.633374 0.160133 0.176238 0.3207 0.756878 0.511088 
0.687224 0.922133 0.255651 0.306666 0.215826 0.385475 0.682422 0.44016 0.773986 0.969449 0.338071 0.679837 0.112116 0.59252 0.788148 0.040582 0.0460292 0.226698 0.822004 0.255872 0.839986 0.0208074 0.101317 0.745654 0.092917 0.0328527 0.834166 0.0307101 0.906833 0.553607 0.176541 0.792969 0.800193 0.00583189 0.467665 0.822718 0.639509 0.651804 0.00090738 0.92062 0.940945 0.13004 0.132565 0.75396 0.374985 0.474296 0.363593 0.46837 0.178338 0.915265 0.438769 0.142413 0.737122 0.363447 0.19965 0.841046 0.902587 0.0729674 0.472759 0.696146 0.218456 0.139101 0.996697 0.00398557 
0.447927 0.314389 0.466998 0.16046 0.309493 0.0897383 0.614232 0.10493 0.36575 0.582543 0.325393 0.882219 0.106392 0.90774 0.307424 0.166769 0.451688 0.641703 0.0704474 0.00360822 0.259252 0.198549 0.165459 0.651193 0.555112 0.916497 0.783038 0.610176 0.603465 0.619526 0.110676 0.542311 0.188454 0.229501 0.533263 0.666057 0.77381 0.817545 0.40926 0.764404 0.233786 0.14677 0.635129 0.695824 0.51793 0.935881 0.152474 0.318852 0.574392 0.770969 0.832764 0.206807 0.441708 0.649299 0.94778 0.860172 0.340682 0.0414689 0.774978 0.389495 0.871 0.374547 0.0936129 0.276735 
0.740783 0.994781 0.424625 0.787513 0.957061 0.276911 0.135148 0.34771 0.166317 0.0474695 0.709904 0.869802 0.533176 0.452105 0.673072 0.827624 0.316721 0.599709 0.702101 0.922221 0.215744 0.122622 0.792889 0.662541 0.385253 0.485838 0.612646 0.256917 0.940706 0.496942 0.233337 0.189184 0.726708 0.358751 0.276485 0.231959 0.995031 0.443113 0.094895 0.583239 0.887319 0.0975655 0.279819 0.596811 0.464222 0.106944 0.825664 0.745223 0.154154 0.453649 0.625977 0.28634 0.706077 0.99131 0.317064 0.245622 0.634215 0.818513 0.70178 0.327715 0.10252 0.791427 0.811141 0.442448 
0.304814 0.320367 0.403766 0.396117 0.676689 0.210773 0.935648 0.551419 0.934865 0.304233 0.664021 0.108573 0.536969 0.736153 0.2681 0.0274862 0.818244 0.638779 0.354002 0.16365 0.62276 0.196159 0.147713 0.57209 0.582717 0.701874 0.584613 0.410618 0.46016 0.480345 0.158804 0.894182 0.134647 0.149252 0.216879 0.508221 0.0729173 0.795418 0.227138 0.149265 0.916407 0.218719 0.553613 0.690571 0.697699 0.123339 0.890807 0.84831 0.186376 0.00193214 0.982251 0.223784 0.64324 0.95141 0.219124 0.924925 0.567142 0.352177 0.999799 0.386438 0.648647 0.315558 0.945696 0.644189 
0.170046 0.184142 0.410283 0.724666 0.41186 0.0891644 0.360324 0.397162 0.663221 0.81902 0.568473 0.671708 0.89876 0.153697 0.441595 0.141377 0.568807 0.00847446 0.481551 0.171827 0.595336 0.446329 0.831813 0.664081 0.0271569 0.684476 0.874363 0.958507 0.480751 0.244207 0.198306 0.612317 0.149813 0.910179 0.138274 0.155822 0.550893 0.0824159 0.608636 0.0115502 0.970697 0.0775385 0.468099 0.617539 0.483915 0.898083 0.0546352 0.71594 0.126211 0.373611 0.626316 0.398721 0.28922 0.903534 0.134643 0.434873 0.955196 0.926864 0.454212 0.645402 0.411592 0.268687 0.487364 0.832964 
0.922991 0.625306 0.564466 0.768497 0.845877 0.707587 0.285332 0.145741 0.735583 0.450696 0.307105 0.270035 0.935444 0.254443 0.941632 0.823898 0.833599 0.829123 0.315363 0.214903 0.887164 0.774003 0.37746 0.487 0.60087 0.0481511 0.557295 0.705371 0.196778 0.664621 0.264863 0.865478 0.590071 0.127829 0.129566 0.894462 0.00297748 0.129672 0.98076 0.702096 0.469385 0.161275 0.407245 0.475146 0.157368 0.705039 0.742092 0.838348 0.125153 0.67507 0.468692 0.591746 0.683321 0.534141 0.499145 0.877415 0.1798 0.248263 0.0347515 0.279371 0.319812 0.480281 0.3608 0.144774 
0.178589 0.668541 0.226851 0.816549 0.367826 0.778499 0.817641 0.393844 0.759912 0.460127 0.256653 0.276697 0.760887 0.559664 0.289294 0.671506 0.685027 0.991491 0.651801 0.0334575 0.165624 0.663026 0.137247 0.905952 0.373519 0.159203 0.115878 0.419581 0.98837 0.954614 0.329417 0.878462 0.572435 0.538318 0.320841 0.798431 0.441451 0.480401 0.590843 0.674634 0.662871 0.381018 0.342346 0.581721 0.709516 0.719711 0.322621 0.842711 0.780508 0.853942 0.157944 0.463348 0.517435 0.690174 0.314524 0.906425 0.596266 0.822351 0.707433 0.373336 0.25374 0.872372 0.383104 0.399113 
