22.3578 0001101001100111000001001110001111000111011101001101100000110111110111111100111011101010011100111110
78.2301 0100011000100110101100010000011000011011000100000010101111100110111110010100001010000110110010000100
0.0707249 0.839949 0.121329 0.569311 0.437062 0.018748 0.0406307 0.247888 0.0935515 0.694824 0.14537 0.453172 0.215577 0.353905 0.492636 0.913301 0.765826 0.973648 0.402361 0.552772 0.306361 0.58662 0.27492 0.454608 0.757665 0.817571 0.257585 0.893065 0.718422 0.0206145 0.142717 0.325306 0.808929 0.398991 0.424702 0.413719 0.787139 0.713566 0.0231176 0.315767 0.56277 0.748157 0.609624 0.203355 0.653631 0.662686 0.871072 0.811228 0.374125 0.0752001 0.760578 0.0637698 0.841041 0.692634 0.4459 0.36234 0.516095 0.457332 0.808362 0.316285 0.843787 0.489291 0.54012 0.826128 
0.521604 0.142599 0.302264 0.807023 0.319495 0.0212257 0.482446 0.0260263 0.505574 0.91803 0.206966 0.925733 0.277323 0.176062 0.990301 0.692651 0.75214 0.116217 0.0860007 0.665625 0.329571 0.361651 0.526111 0.42473 0.819781 0.571285 0.881111 0.800604 0.349925 0.772739 0.896497 0.78573 0.283407 0.881908 0.545383 0.828022 0.233692 0.202878 0.958336 0.766153 0.188251 0.469381 0.50253 0.172363 0.298407 0.268807 0.886898 0.503255 0.572238 0.34242 0.609646 0.120617 0.0389181 0.999975 0.267948 0.257206 0.276642 0.251742 0.897737 0.835246 0.146316 0.995443 0.355729 0.547131 
0.491816 0.129658 0.860053 0.218398 0.824331 0.998283 0.991296 0.15767 0.470666 0.707432 0.340006 0.69675 0.748408 0.817035 0.847722 0.081571 0.307684 0.560986 0.91986 0.0948813 0.405899 0.538464 0.649573 0.309962 0.841354 0.496665 0.70374 0.678883 0.623404 0.997812 0.159647 0.819542 0.302498 0.105922 0.286304 0.713605 0.238436 0.697666 0.0255279 0.928499 0.363076 0.800057 0.719556 0.602491 0.231461 0.443588 0.643075 0.782384 0.793762 0.380929 0.407917 0.105659 0.439003 0.854231 0.969429 0.720151 0.410091 0.139177 0.0220958 0.222376 0.356746 0.782758 0.449401 0.476932 
0.516286 0.36848 0.262427 0.802828 0.900771 0.361084 0.884065 0.306127 0.283689 0.212894 0.420266 0.125821 0.992924 0.433534 0.616705 0.979077 0.293355 0.454312 0.398137 0.788589 0.617454 0.591526 0.124622 0.0309292 0.232098 0.0127555 0.274637 0.941914 0.276768 0.0757882 0.274352 0.986026 0.422624 0.73016 0.615189 0.18074 0.743829 0.365482 0.776762 0.793323 0.634303 0.760641 0.638053 0.655134 0.000478816 0.531463 0.178539 0.769134 0.0250253 0.0658699 0.326264 0.58393 0.100578 0.501923 0.800996 0.0703698 0.838903 0.690276 0.124158 0.533595 0.844447 0.617345 0.99452 0.334183 
0.844276 0.406277 0.856618 0.796326 0.105741 0.715379 0.82987 0.634773 0.340332 0.191283 0.566381 0.0270319 0.052975 0.816269 0.823234 0.023023 0.186951 0.67433 0.908358 0.715916 0.789044 0.0885779 0.431518 0.91438 0.764154 0.20564 0.231784 0.896409 0.743104 0.418223 0.974944 0.973085 0.0567001 0.539872 0.863252 0.592474 0.897064 0.548328 0.842241 0.632961 0.791191 0.0435061 0.272533 0.628842 0.596905 0.982805 0.616916 0.571136 0.709957 0.321465 0.415599 0.571099 0.179 0.699252 0.449839 0.412431 0.96673 0.054007 0.722442 0.628025 0.40859 0.1646 0.363826 0.257043 
0.607344 0.956023 0.882434 0.625508 0.670466 0.897161 0.681767 0.491061 0.74982 0.239824 0.00985682 0.0830721 0.505184 0.492851 0.63863 0.574908 0.0747249 0.396262 0.386272 0.338646 0.526904 0.532879 0.538605 0.718028 0.409573 0.600799 0.0356582 0.413619 0.91448 0.891424 0.855548 0.328236 0.0862436 0.342679 0.00605704 0.0509654 0.955444 0.781903 0.539751 0.997738 0.888773 0.082792 0.220674 0.851113 0.884081 0.481164 0.227204 0.76775 0.0608137 0.169102 0.30286 0.037137 0.998347 0.635657 0.425354 0.426565 0.523485 0.739993 0.826927 0.443558 0.489264 0.287975 0.0276376 0.102985 
0.460894 0.377349 0.618092 0.888814 0.702878 0.0439963 0.155999 0.121597 0.712054 0.375062 0.563822 0.930622 0.76342 0.471068 0.0441152 0.512424 0.666184 0.088781 0.255705 0.15433 0.545404 0.957471 0.551141 0.713271 0.760542 0.316683 0.0736837 0.528936 0.133243 0.0895925 0.176603 0.596622 0.554204 0.676003 0.698929 0.761786 0.24869 0.446639 0.097305 0.923867 0.0397942 0.88872 0.1549 0.0944781 0.949237 0.269231 0.314001 0.326494 0.322767 0.959565 0.5564 0.359409 0.144183 0.617241 0.545915 0.501361 0.954148 0.714374 0.170611 0.661232 0.578763 0.284351 0.842749 0.448654 
0.865989 0.482982 0.163588 0.296595 0.635758 0.221762 0.792406 0.125507 0.63149 0.681625 0.646513 0.0970573 0.311549 0.0603609 0.859032 0.664727 0.0327285 0.938238 0.297591 0.985902 0.0572418 0.601881 0.451765 0.763807 0.848707 0.269259 0.960864 0.808712 0.248097 0.909502 0.51712 0.520577 0.734742 0.882331 0.644817 0.102477 0.716281 0.45593 0.3969 0.323834 0.474957 0.867008 0.941846 0.282412 0.844813 0.492497 0.268977 0.254465 0.644201 0.405356 0.833686 0.435438 0.837029 0.541789 0.889505 0.775314 0.276478 0.152608 0.838951 0.73936 0.103256 0.426899 0.677273 0.438533 
0.315677 0.861166 0.730591 0.151895 0.182247 0.709594 0.670022 0.438035 0.497068 0.939458 0.979129 0.659656 0.404085 0.733808 0.489462 0.751806 0.156741 0.281249 0.226721 0.975986 0.649872 0.221476 0.24053 0.604918 0.872031 0.111762 0.899691 0.406723 0.165751 0.354774 0.124335 0.269849 0.658779 0.493903 0.683679 0.103846 0.918333 0.402866 0.604149 0.00761749 0.488712 0.944016 0.466666 0.132012 0.318832 0.137403 0.670625 0.853822 0.0457137 0.0216027 0.226579 0.205342 0.00425464 0.342798 0.16158 0.809677 0.422537 0.236887 0.923361 0.290674 0.974439 0.137279 0.822989 0.780796 
0.6263 0.460575 0.400273 0.964718 0.638754 0.912898 0.542998 0.416518 0.215692 0.457728 0.945461 0.522501 0.605583 0.672373 0.78304 0.782346 0.437031 0.52666 0.45037 0.834683 0.936854 0.564284 0.209133 0.0850033 0.856161 0.645996 0.869466 0.960541 0.609054 0.713935 0.248744 0.490012 0.907316 0.458376 0.490075 0.317798 0.835088 0.697129 0.676247 0.674566 0.0682883 0.73741 0.818482 0.915901 0.0774025 0.509114 0.144954 0.229886 0.0925272 0.537327 0.893142 0.152911 0.50227 0.622192 0.949646 0.621902 0.605934 0.153111 0.385961 0.435367 0.439452 0.510983 0.365755 0.705007 
0.791659 0.225303 0.227983 0.97874 0.0271426 0.532076 0.0643059 0.107081 0.599298 0.196086 0.635466 0.599112 0.963918 0.752216 0.782804 0.0929738 0.545958 0.372112 0.406522 0.952384 0.115299 0.649131 0.862419 0.111745 0.707661 0.21994 0.317963 0.83973 0.0415449 0.796885 0.823039 0.351503 0.622147 0.507668 0.257766 0.782978 0.0181146 0.537879 0.960916 0.593428 0.320024 0.202339 0.964551 0.571866 0.0092709 0.175657 0.379016 0.449537 0.360387 0.922377 0.31168 0.819673 0.882742 0.421354 0.00625014 0.337257 0.929863 0.844385 0.55965 0.659416 0.860894 0.362778 0.322366 0.634261 
0.583176 0.0835801 0.423071 0.124353 0.489236 0.5422 0.36333 0.490296 0.696687 0.147056 0.310021 0.47253 0.647679 0.737261 0.299005 0.466168 0.261004 0.12408 0.228914 0.966651 0.819118 0.62547 0.271999 0.785649 0.968059 0.141918 0.0889397 0.163007 0.896278 0.261972 0.544031 0.971841 0.937793 0.555247 0.503653 0.339235 0.0222701 0.485387 0.25218 0.00616378 0.048748 0.904493 0.148559 0.19414 0.509176 0.605079 0.147635 0.348588 0.985105 0.78872 0.209076 0.96137 0.0326913 0.346602 0.994346 0.559041 0.574602 0.907705 0.728651 0.554409 0.875073 0.0653289 0.755592 0.473285 
0.141755 0.497263 0.846709 0.7159 0.437406 0.733841 0.24595 0.114027 0.0571476 0.20608 0.949938 0.746 0.826525 0.76955 0.182994 0.616347 0.741188 0.585374 0.339699 0.519994 0.8054 0.316706 0.569476 0.613965 0.173209 0.23358 0.810219 0.756905 0.141687 0.587097 0.357646 0.185378 0.736857 0.88657 0.485171 0.391651 0.205709 0.872995 0.418417 0.358018 0.149843 0.688804 0.569557 0.476081 0.503567 0.896863 0.393317 0.962343 0.659821 0.208216 0.767439 0.466551 0.388071 0.440273 0.460956 0.932951 0.46058 0.259751 0.88601 0.784934 0.594196 0.461641 0.6952 0.899257 
0.209719 0.774007 0.610634 0.555387 0.860988 0.996577 0.610381 0.0242924 0.643032 0.610664 0.153592 0.802444 0.389979 0.0507367 0.234458 0.190986 0.839877 0.599733 0.409271 0.306396 0.335209 0.0940003 0.0264314 0.76469 0.739451 0.409554 0.0110047 0.712932 0.925335 0.911688 0.116003 0.327552 0.26288 0.67891 0.498278 0.644348 0.910718 0.544315 0.208328 0.704516 0.387517 0.709863 0.181722 0.455518 0.199592 0.550428 0.954326 0.163081 0.314601 0.258067 0.419414 0.559186 0.60437 0.684337 0.336786 0.641369 0.43526 0.0271922 0.692608 0.695383 0.314936 0.814612 0.257658 0.571816 
0.409663 0.584135 0.619379 0.118222 0.0411627 0.724025 0.211856 0.0530138 0.858086 0.191935 0.869178 0.206529 0.0754639 0.0223395 0.830041 0.737938 0.903984 0.686504 0.237949 0.0874402 0.78626 0.151724 0.888392 0.566652 0.294247 0.754324 0.775535 0.88317 0.131538 0.620811 0.417194 0.716826 0.457606 0.88213 0.925519 0.0415462 0.158731 0.619022 0.260643 0.625898 0.437958 0.420755 0.0240102 0.980848 0.0121535 0.274054 0.18042 0.519221 0.000395464 0.215497 0.439012 0.947794 0.673776 0.117275 0.821822 0.750007 0.599972 0.700439 0.859052 0.60717 0.472946 0.0333501 0.928484 0.32009 
0.0221908 0.0631809 0.389964 0.958308 0.268985 0.138329 0.525555 0.137792 0.582315 0.252025 0.596157 0.485929 0.57016 0.555048 0.937902 0.22718 0.685635 0.359167 0.175682 0.328224 0.151185 0.21444 0.537948 0.167713 0.971007 0.882875 0.365502 0.189579 0.307225 0.744998 0.233105 0.709036 0.197859 0.797713 0.0351876 0.576429 0.252671 0.0744059 0.848667 0.133535 0.711182 0.102373 0.656191 0.917737 0.0651488 0.201712 0.772042 0.536117 0.991766 0.363733 0.439103 0.500903 0.132694 0.328223 0.520311 0.350357 0.925695 0.250522 0.511269 0.820534 0.737239 0.370802 0.611611 0.720446 
0.345949 0.119287 0.479542 0.517975 0.331706 0.948924 0.805353 0.842026 0.665369 0.501106 0.148813 0.289842 0.36719 0.0238333 0.270938 0.929107 0.530868 0.0546057 0.945286 0.719694 0.174916 0.099325 0.895328 0.783439 0.273498 0.132745 0.300184 0.16176 0.660388 0.810269 0.711959 0.134978 0.0567579 0.477289 0.0586403 0.57237 0.0742881 0.747967 0.638132 0.250046 0.0921746 0.162373 0.573818 0.142866 0.302605 0.110024 0.555548 0.722829 0.544167 0.735233 0.782149 0.640501 0.618528 0.794119 0.803079 0.350542 0.847315 0.923072 0.0767399 0.842603 0.0240395 0.512511 0.888543 0.459359 
0.381014 0.679157 0.0960679 0.908687 0.627298 0.739573 0.299067 0.668552 0.784514 0.292422 0.48646 0.184525 0.199714 0.769304 0.533342 0.666978 0.163944 0.579846 0.719036 0.300391 0.942435 0.101733 0.0936012 0.618264 0.842471 0.863107 0.604016 0.642367 0.245099 0.116948 0.265742 0.618001 0.983145 0.961703 0.928443 0.976073 0.977376 0.713468 0.300937 0.142542 0.0666828 0.697067 0.391901 0.397843 0.456024 0.118541 0.0434189 0.416252 0.814856 0.75011 0.321839 0.86839 0.60849 0.807454 0.482605 0.587603 0.0541975 0.090265 0.136955 0.726795 0.444524 0.611506 0.749122 0.53272 
0.334415 0.762376 0.819336 0.314295 0.0870951 0.547142 0.43706 0.363938 0.88061 0.391264 0.53501 0.498405 0.115998 0.657058 0.897039 0.557552 0.656034 0.117775 0.946946 0.684551 0.18227 0.727048 0.573383 0.879224 0.784597 0.781413 0.635625 0.73028 0.764897 0.0375627 0.102763 0.273171 0.0887581 0.779189 0.27119 0.870084 0.79488 0.927518 0.0107062 0.818001 0.152678 0.46978 0.195513 0.749346 0.993263 0.985709 0.590705 0.348137 0.404685 0.945379 0.446946 0.905481 0.00970335 0.527978 0.323217 0.39171 0.401831 0.825012 0.676386 0.841995 0.927364 0.317105 0.339104 0.368924 
0.969057 0.860829 0.424203 0.524325 0.768763 0.901426 0.479683 0.785988 0.161307 0.180753 0.686202 0.207868 0.872157 0.234652 0.37459 0.213358 0.842211 0.656211 0.844543 0.237883 0.0313293 0.562764 0.17959 0.812756 0.400297 0.103628 0.79749 0.528942 0.99442 0.698516 0.1143 0.254412 0.12377 0.32953 0.591945 0.457655 0.839722 0.332535 0.0475859 0.50501 0.56374 0.762715 0.774336 0.0527966 0.828269 0.834766 0.244855 0.430205 0.740091 0.181609 0.0247035 0.470561 0.0989977 0.420089 0.973125 0.003791 0.540883 0.946492 0.889057 0.696283 0.638594 0.119109 0.656943 0.987969 
0.855964 0.266098 0.653805 0.0730426 0.923214 0.0272071 0.185912 0.04907 0.334903 0.00975732 0.441905 0.635637 0.210071 0.28492 0.555413 0.422276 0.159808 0.816421 0.459399 0.332519 0.811438 0.255835 0.715268 0.193915 0.140364 0.261177 0.756384 0.449157 0.663534 0.359988 0.811386 0.00195891 0.764318 0.695633 0.558815 0.0837843 0.924984 0.861163 0.787406 0.744882 0.783162 0.695267 0.0172363 0.786977 0.482691 0.67776 0.905614 0.0495983 0.985439 0.138274 0.0747185 0.906176 0.0800214 0.433572 0.628114 0.206368 0.358786 0.906839 0.517188 0.772362 0.206313 0.925978 0.654019 0.10003 
0.0994173 0.854532 0.236418 0.163287 0.115699 0.214674 0.670344 0.744788 0.636012 0.731196 0.80208 0.58355 0.28232 0.151678 0.696828 0.723906 0.455614 0.554018 0.620208 0.720256 0.125848 0.561909 0.785292 0.910717 0.579905 0.204659 0.854033 0.0368681 0.527159 0.552295 0.591665 0.840753 0.877816 0.401001 0.320353 0.733511 0.875163 0.598117 0.508552 0.626562 0.340152 0.397183 0.745351 0.412111 0.687521 0.477892 0.805707 0.36884 0.799461 0.977296 0.677962 0.230256 0.272158 0.713634 0.66892 0.103727 0.275675 0.834808 0.933054 0.184962 0.79203 0.362657 0.665398 0.221928 
0.143215 0.37887 0.793345 0.872263 0.407295 0.2751 0.73667 0.173864 0.0480594 0.469934 0.756843 0.372411 0.190893 0.114118 0.144442 0.327739 0.679869 0.50545 0.883553 0.0771597 0.604488 0.824698 0.348404 0.289317 0.294051 0.910789 0.148215 0.630168 0.490022 0.450339 0.057727 0.574392 0.220873 0.450413 0.396781 0.619226 0.785159 0.395439 0.729387 0.454529 0.880861 0.702764 0.312734 0.545578 0.0960963 0.210979 0.848118 0.229385 0.386267 0.421924 0.348667 0.454552 0.740189 0.393268 0.388487 0.0727739 0.613846 0.628853 0.618281 0.209563 0.660244 0.409549 0.0647971 0.638714 
0.0229087 0.145136 0.402543 0.830484 0.146936 0.612761 0.283494 0.364586 0.149799 0.0982218 0.838141 0.204176 0.26165 0.282402 0.49273 0.0659337 0.541803 0.517256 0.62553 0.675471 0.104799 0.340951 0.530034 0.359592 0.747379 0.070154 0.0525022 0.208445 0.139676 0.528515 0.599971 0.969358 0.86265 0.408058 0.67438 0.854561 0.11017 0.37769 0.55165 0.44816 0.0621301 0.185101 0.847597 0.662353 0.195617 0.195496 0.0353789 0.69068 0.29037 0.311254 0.144683 0.465756 0.151259 0.0629979 0.823236 0.624013 0.748867 0.187236 0.554705 0.169823 0.698699 0.302723 0.558387 0.714208 
0.68339 0.847853 0.902524 0.99392 0.503659 0.305049 0.775846 0.00231837 0.222584 0.178635 0.51153 0.603616 0.342635 0.495645 0.0710869 0.925993 0.632483 0.104294 0.518154 0.671655 0.245543 0.297148 0.404395 0.348435 0.765051 0.116113 0.462585 0.394763 0.99271 0.273759 0.529179 0.289643 0.699364 0.293002 0.499266 0.71876 0.288144 0.271753 0.412745 0.994482 0.470666 0.929165 0.840776 0.279449 0.954548 0.421998 0.379077 0.785828 0.17483 0.84122 0.0657428 0.736582 0.270917 0.851578 0.54343 0.00913562 0.185799 0.340609 0.897005 0.462361 0.785478 0.244951 0.466174 0.428142 
0.0857015 0.963556 0.261024 0.737092 0.968641 0.77212 0.802079 0.201572 0.95095 0.531067 0.910659 0.297091 0.681658 0.442078 0.417861 0.266395 0.197445 0.457332 0.313842 0.664113 0.258468 0.977272 0.950165 0.309286 0.904597 0.00918433 0.176657 0.244171 0.121911 0.379126 0.27442 0.557617 0.928467 0.776264 0.727912 0.640973 0.353135 0.942039 0.95442 0.868982 0.03939 0.581079 0.313421 0.770642 0.0411099 0.52266 0.239259 0.476094 0.520532 0.0186118 0.228354 0.231677 0.533761 0.940758 0.0604586 0.609896 0.928266 0.172398 0.746942 0.959371 0.786808 0.272303 0.57053 0.571008 
0.0482989 0.293379 0.8343 0.0855933 0.352786 0.553547 0.862401 0.332827 0.354408 0.93589 0.0378842 0.589738 0.911106 0.193607 0.167336 0.233675 0.6557 0.77984 0.0138311 0.095974 0.432087 0.675283 0.809684 0.593287 0.62679 0.430197 0.843236 0.50476 0.53767 0.317259 0.775697 0.694164 0.736367 0.82205 0.315358 0.266493 0.158164 0.328341 0.781145 0.0769942 0.0943728 0.24801 0.0762737 0.0644487 0.281027 0.22692 0.147821 0.957574 0.608345 0.745123 0.013564 0.943117 0.0634102 0.488218 0.906592 0.473024 0.838003 0.588023 0.530001 0.565878 0.0939104 0.713111 0.0640202 0.613319 
0.55401 0.715318 0.561661 0.387181 0.803041 0.418694 0.131596 0.0590218 0.736393 0.667944 0.19248 0.980871 0.9322 0.179997 0.753252 0.541893 0.0197907 0.540298 0.138297 0.517518 0.210102 0.864625 0.344039 0.258556 0.0198826 0.057966 0.755678 0.529604 0.828456 0.398223 0.886972 0.463711 0.723908 0.472935 0.74333 0.271724 0.208348 0.857631 0.14947 0.767321 0.633453 0.278985 0.780798 0.906273 0.151865 0.877607 0.63216 0.019809 0.626755 0.429794 0.628793 0.738251 0.283961 0.636152 0.194389 0.385643 0.0519305 0.939149 0.551901 0.593774 0.0183359 0.39926 0.141645 0.114569 
0.045102 0.697996 0.297732 0.941193 0.925147 0.000834153 0.681008 0.623713 0.560125 0.572919 0.404173 0.270112 0.420201 0.751751 0.0635426 0.0252893 0.84429 0.0571036 0.46883 0.918595 0.872964 0.76838 0.479865 0.00101754 0.48965 0.691665 0.868424 0.716186 0.326713 0.327307 0.896834 0.930684 0.735103 0.749329 0.974349 0.0509601 0.253617 0.103194 0.454059 0.323765 0.571914 0.435067 0.738907 0.460963 0.0266545 0.237353 0.946196 0.834106 0.678092 0.382161 0.173438 0.0781908 0.443399 0.0177547 0.114004 0.215694 0.275058 0.024481 0.803695 0.371657 0.163363 0.508446 0.54034 0.632902 
0.41553 0.744004 0.776775 0.0752361 0.241911 0.639405 0.566284 0.279456 0.383016 0.706926 0.726862 0.768384 0.993377 0.53485 0.45183 0.252365 0.475389 0.133285 0.511324 0.47016 0.21968 0.250221 0.11386 0.147392 0.919501 0.117983 0.353262 0.207515 0.10468 0.769835 0.353868 0.609287 0.839537 0.586547 0.816326 0.489711 0.845813 0.490684 0.568031 0.509308 0.932759 0.562313 0.934058 0.190274 0.900589 0.696228 0.936469 0.431397 0.744743 0.608911 0.997498 0.206089 0.296306 0.301366 0.872023 0.791857 0.402061 0.228824 0.98976 0.000567839 0.0958546 0.85062 0.354917 0.416332 
0.972856 0.121954 0.0363233 0.445158 0.294082 0.195495 0.0556281 0.0992813 0.197286 0.772394 0.68158 0.102491 0.457097 0.744418 0.580041 0.549508 0.625309 0.578544 0.0826341 0.093987 0.142977 0.227278 0.404434 0.683763 0.00467274 0.711088 0.0776793 0.819107 0.0652344 0.299899 0.786334 0.0975445 0.696553 0.874782 0.849529 0.674769 0.977436 0.0444056 0.96734 0.866563 0.690167 0.336816 0.124463 0.505469 0.272279 0.491344 0.951198 0.665083 0.766674 0.765137 0.457965 0.274405 0.10305 0.393369 0.499458 0.327992 0.916523 0.301199 0.237507 0.264946 0.0621852 0.712629 0.310892 0.614115 
0.454506 0.651794 0.551068 0.764583 0.852394 0.0696446 0.824065 0.971273 0.392779 0.0680505 0.0714579 0.484752 0.278017 0.665365 0.624547 0.860378 0.0155447 0.0466283 0.862294 0.824395 0.886076 0.487403 0.026748 0.187651 0.882516 0.645269 0.109853 0.0900273 0.306228 0.169577 0.637974 0.668624 0.718446 0.372104 0.207864 0.506195 0.0532317 0.876806 0.128763 0.641255 0.251882 0.111012 0.242545 0.932267 0.508901 0.358727 0.80767 0.730515 0.48675 0.00800927 0.947689 0.465354 0.688119 0.885759 0.722073 0.981425 0.34659 0.52599 0.573312 0.50662 0.0834036 0.867421 0.030269 0.298471 
0.826209 0.987699 0.840656 0.662225 0.930478 0.460853 0.969871 0.342456 0.158519 0.652059 0.126782 0.736945 0.797324 0.512654 0.391792 0.373532 0.0176921 0.198963 0.972466 0.981895 0.567921 0.158981 0.0232599 0.406404 0.602091 0.155708 0.163753 0.14573 0.47172 0.184366 0.634431 0.105594 0.374115 0.575312 0.980505 0.694448 0.491897 0.943462 0.439169 0.916252 0.0655449 0.869191 0.609992 0.966089 0.844644 0.0575325 0.557864 0.369649 0.737088 0.36585 0.66962 0.761004 0.303766 0.860699 0.502539 0.0907085 0.295351 0.712819 0.167925 0.96269 0.653368 0.817027 0.0982015 0.897794 
0.0957166 0.482612 0.756219 0.802065 0.973519 0.353165 0.198348 0.785625 0.607756 0.269678 0.04319 0.107701 0.157135 0.891241 0.681509 0.137891 0.808403 0.0208708 0.669229 0.411684 0.766625 0.83793 0.630152 0.875029 0.641225 0.975869 0.593808 0.238995 0.186069 0.20497 0.437099 0.975173 0.740446 0.759069 0.163599 0.385872 0.104882 0.617869 0.470947 0.450322 0.237317 0.589489 0.279848 0.517931 0.106181 0.846992 0.815863 0.235975 0.820985 0.841941 0.599036 0.215161 0.93945 0.51371 0.598809 0.919892 0.256485 0.672247 0.619715 0.521934 0.876822 0.95284 0.367563 0.862626 
0.545518 0.591153 0.676357 0.38731 0.303541 0.911243 0.238755 0.126481 0.578339 0.450516 0.312797 0.794027 0.637669 0.975848 0.167439 0.659593 0.275183 0.656328 0.214068 0.828297 0.385492 0.294206 0.473004 0.356694 0.562302 0.70471 0.901123 0.947951 0.389969 0.087526 0.478189 0.0636969 0.652048 0.0424452 0.828102 0.728553 0.40513 0.792786 0.664678 0.476206 0.83667 0.0157975 0.878021 0.0355817 0.820292 0.417104 0.644316 0.53552 0.80392 0.849622 0.0758569 0.133518 0.336909 0.261245 0.429912 0.706762 0.597203 0.707153 0.643067 0.315677 0.339594 0.259757 0.710582 0.278347 
0.58948 0.482575 0.100893 0.416806 0.249511 0.365119 0.981975 0.869482 0.219755 0.97293 0.357503 0.622193 0.699763 0.833237 0.00874713 0.26737 0.40386 0.247467 0.311986 0.759778 0.15214 0.933578 0.246045 0.822468 0.232756 0.976827 0.938227 0.401108 0.480758 0.217262 0.85972 0.326032 0.780574 0.508988 0.926623 0.164946 0.411247 0.553893 0.227203 0.955341 0.958158 0.580311 0.663575 0.679448 0.168451 0.0716913 0.178242 0.204725 0.184708 0.211476 0.648505 0.861112 0.84405 0.340506 0.865169 0.459982 0.117305 0.312826 0.758659 0.0478181 0.905767 0.892101 0.571697 0.617643 
0.534993 0.303973 0.999176 0.812298 0.566756 0.94127 0.416422 0.43445 0.0696654 0.931027 0.173471 0.328269 0.378343 0.845251 0.473524 0.408268 0.159615 0.367021 0.669435 0.228568 0.409754 0.387067 0.557371 0.456054 0.403761 0.0694457 0.385011 0.0661024 0.321856 0.380294 0.805113 0.73658 0.906298 0.13556 0.653474 0.089112 0.0408415 0.489631 0.454965 0.664918 0.385508 0.136282 0.459019 0.0389899 0.458744 0.401366 0.496556 0.462595 0.0823249 0.741605 0.751364 0.960025 0.416377 0.589745 0.626735 0.690721 0.238513 0.178034 0.765567 0.611858 0.452567 0.660345 0.806707 0.17881 
0.44919 0.975408 0.539107 0.20477 0.577511 0.987452 0.329177 0.472566 0.205357 0.744249 0.265856 0.781396 0.0371937 0.675452 0.554111 0.536489 0.164589 0.0220413 0.428328 0.80961 0.952203 0.878678 0.881782 0.128907 0.710959 0.814892 0.957318 0.494786 0.620125 0.853907 0.460412 0.745367 0.744647 0.0131361 0.487937 0.801868 0.175118 0.764732 0.688844 0.127993 0.434514 0.229288 0.795712 0.155994 0.278377 0.999789 0.438743 0.209315 0.816334 0.620413 0.558815 0.698431 0.200982 0.519961 0.208068 0.985636 0.389792 0.814862 0.974929 0.151206 0.466939 0.608976 0.401472 0.411356 
0.461557 0.540408 0.428931 0.754416 0.442564 0.35536 0.464203 0.154834 0.959277 0.146442 0.604277 0.318762 0.793323 0.551315 0.219874 0.230418 0.454698 0.950428 0.66698 0.289102 0.69078 0.829977 0.255068 0.520301 0.128895 0.854321 0.422554 0.517932 0.0165446 0.492787 0.790106 0.553755 0.363077 0.744285 0.562709 0.0962666 0.954514 0.501982 0.670011 0.595658 0.136817 0.654661 0.313093 0.159641 0.557873 0.638055 0.62049 0.711203 0.54649 0.383677 0.788264 0.106135 0.186605 0.233374 0.716798 0.273506 0.98538 0.780633 0.279488 0.343747 0.816561 0.32801 0.261809 0.553837 
0.57228 0.326271 0.572318 0.372508 0.183941 0.804467 0.388496 0.266838 0.674442 0.589227 0.231814 0.208636 0.323263 0.344946 0.732735 0.489745 0.352699 0.74568 0.630662 0.470928 0.508707 0.2475 0.648008 0.925925 0.453126 0.23792 0.766089 0.739515 0.922221 0.471937 0.951514 0.851261 0.15546 0.802575 0.94037 0.360715 0.230731 0.127785 0.897542 0.974867 0.500008 0.645279 0.238616 0.377823 0.0989142 0.0863753 0.769964 0.785425 0.82307 0.0274982 0.434444 0.724591 0.844369 0.188446 0.757677 0.529492 0.991864 0.374822 0.576171 0.69049 0.472343 0.44955 0.317393 0.738401 
0.948004 0.946853 0.494531 0.550757 0.786614 0.315334 0.56502 0.680439 0.727737 0.822652 0.291923 0.785882 0.455581 0.929656 0.346021 0.240692 0.38036 0.830659 0.279138 0.953125 0.151531 0.870943 0.296677 0.576148 0.690779 0.221823 0.153694 0.302939 0.50036 0.0604854 0.497368 0.79837 0.907856 0.472925 0.867811 0.24719 0.0327921 0.0275008 0.950732 0.894083 0.962307 0.0313979 0.220466 0.382213 0.0535408 0.316496 0.641451 0.934523 0.144068 0.850991 0.957209 0.345918 0.675668 0.16762 0.310322 0.542721 0.68067 0.411233 0.859987 0.600089 0.563046 0.746781 0.0638721 0.349333 
0.0939966 0.810183 0.780776 0.784936 0.937714 0.790762 0.00360385 0.641937 0.974223 0.888165 0.350574 0.0993791 0.422093 0.329387 0.841713 0.488344 0.163015 0.305089 0.153652 0.857504 0.0968516 0.326756 0.222735 0.151269 0.652237 0.512551 0.512683 0.791283 0.789242 0.536601 0.238089 0.917553 0.172975 0.318823 0.163867 0.749135 0.982665 0.408521 0.0552899 0.0365412 0.774927 0.550978 0.789833 0.66311 0.687195 0.426672 0.594882 0.920836 0.980733 0.89834 0.852191 0.884104 0.113468 0.717635 0.967093 0.374004 0.634955 0.26984 0.00594785 0.634139 0.246424 0.302018 0.287165 0.887961 
0.637862 0.129443 0.708147 0.90244 0.87195 0.866523 0.461162 0.475794 0.658305 0.825828 0.718966 0.46029 0.886332 0.430211 0.576317 0.806041 0.717132 0.972754 0.686881 0.309479 0.88288 0.807387 0.769248 0.441811 0.270053 0.0747488 0.564353 0.641068 0.730641 0.816126 0.319604 0.962209 0.476802 0.124656 0.541028 0.215346 0.951709 0.0583917 0.554557 0.323891 0.499659 0.179163 0.227079 0.67527 0.646374 0.0798276 0.867775 0.57102 0.140376 0.310956 0.686871 0.715503 0.169469 0.931453 0.543466 0.880285 0.458543 0.515815 0.325482 0.697734 0.719993 0.867121 0.432809 0.137426 
0.339512 0.353908 0.196304 0.278417 0.35632 0.975844 0.207293 0.681844 0.139828 0.276367 0.906397 0.928234 0.55299 0.0700722 0.997878 0.202634 0.871282 0.490516 0.972714 0.670117 0.0683667 0.0813792 0.862509 0.796638 0.57119 0.642562 0.574326 0.530554 0.699829 0.878676 0.538606 0.780035 0.968122 0.740087 0.608657 0.423687 0.592804 0.665924 0.863986 0.910086 0.16492 0.132052 0.857223 0.611716 0.596105 0.701179 0.919987 0.516821 0.173655 0.0962063 0.988324 0.144313 0.420604 0.994118 0.500265 0.764345 0.887113 0.510378 0.654585 0.506384 0.237205 0.994547 0.549578 0.485439 
0.609441 0.295607 0.290226 0.902851 0.743973 0.531992 0.803259 0.899707 0.561036 0.829577 0.112817 0.154486 0.71135 0.0395932 0.981999 0.81777 0.986616 0.510038 0.151337 0.128823 0.21696 0.94615 0.576229 0.243449 0.22566 0.834779 0.86627 0.363865 0.801085 0.103947 0.388351 0.881573 0.718596 0.319259 0.712494 0.195501 0.0333625 0.961727 0.342173 0.434981 0.68696 0.726597 0.179438 0.935769 0.040061 0.147335 0.721507 0.473256 0.186003 0.414677 0.946907 0.215304 0.130411 0.187713 0.839763 0.310985 0.204063 0.871195 0.884172 0.058005 0.787255 0.302953 0.743967 0.521002 
0.896365 0.819005 0.425523 0.698841 0.547732 0.757087 0.969735 0.328368 0.923072 0.295242 0.87966 0.802936 0.318073 0.167323 0.412721 0.887613 0.254076 0.0433922 0.729181 0.353614 0.842177 0.872839 0.108711 0.646167 0.83771 0.294279 0.637059 0.333465 0.515438 0.122721 0.0418619 0.981476 0.292504 0.609769 0.857132 0.612549 0.362613 0.419377 0.0116192 0.953341 0.729877 0.50013 0.413203 0.260884 0.643837 0.478598 0.199054 0.154423 0.492899 0.692223 0.750126 0.0566503 0.167901 0.662206 0.761584 0.738615 0.234973 0.341586 0.452011 0.652184 0.816419 0.416305 0.935022 0.873389 
0.28455 0.945053 0.862641 0.118646 0.59231 0.90631 0.0552719 0.253226 0.812277 0.708937 0.556934 0.0427042 0.316235 0.304394 0.11251 0.500136 0.29612 0.491029 0.307913 0.85181 0.370816 0.00382418 0.677294 0.263427 0.417676 0.360351 0.218631 0.746649 0.805364 0.526373 0.664318 0.603812 0.627775 0.659709 0.513988 0.298954 0.575362 0.0784353 0.207375 0.697707 0.949601 0.224796 0.956016 0.0730038 0.596751 0.94476 0.574712 0.567157 0.922184 0.776506 0.867982 0.293646 0.577403 0.549022 0.401449 0.309256 0.545867 0.791704 0.740487 0.270856 0.796797 0.370989 0.0673605 0.129328 
0.814288 0.0359315 0.404588 0.311318 0.711695 0.809252 0.0454302 0.670919 0.901561 0.703661 0.354185 0.56091 0.457757 0.222883 0.617796 0.713684 0.446804 0.80404 0.73367 0.035355 0.853723 0.810819 0.190491 0.986626 0.114375 0.453057 0.370122 0.311703 0.36199 0.147061 0.962342 0.773118 0.703736 0.243112 0.151012 0.759898 0.627426 0.342802 0.789586 0.166054 0.68546 0.875992 0.994543 0.646549 0.325622 0.184986 0.230083 0.0766962 0.176786 0.950257 0.981134 0.232555 0.380182 0.514775 0.676574 0.165592 0.467774 0.975027 0.810453 0.170645 0.522266 0.660005 0.19391 0.258107 
0.626755 0.830361 0.80597 0.780767 0.245607 0.53644 0.491643 0.907689 0.199567 0.518653 0.905793 0.218432 0.739155 0.300898 0.967743 0.860992 0.103863 0.284144 0.978734 0.912229 0.703518 0.227184 0.410217 0.375374 0.810782 0.719389 0.483919 0.876429 0.862292 0.750922 0.1468 0.64746 0.489504 0.0865633 0.499447 0.965029 0.214676 0.562996 0.349407 0.830457 0.129192 0.704008 0.0631985 0.0720535 0.883906 0.0493579 0.236051 0.407055 0.594227 0.29065 0.550417 0.438905 0.338416 0.594181 0.000823326 0.815585 0.0370651 0.552248 0.343221 0.32895 0.739654 0.940082 0.508015 0.1469 
0.316946 0.488521 0.154954 0.204921 0.417152 0.973925 0.143015 0.794153 0.240776 0.843637 0.823232 0.653192 0.64062 0.708158 0.735344 0.0487556 0.769343 0.115565 0.262829 0.151036 0.784074 0.935097 0.0786838 0.972158 0.0792037 0.702253 0.0957646 0.279669 0.168958 0.0120988 0.945719 0.646102 0.904973 0.920512 0.860893 0.197352 0.205971 0.849031 0.713959 0.0310236 0.472749 0.985371 0.355733 0.269411 0.888726 0.981905 0.262811 0.913902 0.190053 0.759817 0.0893839 0.162264 0.775529 0.460997 0.279107 0.823308 0.634246 0.182256 0.861694 0.349109 0.663325 0.220303 0.140629 0.0128272 
0.189671 0.289376 0.680812 0.674678 0.0178994 0.983142 0.988849 0.926454 0.0152675 0.571807 0.251748 0.953113 0.792063 0.580244 0.0978573 0.817554 0.916781 0.50069 0.183448 0.48179 0.376105 0.28622 0.729421 0.67556 0.0938026 0.402228 0.873924 0.640256 0.929774 0.136035 0.325404 0.925023 0.490568 0.360312 0.707295 0.556904 0.0949187 0.917136 0.0389737 0.458546 0.776898 0.0292558 0.503206 0.812513 0.629858 0.277297 0.0836452 0.570498 0.856054 0.22288 0.204514 0.470355 0.864991 0.828199 0.0345499 0.551628 0.961791 0.307608 0.698428 0.308841 0.255763 0.657406 0.402894 0.756511 
0.841018 0.448396 0.894216 0.085655 0.577755 0.595703 0.99757 0.430619 0.70909 0.7664 0.0661971 0.864211 0.396237 0.616447 0.59428 0.950776 0.148513 0.00162969 0.217531 0.733178 0.120302 0.187969 0.213654 0.879751 0.133343 0.547362 0.665285 0.513462 0.46896 0.870098 0.0235684 0.390744 0.271288 0.539038 0.225073 0.265488 0.408024 0.322646 0.803019 0.455802 0.824861 0.132964 0.967646 0.891622 0.537108 0.361276 0.868184 0.84215 0.0722916 0.866996 0.835533 0.207699 0.234366 0.215394 0.333725 0.651073 0.571186 0.97395 0.784142 0.708669 0.0122473 0.585878 0.894776 0.00278057 
0.17856 0.644071 0.298833 0.700951 0.852417 0.244419 0.760185 0.807229 0.277064 0.454195 0.702337 0.0351467 0.648426 0.895059 0.877026 0.876336 0.95289 0.754667 0.591682 0.405159 0.354556 0.821161 0.551388 0.312023 0.806689 0.905891 0.939425 0.133594 0.31341 0.218121 0.931716 0.124572 0.0727882 0.689885 0.241179 0.68271 0.656002 0.636392 0.861608 0.143759 0.444886 0.724159 0.480848 0.712036 0.972858 0.0466362 0.601826 0.912779 0.731353 0.810121 0.0860252 0.532841 0.377229 0.678296 0.0430431 0.127836 0.191231 0.662309 0.232641 0.709549 0.602989 0.786957 0.0374872 0.0834505 
0.812328 0.556596 0.842252 0.163543 0.514518 0.53812 0.214876 0.641573 0.828879 0.617996 0.564358 0.0787495 0.70217 0.793357 0.647227 0.533286 0.851594 0.662954 0.024886 0.283944 0.759139 0.019079 0.0307833 0.183799 0.288303 0.571675 0.397705 0.980624 0.396207 0.863307 0.13978 0.719132 0.777123 0.417212 0.771732 0.290733 0.192323 0.419946 0.170315 0.09515 0.252362 0.599373 0.68187 0.26447 0.711827 0.0386171 0.770074 0.83673 0.802084 0.436134 0.979182 0.905548 0.817986 0.700368 0.168131 0.273475 0.418201 0.896057 0.277667 0.404497 0.456834 0.551387 0.323379 0.109244 
0.112309 0.253184 0.397671 0.312213 0.476567 0.302793 0.293156 0.718338 0.0843973 0.289353 0.0309892 0.122822 0.991863 0.884948 0.4338 0.554122 0.949066 0.921882 0.814829 0.20193 0.608246 0.108974 0.865667 0.486051 0.394962 0.54612 0.674394 0.895983 0.329438 0.274276 0.365799 0.369435 0.892188 0.887169 0.297528 0.732584 0.331046 0.0690167 0.0941971 0.115269 0.754309 0.339526 0.363192 0.962155 0.0552248 0.158164 0.377656 0.855109 0.450025 0.816004 0.852739 0.949228 0.22295 0.937734 0.8786 0.173723 0.250462 0.690029 0.0622127 0.342409 0.58138 0.863806 0.677014 0.335339 
0.806624 0.577939 0.682956 0.7733 0.854865 0.395526 0.415029 0.48132 0.000806479 0.13506 0.565642 0.951666 0.0487027 0.700564 0.199698 0.23027 0.283988 0.14209 0.292158 0.889683 0.794058 0.139307 0.927744 0.706892 0.491054 0.493713 0.962101 0.50299 0.162825 0.632227 0.45848 0.381191 0.76383 0.812028 0.106637 0.477294 0.288707 0.704395 0.69781 0.92494 0.0414918 0.24161 0.822822 0.188131 0.884169 0.511028 0.560877 0.821668 0.216203 0.295857 0.385582 0.104057 0.2318 0.455422 0.279181 0.472728 0.414986 0.31494 0.737389 0.740769 0.839387 0.730632 0.222836 0.743192 
0.677734 0.613346 0.499648 0.644737 0.804909 0.804722 0.846762 0.486868 0.268556 0.900377 0.413229 0.252569 0.678386 0.0169518 0.298664 0.290451 0.205424 0.135967 0.979217 0.385813 0.103737 0.497178 0.243623 0.13879 0.0927873 0.0693981 0.349657 0.232568 0.546343 0.860439 0.077329 0.472732 0.597611 0.792968 0.45653 0.901484 0.63547 0.442005 0.990136 0.113406 0.344969 0.0633437 0.365301 0.185599 0.0510504 0.392576 0.394471 0.498886 0.284637 0.888378 0.975232 0.413056 0.213454 0.0154834 0.938247 0.607777 0.480111 0.745079 0.460828 0.12761 0.695338 0.963611 0.302148 0.366775 
0.946751 0.0371261 0.101374 0.299908 0.602069 0.162575 0.928592 0.298079 0.621912 0.433389 0.557883 0.848738 0.6542 0.793359 0.203405 0.755929 0.261386 0.922889 0.589224 0.788736 0.988032 0.125394 0.817896 0.961751 0.730568 0.877158 0.494869 0.228567 0.209375 0.951782 0.371535 0.448482 0.653998 0.108564 0.813762 0.807901 0.8788 0.569314 0.895154 0.753909 0.849421 0.219843 0.531922 0.241417 0.730471 0.357046 0.0284704 0.721956 0.0176038 0.35415 0.502562 0.6935 0.463155 0.527862 0.590387 0.654256 0.0072804 0.463643 0.747446 0.720581 0.24096 0.949412 0.0964239 0.0996652 
0.974688 0.921372 0.886179 0.610062 0.182006 0.552633 0.506041 0.874681 0.627836 0.899799 0.766787 0.963378 0.0279871 0.291705 0.948574 0.227462 0.909597 0.86928 0.338063 0.707559 0.538435 0.519863 0.515349 0.680714 0.763073 0.806047 0.951182 0.63433 0.469225 0.316919 0.736905 0.543462 0.858928 0.81033 0.351395 0.192921 0.360923 0.282118 0.585438 0.578673 0.260444 0.469113 0.63497 0.282668 0.196851 0.271054 0.567844 0.0109025 0.737654 0.326231 0.57355 0.550004 0.355281 0.454829 0.741516 0.0522 0.967809 0.761523 0.004018 0.813431 0.848903 0.760989 0.666456 0.516901 
0.508125 0.230034 0.962141 0.305436 0.88103 0.338247 0.176699 0.0629018 0.180094 0.661521 0.721766 0.550827 0.332726 0.68717 0.0737252 0.55646 0.77953 0.877558 0.131375 0.183875 0.208215 0.835067 0.531802 0.750373 0.422761 0.40367 0.814759 0.928806 0.576689 0.154709 0.528329 0.434185 0.259663 0.740795 0.673711 0.804545 0.144549 0.441285 0.383527 0.922781 0.327762 0.0469193 0.600712 0.204562 0.282507 0.328215 0.578774 0.415845 0.548366 0.98306 0.543479 0.0426709 0.879302 0.834986 0.796597 0.491727 0.846691 0.472601 0.797564 0.694004 0.576665 0.0799339 0.0106061 0.518424 
0.703067 0.251775 0.907168 0.249571 0.231402 0.715462 0.824139 0.712638 0.585241 0.31036 0.698863 0.484307 0.492177 0.931359 0.20872 0.27469 0.297861 0.158608 0.933058 0.956576 0.842769 0.80235 0.759699 0.00589126 0.268401 0.345288 0.313709 0.849551 0.179102 0.68604 0.634421 0.053091 0.806179 0.891032 0.0900757 0.102625 0.675458 0.110328 0.827621 0.0109781 0.40546 0.481062 0.872724 0.766719 0.00776201 0.0842859 0.615305 0.313776 0.521253 0.541777 0.359165 0.559828 0.522357 0.754401 0.939004 0.986191 0.923534 0.44409 0.596229 0.831778 0.82286 0.300508 0.645235 0.44501 
0.326365 0.18656 0.25865 0.611587 0.322296 0.680609 0.826421 0.139364 0.814349 0.620694 0.817393 0.109081 0.582329 0.65839 0.975843 0.0715869 0.223686 0.554931 0.687601 0.847741 0.44424 0.822458 0.871151 0.881793 0.537264 0.381338 0.891752 0.210916 0.80391 0.775893 0.684006 0.321215 0.229958 0.388046 0.116632 0.596678 0.688321 0.74759 0.0919922 0.547817 0.978649 0.590536 0.0811839 0.682746 0.0377818 0.824682 0.619254 0.821722 0.64225 0.876815 0.117245 0.697912 0.886331 0.108366 0.593329 0.691957 0.471632 0.830954 0.140993 0.548102 0.613357 0.615316 0.222809 0.214342 
0.309966 0.24863 0.255449 0.816191 0.133958 0.195426 0.369895 0.0606484 0.651615 0.846639 0.719337 0.581175 0.970773 0.556275 0.393613 0.344007 0.707487 0.268284 0.251306 0.971294 0.199502 0.458809 0.542309 0.438933 0.351622 0.290247 0.0784618 0.370154 0.366933 0.112695 0.164844 0.166737 0.178845 0.0744434 0.720218 0.335946 0.174759 0.568952 0.401198 0.560733 0.58318 0.505215 0.290401 0.831145 0.304014 0.274266 0.401773 0.955231 0.412329 0.114293 0.90941 0.0529899 0.717365 0.621108 0.761048 0.017679 0.212964 0.0731988 0.209389 0.92834 0.664273 0.146146 0.713728 0.753012 
0.487633 0.116155 0.614849 0.0429759 0.547493 0.122806 0.368795 0.660138 0.784286 0.302269 0.731137 0.595389 0.611907 0.810411 0.238167 0.133857 0.766874 0.935944 0.104924 0.602538 0.570816 0.0132659 0.918681 0.123133 0.533487 0.709183 0.782852 0.971944 0.831622 0.545625 0.94544 0.267768 0.462975 0.923302 0.782555 0.909393 0.121942 0.32419 0.364814 0.975652 0.660679 0.0372157 0.523333 0.684396 0.431934 0.966367 0.425092 0.156556 0.973799 0.577632 0.654708 0.351029 0.358284 0.373814 0.539718 0.188356 0.372198 0.174952 0.519232 0.0583629 0.120882 0.132647 0.82081 0.394288 
0.889219 0.664967 0.844857 0.546591 0.0489616 0.335169 0.484853 0.127017 0.244885 0.224088 0.00633549 0.397091 0.981607 0.856491 0.402382 0.97295 0.767787 0.640967 0.916759 0.465762 0.81609 0.724423 0.272184 0.913798 0.0220077 0.516343 0.785796 0.800896 0.496724 0.244111 0.797615 0.542179 0.192149 0.335515 0.611438 0.308287 0.56188 0.53695 0.377241 0.572804 0.216777 0.209411 0.867949 0.564791 0.624661 0.660775 0.213197 0.434607 0.22806 0.865362 0.437067 0.0978546 0.0325667 0.737381 0.569377 0.514976 0.324988 0.227603 0.888755 0.0194829 0.451673 0.170532 0.834519 0.42642 
0.740873 0.732414 0.337055 0.168214 0.982859 0.694746 0.978079 0.261731 0.426267 0.828998 0.0202268 0.395598 0.126907 0.0842862 0.934891 0.551376 0.269325 0.0256714 0.670813 0.893124 0.271118 0.284988 0.41673 0.375027 0.130208 0.605379 0.152603 0.165717 0.500897 0.195252 0.989166 0.374491 0.351183 0.143674 0.709364 0.807726 0.834627 0.940663 0.875233 0.507257 0.976421 0.825489 0.4784 0.638929 0.571615 0.187274 0.71861 0.12296 0.834763 0.631319 0.704985 0.375397 0.885472 0.279062 0.427224 0.488851 0.155332 0.707837 0.886628 0.632858 0.943626 0.929363 0.465786 0.260298 
0.398711 0.791712 0.105267 0.970343 0.028586 0.216042 0.509762 0.651889 0.0791464 0.898786 0.176069 0.393753 0.0996179 0.0308383 0.0858298 0.692901 0.555798 0.581173 0.625312 0.11949 0.791407 0.465929 0.970478 0.381064 0.969852 0.822133 0.252358 0.438135 0.761461 0.759964 0.543269 0.703437 0.434809 0.869903 0.731522 0.566277 0.72209 0.189029 0.267406 0.17901 0.985574 0.135867 0.841619 0.249022 0.0398773 0.610088 0.353133 0.686323 0.810969 0.976867 0.0974779 0.500806 0.222755 0.994361 0.27444 0.00499723 0.0572435 0.960353 0.0756586 0.966095 0.326222 0.694508 0.217957 0.854766 
0.828218 0.126704 0.0666241 0.853609 0.302296 0.828746 0.723515 0.827473 0.349411 0.482782 0.364699 0.328313 0.0226222 0.615861 0.595287 0.487802 0.145185 0.383819 0.185927 0.248875 0.459898 0.74315 0.308492 0.893778 0.976315 0.472863 0.89652 0.73227 0.0381729 0.465914 0.0106859 0.501602 0.676828 0.2544 0.536479 0.643829 0.134309 0.182149 0.0255713 0.130683 0.768324 0.9815 0.98345 0.15126 0.95842 0.834806 0.420323 0.371345 0.876586 0.0295938 0.962015 0.0548622 0.914554 0.362075 0.608483 0.717539 0.406417 0.431527 0.680638 0.0732503 0.854749 0.235641 0.221475 0.196526 
0.598403 0.756396 0.861618 0.00714954 0.697988 0.344826 0.691575 0.184061 0.948796 0.934938 0.765603 0.747965 0.300443 0.137581 0.197569 0.0910771 0.116739 0.283696 0.0274573 0.619787 0.312794 0.531478 0.879332 0.988707 0.520258 0.523772 0.413131 0.476003 0.297052 0.814647 0.858598 0.364359 0.968245 0.61364 0.134239 0.293461 0.663705 0.908309 0.606396 0.455533 0.80827 0.322588 0.277835 0.0432885 0.512453 0.860539 0.258474 0.630733 0.760941 0.199564 0.787704 0.400526 0.468952 0.648372 0.617562 0.118346 0.098696 0.306103 0.830623 0.698644 0.339315 0.353548 0.837818 0.0745987 
0.0536444 0.0262772 0.385236 0.479818 0.745389 0.0381303 0.626848 0.259065 0.826045 0.941414 0.848024 0.0905638 0.935416 0.116944 0.593372 0.283441 0.333936 0.886845 0.41883 0.765791 0.289436 0.272071 0.413568 0.987172 0.204508 0.659156 0.986735 0.939013 0.608504 0.810694 0.417712 0.339609 0.612683 0.343251 0.627039 0.887313 0.526322 0.905846 0.247329 0.474263 0.652156 0.223646 0.239979 0.798313 0.497236 0.70313 0.119479 0.965045 0.487195 0.998531 0.725128 0.935399 0.228581 0.432162 0.801439 0.285073 0.782101 0.0741699 0.299825 0.55252 0.898104 0.422294 0.0240323 0.0850558 
0.232159 0.597844 0.33613 0.582485 0.142134 0.312157 0.676915 0.315495 0.790794 0.799047 0.41155 0.0331018 0.448089 0.469134 0.338554 0.698446 0.234733 0.440422 0.85817 0.617757 0.493443 0.861241 0.449558 0.459502 0.823866 0.625075 0.529395 0.343692 0.360546 0.0503186 0.754837 0.414923 0.669823 0.877512 0.582539 0.740556 0.099959 0.662161 0.808363 0.701367 0.537205 0.167967 0.0508606 0.587996 0.913008 0.0597633 0.194811 0.0574061 0.816457 0.715139 0.635155 0.87507 0.153621 0.742073 0.850767 0.923398 0.00555205 0.752531 0.166407 0.465819 0.011465 0.606978 0.177109 0.410064 
0.412488 0.357417 0.95081 0.406714 0.905809 0.634493 0.0280029 0.186471 0.139257 0.279551 0.386765 0.967652 0.911185 0.634937 0.615274 0.755053 0.721583 0.870531 0.870436 0.294144 0.481838 0.122003 0.704837 0.450705 0.807939 0.534853 0.577157 0.695665 0.0933194 0.430659 0.254461 0.927864 0.979994 0.0216238 0.713808 0.491844 0.791906 0.570841 0.00981232 0.356191 0.791543 0.0548429 0.276525 0.181519 0.083145 0.315102 0.697118 0.650789 0.126075 0.363335 0.655195 0.668808 0.0201464 0.28936 0.845869 0.922817 0.651621 0.193898 0.350066 0.68034 0.935691 0.439081 0.517743 0.514313 
0.164873 0.369768 0.367463 0.352297 0.611556 0.533911 0.795849 0.489874 0.882608 0.227936 0.327469 0.783212 0.867209 0.661717 0.734066 0.72249 0.78816 0.353043 0.457389 0.698641 0.643456 0.730782 0.00150885 0.320258 0.00278392 0.247879 0.558673 0.579986 0.540284 0.16864 0.29341 0.83107 0.978625 0.201679 0.583761 0.507654 0.441802 0.158806 0.581174 0.322617 0.0529437 0.961506 0.298186 0.516115 0.347348 0.134529 0.624276 0.7534 0.148068 0.149542 0.948096 0.0936882 0.641706 0.305114 0.793113 0.250233 0.565022 0.412815 0.707228 0.254358 0.217286 0.807254 0.636592 0.273925 
0.0334549 0.482935 0.531017 0.707267 0.0218134 0.989966 0.315521 0.849235 0.425971 0.255455 0.524657 0.0829594 0.659376 0.376561 0.487147 0.633519 0.179392 0.721584 0.779192 0.0964427 0.643571 0.258768 0.235927 0.531997 0.728641 0.833933 0.321636 0.779077 0.694051 0.698265 0.116254 0.584863 0.199853 0.974273 0.712468 0.828406 0.135058 0.122493 0.935973 0.11373 0.811428 0.277728 0.0791198 0.0138794 0.421225 0.790997 0.25626 0.0350968 0.257244 0.0526554 0.355362 0.264765 0.664664 0.755175 0.247492 0.362007 0.00187064 0.740247 0.292515 0.176355 0.351367 0.504701 0.127102 0.783789 
0.902893 0.764399 0.610997 0.761442 0.673444 0.31937 0.66609 0.130015 0.554803 0.0763291 0.939083 0.845639 0.810658 0.830025 0.0564248 0.0818549 0.514508 0.712313 0.212541 0.678063 0.270963 0.664386 0.14657 0.729979 0.322599 0.960228 0.48202 0.389696 0.326432 0.926988 0.708066 0.291676 0.508292 0.671919 0.454267 0.101471 0.793966 0.305542 0.0269188 0.0546209 0.408918 0.0435775 0.815119 0.249718 0.531664 0.323883 0.670889 0.881466 0.946716 0.269366 0.319295 0.807173 0.276178 0.534789 0.47321 0.10064 0.944435 0.258301 0.755726 0.416189 0.771278 0.851758 0.744266 0.540332 
0.203135 0.210271 0.103418 0.0966883 0.825869 0.400077 0.131067 0.384154 0.416756 0.753393 0.87857 0.864013 0.313018 0.658748 0.399005 0.161895 0.20343 0.64991 0.766362 0.435401 0.100564 0.460994 0.939111 0.705945 0.053008 0.322392 0.613008 0.43662 0.838671 0.559765 0.0368567 0.669464 0.388154 0.596336 0.41564 0.27685 0.406398 0.0761478 0.0300518 0.177715 0.111636 0.429904 0.146696 0.957678 0.646381 0.81741 0.32853 0.480906 0.715144 0.218545 0.846918 0.135175 0.492511 0.725608 0.641131 0.00177566 0.850261 0.690833 0.983386 0.888129 0.676543 0.533213 0.0104897 0.95909 
0.875415 0.140502 0.139682 0.0644413 0.776212 0.197464 0.83106 0.116465 0.415243 0.864147 0.934898 0.534323 0.734734 0.974585 0.550339 0.334526 0.363403 0.509579 0.804903 0.510099 0.106169 0.00618361 0.780417 0.241338 0.240877 0.719283 0.625313 0.769249 0.272392 0.0613527 0.888413 0.4944 0.154331 0.305303 0.493219 0.588752 0.00983427 0.789097 0.851887 0.731446 0.119894 0.3254 0.560316 0.181396 0.898855 0.79267 0.790051 0.263943 0.06768 0.358801 0.774122 0.0966879 0.746995 0.00842354 0.248455 0.521704 0.557044 0.738388 0.597053 0.361018 0.378734 0.441747 0.362153 0.0300461 
0.768443 0.309405 0.645188 0.0755989 0.859335 0.0335729 0.292289 0.663948 0.886549 0.137116 0.178748 0.592899 0.499988 0.440623 0.0123241 0.337709 0.489512 0.844883 0.307278 0.897191 0.884672 0.301657 0.67055 0.560631 0.190632 0.21567 0.464047 0.444834 0.986368 0.269093 0.907451 0.957774 0.718859 0.531946 0.270455 0.402633 0.937623 0.738827 0.0986498 0.863086 0.195651 0.284074 0.087438 0.511207 0.393478 0.868227 0.304345 0.971786 0.808796 0.713564 0.546611 0.973931 0.488904 0.901763 0.893423 0.0299812 0.822242 0.544402 0.624238 0.554906 0.525461 0.871025 0.761325 0.341152 
0.344257 0.563017 0.820785 0.93265 0.353666 0.765904 0.983133 0.143549 0.242137 0.195692 0.371799 0.694655 0.968573 0.323455 0.671541 0.880303 0.418402 0.38112 0.530358 0.248017 0.132423 0.428436 0.308378 0.171992 0.929309 0.756712 0.605066 0.560814 0.893804 0.710742 0.987288 0.151731 0.782047 0.694288 0.658757 0.0637458 0.877606 0.420337 0.39632 0.793242 0.441033 0.0152584 0.613243 0.0632144 0.81337 0.365486 0.015975 0.454801 0.498136 0.411299 0.945264 0.762256 0.347442 0.897676 0.724598 0.3535 0.722191 0.289859 0.982041 0.407236 0.488203 0.890123 0.962305 0.921399 
0.563087 0.900071 0.191661 0.011067 0.635013 0.180558 0.189027 0.930956 0.0107493 0.459588 0.812092 0.104752 0.557182 0.716249 0.524963 0.0576462 0.967385 0.988099 0.170015 0.674843 0.238261 0.26865 0.436501 0.639587 0.794247 0.437795 0.551809 0.18209 0.577677 0.147211 0.842501 0.210696 0.174733 0.835359 0.459733 0.490518 0.48188 0.446009 0.41623 0.0717511 0.19834 0.99209 0.494012 0.651068 0.717245 0.31357 0.47433 0.80434 0.38096 0.762163 0.212601 0.727809 0.996708 0.104328 0.51122 0.298896 0.681753 0.531489 0.574989 0.248342 0.548312 0.604039 0.51011 0.457272 
0.445683 0.2541 0.860318 0.553788 0.129647 0.0398763 0.889866 0.964865 0.0777565 0.890215 0.210296 0.806525 0.311914 0.452647 0.503144 0.81556 0.857286 0.685571 0.365551 0.413187 0.0615906 0.715041 0.149425 0.194541 0.767518 0.281683 0.771535 0.42786 0.398273 0.825048 0.832418 0.8039 0.873423 0.505741 0.890665 0.363689 0.949569 0.152857 0.638739 0.852311 0.382931 0.989455 0.118819 0.0337159 0.0415414 0.658181 0.0329284 0.182828 0.304128 0.0804999 0.537573 0.226264 0.521538 0.649837 0.474821 0.0069862 0.301636 0.427136 0.505972 0.818123 0.624963 0.0118631 0.636409 0.475092 
0.0976109 0.947691 0.93041 0.892235 0.602079 0.112168 0.853867 0.786496 0.380643 0.316218 0.972736 0.201917 0.981526 0.529468 0.300197 0.726485 0.437941 0.400608 0.94989 0.896242 0.714046 0.385194 0.491034 0.406151 0.446599 0.909378 0.0135666 0.705971 0.759438 0.633378 0.395103 0.788267 0.711587 0.395481 0.117013 0.356476 0.58608 0.53925 0.848115 0.663502 0.827222 0.104145 0.050594 0.554894 0.471533 0.707455 0.521892 0.320371 0.748437 0.670501 0.737988 0.211949 0.501822 0.0138523 0.22469 0.802332 0.428141 0.527895 0.407845 0.33685 0.401987 0.0166934 0.866767 0.591594 
0.612006 0.536781 0.4833 0.461417 0.174077 0.31276 0.909253 0.173808 0.908208 0.635239 0.0960538 0.887282 0.121583 0.882052 0.340937 0.60428 0.205522 0.696725 0.286059 0.371054 0.305651 0.438912 0.721652 0.0395015 0.578958 0.450895 0.240677 0.710293 0.946147 0.211854 0.324589 0.757695 0.47879 0.948914 0.424912 0.335323 0.564944 0.138488 0.0592464 0.56723 0.530082 0.56162 0.811455 0.458316 0.294296 0.888832 0.656705 0.437758 0.857784 0.108775 0.907678 0.754554 0.596742 0.386596 0.688303 0.811124 0.422275 0.0481867 0.122303 0.317292 0.514671 0.830715 0.284888 0.0358378 
0.591564 0.657596 0.778123 0.465773 0.904708 0.323802 0.440509 0.62824 0.243913 0.487848 0.397777 0.162139 0.280629 0.939557 0.177055 0.462058 0.931854 0.890828 0.933711 0.266102 0.152163 0.711869 0.602417 0.222893 0.461584 0.706009 0.978538 0.795179 0.590317 0.0906084 0.940182 0.695546 0.518439 0.015403 0.943959 0.577841 0.658128 0.174546 0.0232491 0.233138 0.0637429 0.823941 0.305691 0.24209 0.675257 0.37555 0.392106 0.960281 0.313084 0.27901 0.678031 0.826621 0.396335 0.324143 0.517167 0.277188 0.954806 0.302414 0.73242 0.204067 0.78986 0.759009 0.147911 0.883273 
0.260819 0.320525 0.149164 0.418852 0.582604 0.574657 0.922885 0.085299 0.595936 0.841699 0.505242 0.480799 0.287918 0.584097 0.790687 0.96983 0.263467 0.948475 0.658831 0.815043 0.445635 0.399587 0.621273 0.51025 0.954099 0.590626 0.327962 0.97203 0.436383 0.423419 0.421831 0.953512 0.684548 0.0865797 0.334219 0.829187 0.793189 0.653817 0.720495 0.395156 0.827677 0.050647 0.672571 0.121607 0.0319766 0.251481 0.555869 0.919757 0.526325 0.0212328 0.104343 0.0154899 0.673899 0.354735 0.0742723 0.593072 0.0538459 0.575134 0.734514 0.0601721 0.3095 0.22487 0.671801 0.723273 
0.463248 0.773107 0.3529 0.90005 0.225388 0.0313323 0.776088 0.822992 0.849816 0.0590733 0.676927 0.979424 0.20349 0.830755 0.908126 0.356543 0.286858 0.716007 0.351936 0.218926 0.709724 0.0339121 0.332472 0.289206 0.0586287 0.00403862 0.86219 0.445791 0.492523 0.522226 0.501619 0.806299 0.606161 0.536253 0.0103286 0.26872 0.519541 0.317266 0.330848 0.360747 0.0984157 0.628976 0.793011 0.0394141 0.0953345 0.960175 0.293174 0.38917 0.878225 0.24821 0.424594 0.974324 0.161131 0.205177 0.89503 0.830963 0.961369 0.543152 0.818954 0.302507 0.0266463 0.994516 0.493743 0.751778 
0.613035 0.60694 0.345932 0.261276 0.476421 0.127385 0.487666 0.423013 0.757426 0.533612 0.385181 0.327636 0.205349 0.967255 0.0515722 0.631647 0.0588954 0.283875 0.996319 0.480444 0.0889807 0.96011 0.796134 0.802277 0.55734 0.306712 0.211609 0.110385 0.607712 0.740264 0.665529 0.226952 0.420853 0.910303 0.0464183 0.114051 0.523993 0.0467732 0.760027 0.265492 0.643881 0.951711 0.555217 0.860429 0.851835 0.101592 0.843102 0.258673 0.142779 0.840313 0.308879 0.196104 0.639698 0.665638 0.0346072 0.470552 0.59799 0.66856 0.541647 0.357586 0.48625 0.281196 0.1566 0.657214 
0.511588 0.888772 0.531087 0.0989863 0.885515 0.882185 0.983316 0.961717 0.25491 0.225838 0.270195 0.381895 0.177554 0.144596 0.0353006 0.795973 0.923817 0.194041 0.634371 0.737032 0.402135 0.114094 0.737434 0.626488 0.182847 0.331657 0.113832 0.798879 0.887527 0.45964 0.899001 0.458074 0.952445 0.552886 0.0186872 0.836282 0.536857 0.889472 0.539309 0.0433757 0.329505 0.556198 0.571611 0.078603 0.761087 0.63654 0.49493 0.963877 0.795788 0.912149 0.155437 0.654767 0.00892366 0.315146 0.383189 0.208187 0.90981 0.2514 0.986711 0.624932 0.567695 0.496083 0.670052 0.210712 
0.486767 0.100016 0.53082 0.473694 0.760713 0.432097 0.823516 0.237779 0.690539 0.690963 0.416957 0.879274 0.173011 0.462892 0.698331 0.768463 0.374568 0.538444 0.00451104 0.496559 0.753405 0.660748 0.654265 0.4463 0.0229273 0.564473 0.495619 0.477732 0.144381 0.27376 0.661877 0.296899 0.520294 0.206919 0.695136 0.378359 0.337343 0.608556 0.57591 0.943842 0.0662033 0.841769 0.838201 0.59146 0.0554116 0.201195 0.426878 0.26794 0.128673 0.611562 0.911153 0.677207 0.924442 0.66861 0.726889 0.257641 0.769648 0.365809 0.73299 0.773402 0.449602 0.432603 0.706449 0.495282 
0.495433 0.707016 0.951337 0.00260723 0.48115 0.0440956 0.768434 0.499775 0.332074 0.310168 0.9209 0.208251 0.159863 0.881768 0.337839 0.364587 0.0506155 0.844189 0.584867 0.785923 0.951324 0.474138 0.744839 0.0710774 0.155622 0.254378 0.635263 0.878144 0.769304 0.917233 0.695334 0.748844 0.930928 0.891248 0.727867 0.681081 0.830372 0.120846 0.868575 0.868726 0.587217 0.945992 0.83958 0.611235 0.217978 0.907772 0.330631 0.913543 0.328492 0.52168 0.396924 0.913675 0.387692 0.683393 0.913795 0.34229 0.206306 0.310035 0.58053 0.0837762 0.0345462 0.0625889 0.452966 0.100886 
0.684529 0.249234 0.0735992 0.220545 0.542471 0.948856 0.255313 0.701686 0.910124 0.109029 0.46508 0.494955 0.0183097 0.0435449 0.148884 0.178647 0.0652225 0.453133 0.439313 0.877199 0.935328 0.381159 0.943216 0.914652 0.433585 0.740971 0.770162 0.50308 0.923597 0.278717 0.622011 0.160958 0.657341 0.91494 0.748199 0.608544 0.152638 0.904385 0.721031 0.369747 0.372891 0.392108 0.967672 0.17459 0.394124 0.332836 0.944146 0.685915 0.644951 0.38346 0.297265 0.276383 0.501602 0.78798 0.240797 0.784447 0.37767 0.871451 0.835719 0.525981 0.743626 0.245151 0.187661 0.818857 
0.284263 0.698185 0.495207 0.493457 0.549152 0.353522 0.921235 0.279523 0.107383 0.454168 0.164278 0.779559 0.523963 0.148628 0.472754 0.714431 0.979394 0.998782 0.562421 0.951413 0.228697 0.178012 0.412399 0.566944 0.428634 0.29221 0.720522 0.21641 0.428046 0.240998 0.280328 0.336452 0.97189 0.187573 0.893713 0.839918 0.105305 0.928434 0.535322 0.332692 0.563568 0.0980706 0.469195 0.230053 0.343996 0.843445 0.727724 0.862424 0.820972 0.868792 0.259355 0.242466 0.88782 0.460904 0.171427 0.575778 0.617506 0.834268 0.324703 0.129826 0.0882447 0.365851 0.755316 0.884824 
0.655967 0.847991 0.828074 0.618826 0.661903 0.813586 0.361338 0.719855 0.131867 0.969813 0.444842 0.562434 0.457649 0.294127 0.421796 0.169782 0.796058 0.772632 0.552913 0.245714 0.829128 0.351781 0.221614 0.887144 0.484603 0.0762634 0.826735 0.293267 0.925577 0.872384 0.456641 0.172383 0.626154 0.89366 0.245656 0.539055 0.132031 0.950466 0.290496 0.98473 0.557824 0.816869 0.0447603 0.185941 0.191292 0.715139 0.154012 0.926363 0.524053 0.109082 0.564266 0.148686 0.849939 0.65436 0.0892324 0.314309 0.43591 0.945919 0.594145 0.0283068 0.36704 0.854683 0.390959 0.50414 
0.381586 0.470778 0.824806 0.953459 0.766024 0.878568 0.450179 0.869101 0.424578 0.572596 0.0903249 0.329855 0.239047 0.836823 0.562809 0.166813 0.537341 0.440244 0.836094 0.184411 0.800516 0.284857 0.0574727 0.700557 0.714046 0.810231 0.326087 0.961143 0.0741034 0.147064 0.411537 0.233189 0.292851 0.444062 0.833688 0.580545 0.198659 0.29737 0.135983 0.849165 0.137897 0.792243 0.394832 0.639353 0.720305 0.909834 0.564867 0.615705 0.201961 0.573863 0.197258 0.839258 0.243617 0.0317056 0.612395 0.936943 0.0687235 0.564792 0.152377 0.532036 0.954744 0.518738 0.623618 0.596178 
0.240121 0.74873 0.961943 0.278981 0.928917 0.113319 0.588332 0.820534 0.0531199 0.502174 0.154965 0.146346 0.334907 0.481772 0.344307 0.653223 0.791051 0.0202673 0.874495 0.0617472 0.573626 0.417554 0.835913 0.61849 0.81759 0.448445 0.86359 0.291271 0.056084 0.572174 0.000373882 0.526527 0.146813 0.275422 0.599079 0.788543 0.8408 0.435295 0.976009 0.555944 0.126785 0.713304 0.723014 0.639829 0.0548026 0.329141 0.386273 0.379857 0.575765 0.902195 0.652265 0.254668 0.787467 0.819892 0.653324 0.59936 0.782052 0.789266 0.89141 0.76636 0.0208675 0.663718 0.326755 0.905475 
0.889579 0.885394 0.617267 0.367508 0.230291 0.327709 0.192092 0.733365 0.5838 0.828502 0.36446 0.805677 0.747333 0.922216 0.210827 0.583679 0.720214 0.710446 0.762527 0.0645315 0.356137 0.0336117 0.123891 0.0965221 0.198286 0.442366 0.997977 0.883879 0.280951 0.213632 0.591801 0.915914 0.770598 0.0331435 0.865818 0.36584 0.672576 0.88868 0.749219 0.154706 0.737769 0.863288 0.935588 0.209508 0.680975 0.983631 0.414454 0.695962 0.535378 0.682493 0.696989 0.599016 0.121794 0.269233 0.675112 0.827767 0.170448 0.449961 0.173381 0.985778 0.468833 0.100417 0.173415 0.851 
0.0674692 0.247658 0.283109 0.726496 0.792019 0.193295 0.0969539 0.913392 0.707781 0.0848989 0.85085 0.764475 0.256486 0.110537 0.390994 0.515711 0.0651488 0.628628 0.561128 0.258029 0.361864 0.536256 0.678947 0.621227 0.814344 0.278195 0.951004 0.229487 0.396137 0.449836 0.80479 0.718103 0.888922 0.348645 0.759639 0.590188 0.925733 0.986168 0.757894 0.928855 0.6804 0.741228 0.274635 0.72957 0.271928 0.388385 0.196422 0.607267 0.017327 0.0937236 0.698793 0.889305 0.70921 0.894483 0.611476 0.645988 0.148129 0.770073 0.779493 0.359471 0.946831 0.751809 0.0923648 0.948854 
0.895496 0.896302 0.331948 0.277666 0.837066 0.635198 0.484784 0.942042 0.360034 0.360706 0.599138 0.276165 0.851793 0.98234 0.801376 0.808356 0.724195 0.443698 0.663971 0.91409 0.994681 0.916161 0.464617 0.871397 0.828725 0.0310145 0.0210736 0.312109 0.771064 0.785365 0.852102 0.577854 0.865916 0.83762 0.984411 0.0521803 0.742719 0.050473 0.947709 0.470157 0.258671 0.678549 0.052522 0.615652 0.897781 0.468727 0.9004 0.641795 0.239655 0.868693 0.45613 0.253187 0.111309 0.0452557 0.584608 0.332138 0.449785 0.801222 0.817667 0.665143 0.126382 0.652257 0.846174 0.745088 
0.656054 0.277767 0.250872 0.0695891 0.695604 0.243786 0.218238 0.733525 0.326492 0.802384 0.43313 0.854831 0.919012 0.746296 0.167252 0.174382 0.645291 0.00472696 0.60736 0.876966 0.251428 0.183606 0.929583 0.114207 0.216016 0.382451 0.270785 0.436031 0.841513 0.0384172 0.544015 0.739174 0.92892 0.0110435 0.596357 0.270687 0.931376 0.562728 0.458153 0.587567 0.0680553 0.498648 0.0274137 0.418881 0.44685 0.276506 0.0893771 0.521402 0.108025 0.403361 0.683061 0.3861 0.278688 0.551886 0.333366 0.167587 0.384488 0.0470253 0.310079 0.696585 0.10135 0.245971 0.369441 0.481758 
0.754263 0.233342 0.189987 0.442226 0.952984 0.183573 0.21025 0.135275 0.570002 0.573268 0.859764 0.555617 0.363115 0.535109 0.0228733 0.350257 0.149013 0.890489 0.406221 0.700487 0.712156 0.543781 0.346147 0.344264 0.21137 0.607281 0.252053 0.397491 0.74895 0.754349 0.884683 0.330531 0.390733 0.835689 0.654172 0.694187 0.488273 0.760126 0.215078 0.424715 0.856113 0.148625 0.474525 0.394332 0.919062 0.5339 0.810733 0.157853 0.959606 0.317756 0.96038 0.0821769 0.505168 0.901623 0.00324347 0.505879 0.483082 0.771577 0.45958 0.554835 0.887632 0.0840646 0.113778 0.78999 
