21.5466 0101101000011001010110010000101101100001100010001000010001100101100011110100000001010011011111010010
78.3815 0001100100011110100101101111111010011010111100010011101000001110001001000011010011001110110101000000
0.0683068 0.66472 0.194116 0.926283 0.105175 0.225713 0.896341 0.826181 0.0928125 0.889708 0.713762 0.517899 0.785389 0.587666 0.736836 0.67251 0.970071 0.988579 0.778103 0.0251493 0.921279 0.410912 0.189703 0.204009 0.864004 0.155145 0.774831 0.483106 0.783309 0.0449048 0.621282 0.442472 0.897663 0.0690928 0.506425 0.464906 0.678907 0.485159 0.427152 0.398229 0.0430035 0.196188 0.476453 0.0369427 0.00599968 0.92385 0.677531 0.988257 0.469641 0.823536 0.0506804 0.743906 0.263237 0.977137 0.665488 0.993902 0.320103 0.789017 0.214804 0.951108 0.33474 0.501773 0.720566 0.371916 
0.15857 0.0544276 0.650781 0.0401931 0.228065 0.457412 0.28448 0.72879 0.274774 0.0961634 0.97385 0.0895848 0.290461 0.110523 0.139551 0.611262 0.389294 0.428319 0.548985 0.395693 0.409336 0.924033 0.740416 0.31921 0.0242173 0.861493 0.257758 0.515369 0.196304 0.513116 0.0369241 0.59443 0.107211 0.20929 0.860327 0.711428 0.255637 0.725141 0.913321 0.876682 0.807793 0.163219 0.351376 0.164518 0.143579 0.0733697 0.432936 0.523536 0.305121 0.924235 0.752813 0.304213 0.697402 0.781131 0.459022 0.646155 0.890307 0.173775 0.942416 0.841801 0.154158 0.556938 0.808209 0.738349 
0.321289 0.911975 0.429466 0.952723 0.414153 0.743365 0.300181 0.250496 0.412307 0.186087 0.671943 0.490905 0.64819 0.158775 0.908952 0.0808332 0.301923 0.000172253 0.25708 0.276345 0.919806 0.38527 0.0361852 0.359985 0.0695684 0.723605 0.0353494 0.40747 0.267639 0.744747 0.685707 0.423654 0.0125001 0.0315864 0.314782 0.0133077 0.216691 0.97938 0.605516 0.795658 0.652965 0.187297 0.873217 0.794146 0.647772 0.48903 0.249077 0.250866 0.0409297 0.878326 0.430871 0.552398 0.712673 0.622402 0.239628 0.690718 0.284559 0.55761 0.664548 0.452217 0.874042 0.182166 0.60628 0.176787 
0.920518 0.341157 0.20283 0.113118 0.311076 0.501535 0.718381 0.513571 0.636726 0.158613 0.0639315 0.436296 0.524341 0.586886 0.107975 0.362959 0.420433 0.654333 0.816711 0.0540424 0.058059 0.571403 0.252728 0.418336 0.965708 0.152669 0.531754 0.407629 0.897015 0.739612 0.768809 0.324656 0.159248 0.572163 0.496191 0.52421 0.984113 0.172625 0.166881 0.870484 0.228117 0.330034 0.317722 0.732087 0.248613 0.665123 0.509928 0.610503 0.617006 0.290378 0.887619 0.867505 0.287882 0.877548 0.796669 0.953333 0.107511 0.170442 0.797015 0.96497 0.43181 0.64833 0.493977 0.926149 
0.349301 0.90014 0.506493 0.982423 0.607716 0.103501 0.950078 0.812907 0.953209 0.811525 0.993665 0.590021 0.586419 0.972351 0.179794 0.119314 0.316489 0.0279513 0.585639 0.975786 0.861232 0.0592488 0.598754 0.618211 0.142609 0.69345 0.984179 0.946818 0.074157 0.840361 0.271899 0.630247 0.579465 0.548195 0.713538 0.27433 0.825469 0.793337 0.168732 0.553522 0.377485 0.464322 0.955538 0.736257 0.414006 0.666995 0.263186 0.571864 0.792361 0.391988 0.261029 0.819656 0.979314 0.24835 0.83331 0.375422 0.265688 0.563254 0.259089 0.563821 0.584655 0.400999 0.116622 0.117072 
0.569544 0.607834 0.778897 0.137017 0.293782 0.352106 0.0305363 0.465619 0.990247 0.726798 0.138891 0.864496 0.0597616 0.613833 0.243758 0.835599 0.181342 0.595237 0.478716 0.879498 0.653418 0.144085 0.801277 0.12318 0.279477 0.416338 0.635388 0.151949 0.376476 0.0408231 0.938233 0.592895 0.955907 0.430731 0.619161 0.437734 0.982533 0.224765 0.82279 0.55492 0.675322 0.804035 0.711904 0.900199 0.28724 0.400686 0.240864 0.869576 0.938638 0.0720232 0.66357 0.116483 0.451901 0.939666 0.594666 0.683342 0.0602844 0.402072 0.350429 0.152354 0.601174 0.500659 0.555403 0.681783 
0.626205 0.262937 0.805633 0.0303758 0.0359861 0.777726 0.273518 0.0497433 0.0926645 0.488581 0.603698 0.582068 0.668658 0.217168 0.195111 0.53456 0.451403 0.938133 0.134443 0.825892 0.376993 0.383721 0.6451 0.392929 0.95358 0.109728 0.607927 0.733854 0.615667 0.625255 0.733445 0.261255 0.348081 0.0602118 0.81091 0.819463 0.590663 0.373488 0.684037 0.996975 0.726322 0.0332583 0.217845 0.896948 0.807968 0.190716 0.349108 0.633249 0.750046 0.162401 0.253183 0.277763 0.705215 0.950877 0.761303 0.533088 0.388173 0.241971 0.738864 0.377169 0.224697 0.412441 0.640139 0.959709 
0.839367 0.879192 0.992354 0.238332 0.818764 0.90666 0.71439 0.271581 0.171659 0.774114 0.900844 0.970257 0.471682 0.309673 0.272284 0.555756 0.00423253 0.55495 0.402953 0.134933 0.249481 0.127007 0.993914 0.602614 0.00224284 0.0308611 0.66449 0.793131 0.31178 0.796574 0.910163 0.734312 0.609811 0.140488 0.57497 0.796276 0.696635 0.235713 0.520398 0.377066 0.624834 0.122989 0.596504 0.0386226 0.506785 0.810326 0.192187 0.346931 0.116388 0.0191109 0.935297 0.577826 0.408425 0.780711 0.489247 0.774766 0.429579 0.323764 0.922348 0.745385 0.454619 0.895133 0.131084 0.969688 
0.502262 0.922998 0.659474 0.580908 0.775126 0.0395763 0.179988 0.755409 0.36116 0.0379313 0.634486 0.773052 0.136089 0.591107 0.443701 0.716201 0.750361 0.842569 0.961978 0.562375 0.736781 0.230924 0.710764 0.0235018 0.846064 0.342056 0.246704 0.933392 0.576617 0.452815 0.343988 0.438714 0.881643 0.674623 0.595708 0.546203 0.696826 0.156514 0.221441 0.281475 0.659235 0.568117 0.0145462 0.0886098 0.0760562 0.0403437 0.957396 0.325135 0.200913 0.81957 0.32081 0.570178 0.476842 0.822132 0.66464 0.628687 0.358936 0.116397 0.588934 0.510108 0.252286 0.490666 0.195214 0.380417 
0.715095 0.186756 0.501816 0.929567 0.973352 0.531411 0.662707 0.0687578 0.33634 0.0433877 0.541272 0.374245 0.774426 0.208482 0.352383 0.591985 0.175676 0.661793 0.413061 0.116636 0.471906 0.443489 0.419644 0.626343 0.122916 0.813939 0.113137 0.931918 0.363069 0.758741 0.163444 0.342827 0.429296 0.708219 0.6256 0.614595 0.48172 0.595814 0.0852639 0.210555 0.618954 0.544659 0.0190018 0.80623 0.486812 0.0713344 0.849674 0.720869 0.683429 0.111667 0.274306 0.206573 0.0527966 0.815332 0.987745 0.86913 0.00391655 0.264513 0.943142 0.238372 0.236597 0.581659 0.0761573 0.43311 
0.571461 0.0785375 0.757949 0.896807 0.10137 0.355658 0.807372 0.659846 0.779208 0.755062 0.329 0.286012 0.618718 0.381561 0.0363997 0.569114 0.831888 0.78317 0.95509 0.121106 0.870195 0.791932 0.623921 0.758864 0.0683229 0.292592 0.627444 0.917555 0.936088 0.238181 0.947067 0.579209 0.0495933 0.162538 0.422473 0.455128 0.274104 0.325292 0.729937 0.779138 0.63197 0.864793 0.644807 0.248324 0.0269991 0.818577 0.410332 0.286868 0.408825 0.855811 0.624687 0.21635 0.720869 0.116078 0.993797 0.830219 0.53744 0.25828 0.0892615 0.254849 0.109853 0.136606 0.0082809 0.909817 
0.684369 0.662627 0.355559 0.51461 0.715384 0.299194 0.999782 0.385555 0.913444 0.200465 0.644124 0.619781 0.772072 0.361152 0.582431 0.348237 0.780618 0.235961 0.703092 0.891472 0.181843 0.228963 0.574612 0.856542 0.190616 0.404834 0.6824 0.879644 0.752446 0.34319 0.139362 0.632944 0.72287 0.612245 0.893689 0.4295 0.72081 0.43878 0.782553 0.821718 0.9649 0.013515 0.723574 0.707919 0.290902 0.119101 0.34394 0.647874 0.698732 0.915025 0.3035 0.646176 0.0153144 0.966988 0.448297 0.189289 0.303223 0.880422 0.302879 0.358138 0.410609 0.974552 0.968309 0.053279 
0.704271 0.121123 0.444538 0.924127 0.337165 0.478156 0.501656 0.332577 0.865932 0.970487 0.0336343 0.307353 0.556065 0.397154 0.709898 0.724271 0.0699843 0.844441 0.171083 0.760023 0.448029 0.00441006 0.510097 0.677472 0.00606979 0.455863 0.417589 0.703282 0.0172834 0.756308 0.314372 0.0445025 0.76101 0.800695 0.42031 0.415793 0.095806 0.111682 0.767946 0.101796 0.155262 0.64121 0.464089 0.199546 0.248732 0.0309553 0.335003 0.920442 0.0911219 0.786245 0.517171 0.771559 0.727057 0.187103 0.33693 0.971959 0.710934 0.699129 0.419867 0.564511 0.0242613 0.220136 0.96256 0.0578115 
0.4256 0.901423 0.333083 0.36595 0.226454 0.330289 0.678315 0.654054 0.466452 0.056661 0.398891 0.274259 0.167838 0.268405 0.618323 0.470736 0.853859 0.746398 0.843543 0.601133 0.591707 0.126126 0.882549 0.13935 0.693261 0.212086 0.84541 0.376839 0.609808 0.66473 0.358982 0.93629 0.829254 0.54082 0.85571 0.0796217 0.3535 0.0463364 0.121911 0.503485 0.537946 0.184613 0.267232 0.0158313 0.951914 0.569927 0.0342446 0.112374 0.0188949 0.111771 0.89804 0.967183 0.889199 0.277231 0.911244 0.113141 0.623322 0.930864 0.782186 0.366843 0.0835577 0.373185 0.719936 0.810095 
0.182549 0.184767 0.339614 0.330602 0.0728874 0.836909 0.760904 0.320265 0.736055 0.991432 0.0502786 0.377163 0.728049 0.301799 0.316754 0.939014 0.34154 0.699226 0.37107 0.317351 0.418928 0.542393 0.693427 0.996848 0.76103 0.534507 0.112347 0.639956 0.575256 0.622688 0.56289 0.493994 0.826218 0.0542011 0.11536 0.628874 0.619989 0.479661 0.588385 0.506484 0.477003 0.344985 0.223696 0.554665 0.495919 0.67116 0.57514 0.473539 0.715342 0.416191 0.133357 0.373747 0.405168 0.798558 0.255473 0.585637 0.824657 0.217352 0.690314 0.860335 0.359634 0.357654 0.990824 0.472353 
0.336262 0.846208 0.526621 0.411039 0.430821 0.944037 0.801748 0.430718 0.906617 0.306213 0.570323 0.4627 0.229113 0.29205 0.600774 0.858572 0.292976 0.930691 0.812707 0.689714 0.598295 0.808583 0.00791056 0.438264 0.863134 0.0833518 0.702836 0.740906 0.367324 0.786608 0.389585 0.690905 0.62651 0.526656 0.672553 0.504229 0.514281 0.59802 0.771454 0.494642 0.44989 0.774009 0.552426 0.138606 0.526982 0.796152 0.318583 0.0657902 0.469044 0.287734 0.230172 0.395614 0.00910117 0.468583 0.145823 0.79854 0.044123 0.648896 0.0272772 0.219895 0.185443 0.0928868 0.712935 0.776296 
0.876673 0.854892 0.381781 0.237612 0.561153 0.198672 0.322618 0.175167 0.922792 0.199473 0.234362 0.349317 0.425492 0.842562 0.0194291 0.234093 0.960454 0.150428 0.25146 0.601624 0.161218 0.741418 0.354155 0.969531 0.721315 0.561582 0.374155 0.361564 0.256025 0.93951 0.879234 0.597829 0.531383 0.534503 0.693765 0.216104 0.945748 0.926547 0.818331 0.813749 0.792192 0.787874 0.682062 0.730696 0.877122 0.582665 0.99115 0.230787 0.250534 0.0800924 0.0698647 0.900954 0.0396728 0.929488 0.328093 0.395631 0.336174 0.332897 0.747658 0.274428 0.074338 0.668606 0.810201 0.0182565 
0.931699 0.323334 0.406134 0.435611 0.87467 0.825338 0.23423 0.582685 0.600531 0.484883 0.148028 0.912907 0.696067 0.0913058 0.498744 0.0348814 0.699612 0.26053 0.443153 0.289867 0.454985 0.198875 0.41247 0.857763 0.724661 0.416221 0.719059 0.809343 0.503816 0.765382 0.00927678 0.241473 0.888918 0.183067 0.791679 0.00176089 0.628268 0.198397 0.831656 0.126851 0.231169 0.831823 0.528934 0.448758 0.195828 0.934228 0.751381 0.194581 0.545688 0.955104 0.875216 0.791881 0.519746 0.129747 0.376815 0.146995 0.952739 0.486822 0.259006 0.540397 0.183501 0.634478 0.793804 0.872423 
0.418563 0.663393 0.364677 0.897436 0.985341 0.568897 0.690201 0.726868 0.0532558 0.671904 0.464305 0.1655 0.317331 0.00613798 0.234487 0.640483 0.154226 0.729107 0.938716 0.0065961 0.567434 0.855997 0.95484 0.155311 0.465626 0.0904071 0.644079 0.753291 0.556592 0.62053 0.746062 0.149817 0.0396826 0.696652 0.890119 0.976828 0.912136 0.136294 0.512972 0.452973 0.0763061 0.364526 0.262082 0.791873 0.527536 0.218849 0.271576 0.817552 0.0108772 0.541161 0.744574 0.991012 0.828509 0.728597 0.422111 0.612939 0.669824 0.897648 0.830325 0.241596 0.936492 0.0965274 0.521469 0.356262 
0.162198 0.706581 0.811575 0.22921 0.999289 0.390814 0.429615 0.7914 0.78901 0.967649 0.922733 0.972024 0.235206 0.721082 0.74826 0.823021 0.320642 0.574998 0.6962 0.532946 0.313316 0.827077 0.673053 0.0843562 0.377856 0.153666 0.828907 0.546275 0.552851 0.543031 0.623789 0.537221 0.433958 0.892667 0.838492 0.0974391 0.137439 0.494019 0.687514 0.0760458 0.632276 0.732403 0.532818 0.918472 0.0697449 0.674104 0.725551 0.149281 0.690765 0.802972 0.0846369 0.122425 0.89456 0.417509 0.450231 0.575159 0.257799 0.0705641 0.434453 0.295906 0.385865 0.49145 0.753396 0.272521 
0.851371 0.918939 0.394853 0.331415 0.273484 0.603257 0.606084 0.914072 0.330622 0.0284217 0.339909 0.375094 0.787752 0.228072 0.869705 0.710477 0.695733 0.725768 0.699566 0.970562 0.86128 0.52322 0.10385 0.998312 0.0355384 0.367957 0.662161 0.820858 0.663618 0.728383 0.690531 0.48439 0.951001 0.581358 0.928329 0.102299 0.376632 0.791014 0.167537 0.253876 0.537532 0.08553 0.308884 0.867107 0.391123 0.87099 0.531964 0.598134 0.831071 0.590204 0.803954 0.683406 0.815679 0.638912 0.730007 0.919336 0.461911 0.87874 0.747821 0.0297421 0.194797 0.704269 0.189648 0.161836 
0.297616 0.267728 0.327427 0.742537 0.843583 0.883668 0.290141 0.757999 0.234126 0.966607 0.571955 0.341618 0.427253 0.591198 0.634259 0.432714 0.851174 0.935362 0.812337 0.514098 0.986485 0.677981 0.155801 0.385504 0.122714 0.0138455 0.308215 0.647676 0.0800014 0.240088 0.565871 0.0962639 0.479631 0.571848 0.0426875 0.973356 0.85857 0.998756 1.33713e-05 0.461993 0.97967 0.377889 0.875218 0.58218 0.229798 0.928105 0.643115 0.85778 0.89433 0.261315 0.574418 0.300927 0.216501 0.731751 0.0751413 0.780436 0.525446 0.321154 0.648654 0.308616 0.854225 0.984034 0.586026 0.888806 
0.903049 0.845778 0.525176 0.142608 0.625753 0.212312 0.375332 0.297489 0.442275 0.237073 0.730754 0.949945 0.842327 0.723833 0.541966 0.369599 0.0199154 0.0396981 0.281169 0.366954 0.388141 0.631018 0.780509 0.661391 0.829682 0.561442 0.860681 0.434159 0.046759 0.888605 0.23253 0.210032 0.00636369 0.839718 0.723587 0.623988 0.245676 0.490313 0.765866 0.068358 0.647863 0.198705 0.491687 0.809856 0.831095 0.739271 0.645153 0.718969 0.110387 0.296996 0.131822 0.0626014 0.163625 0.157224 0.0589007 0.96553 0.364349 0.377541 0.93078 0.794301 0.6914 0.709345 0.0568169 0.248218 
0.164544 0.23464 0.153195 0.128017 0.328439 0.675534 0.727778 0.488011 0.337387 0.980352 0.930448 0.143409 0.557792 0.489269 0.839952 0.384223 0.198383 0.83568 0.137105 0.676893 0.718908 0.499824 0.0871302 0.75505 0.547346 0.183385 0.358573 0.0506771 0.286369 0.106351 0.650781 0.666843 0.110912 0.235256 0.57998 0.463684 0.255101 0.986686 0.701458 0.214883 0.813215 0.536684 0.573073 0.552107 0.581715 0.654549 0.638894 0.501475 0.563616 0.729143 0.00356594 0.403283 0.0290969 0.615377 0.709141 0.381712 0.12572 0.478275 0.475638 0.626223 0.147631 0.0456341 0.527301 0.322136 
0.793631 0.595117 0.698592 0.31041 0.857558 0.991107 0.677272 0.235226 0.244014 0.830324 0.246861 0.915502 0.366173 0.504536 0.116342 0.315454 0.283166 0.48064 0.927402 0.818903 0.311392 0.832508 0.464496 0.699378 0.265784 0.166916 0.197901 0.933019 0.636434 0.40255 0.0793434 0.588619 0.205976 0.538746 0.677355 0.420519 0.266656 0.158335 0.182995 0.0696337 0.986307 0.87436 0.879979 0.856174 0.603597 0.523854 0.0841197 0.603575 0.957354 0.364834 0.663411 0.570389 0.621606 0.709962 0.819965 0.140216 0.23136 0.48275 0.460049 0.924646 0.286543 0.0498309 0.974367 0.909707 
0.159402 0.381323 0.930078 0.556714 0.426558 0.156461 0.347437 0.307337 0.859891 0.215774 0.670159 0.129808 0.459725 0.658405 0.737987 0.764065 0.886301 0.169003 0.850897 0.194131 0.475516 0.774531 0.990033 0.746182 0.460616 0.942786 0.653077 0.940486 0.748147 0.360171 0.344255 0.796153 0.0653218 0.371813 0.968882 0.392193 0.803974 0.166889 0.352968 0.996654 0.534656 0.133646 0.472975 0.0427313 0.276119 0.895914 0.773625 0.535341 0.60222 0.739319 0.615414 0.47418 0.880559 0.656927 0.816821 0.401888 0.300471 0.631667 0.149107 0.09492 0.0719624 0.507067 0.726839 0.648213 
0.410594 0.188853 0.421355 0.705888 0.613102 0.944513 0.782893 0.912983 0.91331 0.595676 0.260627 0.132088 0.867154 0.904694 0.492573 0.529375 0.658377 0.336383 0.777506 0.197398 0.0177792 0.795471 0.827152 0.105665 0.442518 0.221404 0.50479 0.0143114 0.650038 0.00545623 0.0189669 0.489456 0.628803 0.459895 0.312314 0.660081 0.567168 0.191683 0.156367 0.16117 0.925845 0.812743 0.106055 0.223746 0.442834 0.446888 0.90942 0.0776973 0.402257 0.716779 0.130942 0.0378605 0.964872 0.139695 0.414097 0.951019 0.268352 0.225337 0.223679 0.328936 0.638864 0.172821 0.659606 0.562459 
0.303129 0.509881 0.680543 0.955672 0.280668 0.0486656 0.385242 0.270878 0.345925 0.978936 0.450707 0.519208 0.150779 0.324485 0.912245 0.370787 0.562383 0.450419 0.632816 0.35804 0.996435 0.974575 0.0810739 0.998434 0.683701 0.240067 0.363766 0.464804 0.552412 0.23735 0.564013 0.44156 0.68014 0.195921 0.105704 0.0115685 0.957814 0.689473 0.0547532 0.372833 0.263577 0.892562 0.528019 0.426885 0.635009 0.429198 0.716829 0.48149 0.498614 0.812785 0.56731 0.526691 0.044651 0.414468 0.561749 0.90761 0.305106 0.0366878 0.068333 0.690176 0.363088 0.711677 0.483904 0.977753 
0.449637 0.47336 0.119095 0.444669 0.125375 0.72587 0.418375 0.351316 0.312034 0.40844 0.557314 0.292862 0.559441 0.550944 0.188051 0.938254 0.57584 0.281355 0.602997 0.500126 0.825747 0.0835785 0.106116 0.960304 0.0526355 0.551646 0.538388 0.393144 0.916638 0.903882 0.638295 0.882473 0.902236 0.0302452 0.56695 0.453962 0.127964 0.0902732 0.0721978 0.814422 0.462037 0.864643 0.777457 0.132428 0.73544 0.0287394 0.960879 0.0325533 0.00366013 0.757121 0.569902 0.328493 0.118463 0.254823 0.506209 0.933085 0.184657 0.549474 0.857803 0.304275 0.504071 0.650913 0.55787 0.393059 
0.238559 0.792358 0.46745 0.850721 0.468214 0.28203 0.118163 0.149689 0.931643 0.508423 0.264075 0.429996 0.164089 0.3181 0.423186 0.154171 0.817576 0.702177 0.174429 0.934411 0.285538 0.325774 0.885705 0.710807 0.824833 0.166736 0.0977178 0.837694 0.731719 0.0494007 0.752619 0.255211 0.87567 0.774149 0.0697475 0.894039 0.351842 0.64578 0.526148 0.971156 0.658471 0.736755 0.0138635 0.828617 0.21041 0.455557 0.941796 0.262424 0.579117 0.203531 0.355363 0.192307 0.809247 0.486112 0.392922 0.673731 0.184177 0.325874 0.544212 0.784435 0.136762 0.756185 0.050854 0.0858452 
0.87404 0.868012 0.855814 0.930779 0.447065 0.567891 0.827111 0.822693 0.424396 0.242603 0.593562 0.353861 0.34771 0.359643 0.757934 0.795742 0.114038 0.272992 0.441105 0.0665931 0.538242 0.493329 0.761411 0.878951 0.925589 0.0852614 0.251445 0.951743 0.781492 0.11087 0.165537 0.106415 0.145179 0.503952 0.589679 0.19161 0.982505 0.71886 0.88416 0.699384 0.254731 0.863167 0.343834 0.213941 0.660784 0.924961 0.0587147 0.33202 0.561179 0.596236 0.438513 0.346148 0.195312 0.777044 0.0237506 0.372125 0.738303 0.780958 0.521152 0.128073 0.342409 0.972702 0.132436 0.193145 
0.145997 0.923277 0.928148 0.588219 0.954886 0.577639 0.824281 0.70929 0.902482 0.32552 0.524408 0.112518 0.113057 0.0380013 0.646932 0.215658 0.577674 0.00499818 0.845038 0.753709 0.997935 0.980615 0.52639 0.516803 0.949623 0.493453 0.239638 0.117283 0.588572 0.705779 0.288426 0.539305 0.702406 0.580363 0.211892 0.0114031 0.847048 0.213025 0.468531 0.678731 0.190154 0.0237088 0.799354 0.720894 0.0109356 0.641382 0.680902 0.191276 0.695721 0.523119 0.0791623 0.710696 0.773479 0.206971 0.150131 0.410879 0.00194277 0.151506 0.994913 0.896645 0.322137 0.141754 0.394188 0.389098 
0.15857 0.420877 0.163911 0.269136 0.297625 0.632349 0.167345 0.98813 0.92208 0.316723 0.935522 0.364553 0.0277124 0.692244 0.158809 0.862966 0.537276 0.525445 0.838919 0.721898 0.217507 0.199773 0.940263 0.156842 0.193566 0.709125 0.101821 0.329348 0.169801 0.926358 0.774971 0.567528 0.478 0.530075 0.637594 0.426333 0.759274 0.896002 0.875012 0.49095 0.010647 0.803313 0.616259 0.987278 0.16897 0.92924 0.97852 0.921677 0.403284 0.24965 0.956561 0.733655 0.605635 0.0230443 0.37735 0.112606 0.660699 0.975886 0.102941 0.742676 0.529442 0.34628 0.830763 0.515395 
0.562777 0.517457 0.111627 0.8488 0.418686 0.770792 0.204566 0.539522 0.410002 0.815852 0.392618 0.87715 0.661405 0.947713 0.363958 0.220811 0.31235 0.97283 0.268994 0.174126 0.688155 0.839834 0.170859 0.99272 0.0221567 0.244261 0.893738 0.924852 0.747662 0.993267 0.476526 0.176638 0.863205 0.627924 0.802184 0.223874 0.478782 0.313245 0.194554 0.478853 0.507204 0.629136 0.875151 0.707562 0.571941 0.0667469 0.988739 0.297871 0.0229555 0.214793 0.408026 0.590458 0.999262 0.594959 0.661346 0.329779 0.0227637 0.488421 0.321607 0.256473 0.000975871 0.844909 0.344988 0.234018 
0.68443 0.924645 0.741615 0.726884 0.666451 0.838134 0.0820059 0.373158 0.59096 0.932865 0.105078 0.755385 0.470281 0.6564 0.785973 0.102995 0.159826 0.216944 0.712444 0.333285 0.763296 0.0524774 0.324292 0.746872 0.163025 0.582057 0.843639 0.910274 0.723042 0.701699 0.853973 0.963277 0.879808 0.281377 0.67601 0.284072 0.188246 0.553033 0.345963 0.522608 0.649868 0.566193 0.305154 0.256092 0.673947 0.0812399 0.425629 0.290671 0.924408 0.790348 0.811155 0.544031 0.157915 0.19693 0.57077 0.217452 0.863716 0.445139 0.955841 0.750681 0.851587 0.691382 0.248581 0.949658 
0.434211 0.353368 0.866065 0.151919 0.514935 0.483866 0.101669 0.813271 0.852168 0.694519 0.83129 0.0276693 0.483014 0.693133 0.372788 0.546377 0.32459 0.213529 0.590845 0.9787 0.974622 0.55058 0.136909 0.693471 0.294822 0.348719 0.247734 0.928838 0.427844 0.951245 0.208182 0.765921 0.724268 0.0674395 0.808005 0.166077 0.175328 0.365159 0.732943 0.305931 0.371623 0.923907 0.235276 0.454999 0.91028 0.00330378 0.221756 0.83317 0.487093 0.474102 0.141333 0.912242 0.0145776 0.945482 0.456064 0.455558 0.925162 0.981977 0.280985 0.137926 0.0861895 0.483135 0.128766 0.503822 
0.745606 0.0599219 0.946086 0.202167 0.0175024 0.840737 0.0353891 0.629566 0.883065 0.433919 0.222703 0.618577 0.437045 0.656256 0.134038 0.553535 0.0875455 0.886711 0.307772 0.936081 0.291452 0.276332 0.578943 0.0694859 0.309903 0.122753 0.321269 0.863769 0.199963 0.545064 0.59327 0.613773 0.605931 0.65844 0.111928 0.499283 0.877503 0.127842 0.308867 0.327979 0.548656 0.867986 0.210689 0.863875 0.620959 0.633073 0.139696 0.170823 0.602103 0.354456 0.923734 0.0815969 0.799937 0.459119 0.303156 0.278445 0.0820962 0.371102 0.752737 0.811053 0.531881 0.570655 0.754797 0.486515 
0.390263 0.267886 0.800168 0.447226 0.776477 0.505988 0.525943 0.843896 0.134461 0.822934 0.15413 0.302747 0.0145736 0.216058 0.57761 0.491432 0.713438 0.951225 0.563251 0.443781 0.591046 0.568546 0.118931 0.849294 0.082614 0.390072 0.138923 0.137264 0.442539 0.688655 0.29068 0.135813 0.0528407 0.34 0.0129592 0.491988 0.897303 0.821943 0.247207 0.339557 0.317052 0.192299 0.0532157 0.971652 0.811207 0.0782852 0.3053 0.804542 0.227875 0.548254 0.119236 0.605425 0.751408 0.303843 0.119203 0.695444 0.545256 0.0894551 0.243116 0.47648 0.424694 0.463533 0.0811736 0.25115 
0.102856 0.264356 0.574123 0.578872 0.618769 0.975656 0.418509 0.130778 0.145687 0.0806409 0.152227 0.875523 0.540414 0.153695 0.999185 0.291313 0.4154 0.20267 0.227871 0.0922986 0.226437 0.819304 0.0310865 0.18809 0.418823 0.458406 0.585884 0.255283 0.697689 0.15138 0.821908 0.00712218 0.294584 0.361345 0.38071 0.598747 0.229799 0.527444 0.00474942 0.184021 0.0477048 0.728716 0.879824 0.674496 0.283737 0.160625 0.698762 0.816122 0.83542 0.182499 0.634825 0.107345 0.437582 0.0122413 0.726036 0.605302 0.925626 0.528867 0.45201 0.218897 0.301811 0.241109 0.207089 0.147847 
0.265394 0.34674 0.809498 0.0926363 0.138707 0.390132 0.125088 0.769885 0.698013 0.970421 0.594672 0.0747726 0.328883 0.844978 0.248621 0.132334 0.611985 0.237403 0.108424 0.186366 0.340739 0.182404 0.457209 0.169769 0.863891 0.67028 0.885664 0.814215 0.121547 0.228672 0.885439 0.911369 0.0650115 0.776133 0.760425 0.859885 0.10273 0.551675 0.889143 0.0915199 0.206349 0.3444 0.794267 0.016634 0.550235 0.422928 0.616065 0.718645 0.564852 0.0790241 0.276325 0.244233 0.829886 0.0897372 0.416664 0.0706649 0.0451921 0.863024 0.897501 0.920395 0.499138 0.153101 0.286952 0.982038 
0.385511 0.90326 0.936271 0.00508478 0.17857 0.427833 0.334443 0.0553998 0.806264 0.295334 0.805058 0.023627 0.396713 0.512953 0.232108 0.424493 0.334903 0.815481 0.599749 0.413946 0.898684 0.660275 0.637948 0.950672 0.446894 0.202337 0.96374 0.981497 0.216799 0.226087 0.665047 0.548863 0.455032 0.509917 0.33673 0.954542 0.115837 0.547286 0.942686 0.672565 0.567056 0.561987 0.155853 0.368089 0.116252 0.476872 0.546747 0.00883523 0.770367 0.501165 0.834463 0.922386 0.613589 0.574111 0.817494 0.17007 0.854767 0.224505 0.611034 0.535589 0.382596 0.0540692 0.828069 0.351007 
0.974598 0.254274 0.984304 0.652572 0.0717288 0.136021 0.473071 0.984629 0.228703 0.278444 0.234268 0.0137173 0.190574 0.105909 0.963548 0.0773451 0.753437 0.172752 0.374825 0.398002 0.341241 0.624794 0.608524 0.508438 0.948112 0.841067 0.204408 0.346468 0.585934 0.198002 0.921966 0.380338 0.0225197 0.796632 0.880192 0.884484 0.679282 0.141755 0.35199 0.562747 0.74547 0.652457 0.00896552 0.24848 0.633715 0.113216 0.960861 0.10464 0.746926 0.933876 0.64719 0.186453 0.822215 0.852706 0.416102 0.196545 0.940725 0.520075 0.0985183 0.736664 0.128577 0.357681 0.00435206 0.103029 
0.582135 0.0717874 0.651084 0.521193 0.907661 0.332188 0.15246 0.870679 0.163291 0.530549 0.890643 0.315772 0.8761 0.69612 0.424015 0.595079 0.510469 0.109107 0.342148 0.922079 0.935636 0.0461318 0.61254 0.57142 0.0467011 0.71748 0.652687 0.048535 0.887148 0.379512 0.0604602 0.874812 0.590332 0.931815 0.473452 0.180874 0.873158 0.177765 0.55142 0.747159 0.422686 0.530005 0.229896 0.271353 0.554745 0.773053 0.973091 0.144779 0.361107 0.747744 0.989683 0.384509 0.00860654 0.951822 0.151584 0.15054 0.0119153 0.0450785 0.875395 0.288389 0.593101 0.100718 0.60976 0.900093 
0.230852 0.405462 0.610671 0.495174 0.987014 0.59256 0.414999 0.629789 0.040574 0.699762 0.200486 0.42023 0.0883936 0.674022 0.501236 0.183484 0.893202 0.0412623 0.643569 0.118643 0.867808 0.421759 0.472111 0.659355 0.275911 0.49786 0.259975 0.350545 0.256695 0.0591792 0.176124 0.229619 0.810312 0.495673 0.841081 0.333037 0.078421 0.377026 0.331287 0.0603294 0.235293 0.554704 0.993784 0.361413 0.22095 0.0966791 0.0991832 0.86593 0.111164 0.497558 0.655833 0.15959 0.3706 0.354223 0.816074 0.351255 0.252963 0.155207 0.0553313 0.991376 0.390131 0.757097 0.855077 0.306786 
0.735796 0.894628 0.152121 0.997601 0.840525 0.53778 0.813109 0.81663 0.109687 0.730478 0.743637 0.615728 0.0810356 0.691138 0.302937 0.440176 0.163399 0.139919 0.91971 0.27445 0.829722 0.313357 0.812167 0.952077 0.297431 0.894714 0.12876 0.731551 0.910593 0.067124 0.64671 0.202695 0.0565448 0.469964 0.0166771 0.108588 0.949396 0.262395 0.80666 0.489297 0.489021 0.743708 0.395607 0.296499 0.0189717 0.337305 0.360592 0.188834 0.447399 0.26961 0.241381 0.392759 0.587169 0.595135 0.436386 0.0911284 0.203509 0.417516 0.605299 0.0569378 0.918334 0.391049 0.982358 0.369166 
0.337048 0.0209798 0.834227 0.780519 0.120022 0.0999831 0.617247 0.259633 0.18486 0.928416 0.00846582 0.819638 0.92598 0.720706 0.100902 0.333244 0.682421 0.331445 0.0275824 0.974683 0.297802 0.894377 0.494104 0.934614 0.627612 0.959076 0.387836 0.164465 0.554955 0.960221 0.225861 0.428913 0.165215 0.130126 0.111221 0.603776 0.853627 0.0464008 0.00284714 0.508551 0.638649 0.100927 0.387249 0.722797 0.560806 0.415619 0.816281 0.358969 0.944259 0.391654 0.0686557 0.0669593 0.792213 0.503791 0.965968 0.971466 0.265317 0.92869 0.795338 0.742789 0.920075 0.369139 0.764026 0.178292 
0.79557 0.588519 0.898794 0.881318 0.272933 0.527408 0.196191 0.0281151 0.124683 0.866404 0.201962 0.892963 0.578211 0.237595 0.117265 0.625821 0.423042 0.394749 0.430162 0.482036 0.199299 0.547713 0.737278 0.568647 0.32434 0.643522 0.109347 0.343295 0.117489 0.417257 0.775357 0.799812 0.295945 0.973747 0.728797 0.475993 0.267016 0.354286 0.422928 0.719424 0.144992 0.668256 0.754769 0.917679 0.399625 0.543516 0.764641 0.562875 0.189794 0.87373 0.913782 0.896713 0.418287 0.859836 0.627008 0.31138 0.585002 0.912781 0.0632618 0.0404893 0.248198 0.857239 0.851135 0.644541 
0.973106 0.0244863 0.214042 0.510402 0.284751 0.043651 0.336669 0.568661 0.39732 0.298525 0.235515 0.879301 0.457634 0.927255 0.161381 0.704738 0.361125 0.763011 0.620082 0.426789 0.202372 0.807779 0.910406 0.802548 0.819023 0.171664 0.882826 0.999764 0.45689 0.814898 0.796883 0.0618893 0.837823 0.683793 0.437943 0.747513 0.594215 0.805764 0.133939 0.969693 0.425346 0.946684 0.922865 0.288232 0.310443 0.958644 0.802862 0.354505 0.540036 0.279574 0.978514 0.104342 0.657011 0.111048 0.659345 0.639562 0.458402 0.829592 0.135489 0.472718 0.402344 0.629039 0.725713 0.627228 
0.475214 0.155756 0.0763685 0.686729 0.952607 0.329645 0.47883 0.250741 0.244664 0.730535 0.514946 0.0485576 0.797784 0.963892 0.619719 0.12939 0.666558 0.203721 0.898316 0.807295 0.292961 0.897889 0.868733 0.879206 0.976201 0.358939 0.369046 0.977642 0.915962 0.0780635 0.563046 0.122883 0.437513 0.022272 0.451497 0.421613 0.589623 0.10715 0.973332 0.712819 0.190134 0.350915 0.288008 0.900423 0.0869804 0.737856 0.289398 0.723659 0.208269 0.669382 0.630602 0.917666 0.163829 0.406923 0.571092 0.401795 0.74977 0.966937 0.469259 0.384322 0.803503 0.265917 0.53627 0.304171 
0.163924 0.060054 0.144684 0.610524 0.630181 0.632189 0.46531 0.736538 0.146082 0.884942 0.810127 0.79025 0.903167 0.506735 0.986577 0.315501 0.998225 0.662751 0.169082 0.289193 0.395536 0.75608 0.65658 0.766792 0.310638 0.214959 0.527456 0.755405 0.171622 0.754456 0.345552 0.429728 0.324746 0.214664 0.0810626 0.808762 0.489213 0.761732 0.332839 0.337872 0.00832757 0.861615 0.121552 0.718416 0.834615 0.695607 0.350389 0.606999 0.313832 0.687545 0.409343 0.0654416 0.0628122 0.562449 0.916728 0.227988 0.12911 0.93406 0.352148 0.0794252 0.627877 0.151694 0.195104 0.0319872 
0.0778057 0.993402 0.720966 0.604419 0.260976 0.620787 0.549877 0.350033 0.792012 0.732837 0.587623 0.678536 0.65412 0.908512 0.215158 0.213375 0.00238656 0.521941 0.986746 0.480618 0.889898 0.987066 0.541256 0.165014 0.986243 0.150151 0.318407 0.158064 0.731418 0.773758 0.523928 0.0401613 0.250068 0.503813 0.729197 0.0569815 0.892161 0.163962 0.591145 0.14978 0.264194 0.176736 0.0687784 0.259834 0.623228 0.645401 0.774725 0.416181 0.849161 0.656908 0.781046 0.206167 0.195463 0.537807 0.617177 0.616362 0.658921 0.0319046 0.758506 0.274821 0.935363 0.905551 0.18102 0.144992 
0.668744 0.780258 0.681173 0.462781 0.859592 0.829402 0.186034 0.0131658 0.575647 0.610546 0.663335 0.981994 0.340342 0.573939 0.423304 0.0791068 0.852039 0.701399 0.634347 0.454574 0.496891 0.640255 0.612125 0.369232 0.307872 0.171494 0.853906 0.163361 0.464461 0.382284 0.24866 0.656558 0.967648 0.0320046 0.153916 0.60745 0.27328 0.475107 0.0610272 0.0670776 0.0521289 0.179582 0.00893549 0.646216 0.423349 0.686263 0.0445444 0.418862 0.306625 0.211621 0.352246 0.409622 0.572832 0.396009 0.0391306 0.816272 0.908808 0.374302 0.652725 0.269168 0.312329 0.0866946 0.21826 0.818398 
0.0647081 0.0507386 0.409337 0.527594 0.624522 0.0373384 0.807145 0.719939 0.00066908 0.00508882 0.616279 0.21758 0.694164 0.229401 0.444863 0.715867 0.628983 0.404577 0.757324 0.931176 0.461905 0.0550282 0.9697 0.234409 0.182702 0.422636 0.9258 0.87941 0.502125 0.195511 0.072608 0.059881 0.284149 0.998475 0.133243 0.117464 0.425042 0.367352 0.0211945 0.910884 0.817832 0.204292 0.634588 0.706571 0.598623 0.147805 0.920798 0.963611 0.488117 0.123314 0.0449993 0.305939 0.645961 0.297327 0.611589 0.700286 0.956819 0.0615476 0.145329 0.886081 0.617848 0.732244 0.618313 0.512744 
0.273635 0.0371648 0.754838 0.651395 0.168381 0.280564 0.851388 0.719229 0.449482 0.299944 0.408875 0.648663 0.551583 0.923091 0.00725342 0.369461 0.90104 0.701217 0.389905 0.576975 0.43481 0.979997 0.434455 0.387794 0.0675441 0.380951 0.519264 0.101586 0.239647 0.285216 0.600745 0.89735 0.587989 0.31364 0.988897 0.0846125 0.635187 0.929182 0.139224 0.205144 0.0851029 0.285258 0.498629 0.517722 0.238253 0.467438 0.0463259 0.87379 0.962323 0.260816 0.0728582 0.196064 0.599648 0.431433 0.428809 0.583308 0.596693 0.938597 0.980903 0.999287 0.582156 0.788479 0.213344 0.358108 
0.670311 0.524226 0.800506 0.187364 0.64884 0.709861 0.197679 0.648135 0.654272 0.816628 0.821959 0.372654 0.0389331 0.265374 0.195234 0.261049 0.627044 0.332294 0.324036 0.287377 0.0844265 0.164195 0.598309 0.717704 0.391781 0.583859 0.257774 0.765102 0.0234163 0.884476 0.988247 0.92094 0.553279 0.499211 0.215959 0.00166886 0.324068 0.514349 0.880621 0.141648 0.117662 0.126489 0.806875 0.681006 0.766152 0.348855 0.399276 0.467912 0.456683 0.937694 0.660548 0.815935 0.703809 0.251999 0.607098 0.188401 0.13312 0.91286 0.676282 0.781355 0.195374 0.966818 0.975948 0.408382 
0.242885 0.827133 0.291075 0.901663 0.170152 0.936556 0.867641 0.363261 0.286466 0.544617 0.197168 0.0196339 0.140409 0.793487 0.195755 0.776406 0.258536 0.918608 0.0969779 0.283451 0.0467712 0.676465 0.911533 0.99126 0.220539 0.561958 0.164948 0.0915696 0.614367 0.291542 0.871434 0.855988 0.615111 0.165189 0.664365 0.118807 0.539503 0.834616 0.913826 0.23835 0.230372 0.677254 0.96543 0.218717 0.347983 0.767001 0.745419 0.533442 0.868944 0.929354 0.311076 0.212454 0.892025 0.339773 0.990889 0.11742 0.172256 0.299986 0.00792247 0.55541 0.608533 0.196541 0.292569 0.623692 
0.445215 0.194026 0.0991967 0.951045 0.751484 0.930132 0.511798 0.563287 0.62571 0.605232 0.0957378 0.657721 0.0671645 0.0392616 0.127029 0.0923082 0.212993 0.156477 0.59544 0.615018 0.0905276 0.595605 0.931787 0.749274 0.0373394 0.274434 0.0683546 0.0951441 0.181738 0.262645 0.585347 0.463607 0.959034 0.672668 0.328472 0.909216 0.138498 0.466841 0.868564 0.743576 0.942975 0.450819 0.262778 0.988672 0.800876 0.466621 0.609065 0.740362 0.0983046 0.182089 0.915875 0.689015 0.689947 0.152221 0.436541 0.618647 0.993706 0.476193 0.247197 0.536286 0.822592 0.382302 0.157714 0.697274 
0.378315 0.354579 0.53505 0.903798 0.62395 0.954759 0.973399 0.879344 0.254667 0.129387 0.301451 0.308623 0.0382981 0.0475812 0.355731 0.481833 0.114339 0.751776 0.140556 0.192244 0.43154 0.000372667 0.365676 0.624001 0.670973 0.883807 0.275184 0.746585 0.909195 0.439493 0.342378 0.566488 0.689673 0.470162 0.88366 0.247697 0.770909 0.433948 0.446581 0.608655 0.221192 0.567923 0.484095 0.660019 0.00681008 0.434781 0.0772659 0.161773 0.505341 0.639436 0.0827069 0.331788 0.975657 0.43096 0.281531 0.168243 0.748436 0.56627 0.0568065 0.769747 0.385385 0.895924 0.369467 0.119544 
0.337241 0.354107 0.166115 0.812039 0.566146 0.984175 0.302977 0.0491822 0.0654773 0.308162 0.689446 0.998735 0.60394 0.990471 0.615206 0.744193 0.922875 0.919861 0.808773 0.650905 0.31995 0.194703 0.25927 0.726688 0.538945 0.191282 0.221978 0.513634 0.00766485 0.724716 0.246374 0.55099 0.531205 0.27567 0.872929 0.271012 0.443967 0.256754 0.298208 0.413939 0.174116 0.931846 0.332967 0.672207 0.744294 0.895334 0.650907 0.537012 0.829549 0.172825 0.822275 0.346276 0.453647 0.544556 0.656124 0.520396 0.347048 0.0196379 0.607476 0.851076 0.559821 0.436128 0.901132 0.858681 
0.901421 0.473744 0.980647 0.0968702 0.612442 0.342206 0.548425 0.127503 0.0292299 0.437551 0.522893 0.111415 0.141882 0.255979 0.707551 0.967787 0.0246136 0.23863 0.160791 0.793203 0.374153 0.43979 0.383368 0.923414 0.872213 0.876399 0.112067 0.59607 0.909132 0.259312 0.743355 0.0174862 0.402453 0.0389811 0.00621826 0.278093 0.901877 0.858355 0.325711 0.679763 0.0896767 0.00977872 0.537278 0.486036 0.759536 0.204221 0.445624 0.930245 0.896591 0.106978 0.599951 0.793405 0.602094 0.880755 0.655838 0.581607 0.997171 0.37084 0.479731 0.289361 0.47627 0.766631 0.154597 0.378264 
0.21668 0.635815 0.135603 0.769435 0.146862 0.986944 0.598566 0.241962 0.336232 0.495462 0.221841 0.125305 0.825277 0.660919 0.305098 0.547598 0.346219 0.26525 0.623639 0.245958 0.117429 0.0239788 0.0450682 0.382433 0.467942 0.0814157 0.169843 0.450554 0.624458 0.938784 0.515815 0.259638 0.129995 0.451852 0.147406 0.875592 0.958819 0.724934 0.0842647 0.0524576 0.432595 0.597113 0.382232 0.535524 0.826378 0.479888 0.286968 0.954119 0.261603 0.570702 0.985465 0.222314 0.360561 0.130111 0.130253 0.47392 0.74819 0.668556 0.070122 0.268435 0.0476098 0.861624 0.0688304 0.113888 
0.342148 0.207454 0.522754 0.87265 0.501313 0.781342 0.501425 0.371293 0.572217 0.85265 0.204376 0.263221 0.0813147 0.640365 0.623602 0.971577 0.284337 0.357119 0.763144 0.213674 0.433903 0.459996 0.836281 0.293692 0.739765 0.458169 0.850187 0.657352 0.216336 0.861883 0.126427 0.102518 0.384488 0.764198 0.0707748 0.98845 0.251516 0.52431 0.933759 0.265528 0.126126 0.207039 0.51664 0.910047 0.198113 0.471132 0.297937 0.616535 0.468516 0.84074 0.667721 0.48071 0.761742 0.725678 0.0451085 0.0414609 0.571085 0.239482 0.365976 0.104039 0.997941 0.23019 0.197413 0.774615 
0.268227 0.967823 0.979784 0.125181 0.363976 0.827038 0.205476 0.58234 0.0500647 0.631221 0.656045 0.554109 0.480867 0.198018 0.904967 0.515068 0.476862 0.00829146 0.401538 0.639697 0.857328 0.814061 0.828332 0.22359 0.333174 0.793819 0.080623 0.49696 0.759719 0.0477554 0.524038 0.891456 0.721345 0.812195 0.963969 0.865778 0.10942 0.325158 0.406602 0.60839 0.947686 0.0738289 0.0168501 0.542979 0.67736 0.941391 0.212863 0.839138 0.205806 0.971527 0.3678 0.302296 0.832714 0.307625 0.99703 0.373039 0.31733 0.372779 0.604397 0.449953 0.55642 0.73776 0.569924 0.390991 
0.342549 0.800193 0.714725 0.194164 0.77723 0.982413 0.97256 0.47558 0.3609 0.797819 0.853219 0.463035 0.541333 0.558232 0.250725 0.408323 0.638711 0.813631 0.298419 0.507784 0.558032 0.328565 0.88226 0.342105 0.998245 0.816707 0.0137795 0.63741 0.997968 0.92016 0.774575 0.471962 0.174139 0.428365 0.640191 0.811616 0.288276 0.605804 0.547059 0.926015 0.392146 0.0726718 0.942357 0.125932 0.528325 0.172282 0.806242 0.36543 0.557876 0.606239 0.953735 0.709006 0.214149 0.791009 0.0184137 0.345681 0.975855 0.101161 0.736176 0.762906 0.197259 0.123768 0.204965 0.685246 
0.126347 0.327253 0.113316 0.950799 0.830991 0.601786 0.982973 0.0928188 0.87044 0.996716 0.915726 0.0299818 0.229081 0.197991 0.799395 0.328856 0.834851 0.0837617 0.0589183 0.913579 0.667581 0.0929226 0.903449 0.568761 0.0131273 0.795558 0.433618 0.631326 0.797413 0.608236 0.0930174 0.0446377 0.0785592 0.207522 0.700665 0.565101 0.894413 0.401759 0.296189 0.227488 0.294203 0.515333 0.329433 0.767605 0.0230738 0.484846 0.818828 0.709999 0.447346 0.698162 0.892076 0.993465 0.782529 0.746716 0.657933 0.123871 0.960682 0.450421 0.638536 0.729838 0.0104508 0.867947 0.33105 0.365162 
0.779324 0.237473 0.956064 0.729487 0.754687 0.452672 0.173782 0.0790041 0.800785 0.292473 0.72482 0.433477 0.95032 0.872551 0.348131 0.548371 0.29555 0.92997 0.901072 0.107927 0.22423 0.457551 0.512221 0.97071 0.489563 0.494491 0.3718 0.654744 0.4303 0.537792 0.871121 0.525429 0.428695 0.381982 0.139432 0.951641 0.527008 0.998596 0.115154 0.449329 0.437219 0.537818 0.0310766 0.867082 0.558939 0.110559 0.24683 0.493388 0.273082 0.811982 0.988058 0.525452 0.947362 0.942598 0.245017 0.199121 0.0273817 0.364742 0.111495 0.828804 0.678619 0.80151 0.8621 0.618417 
0.366785 0.907046 0.777139 0.431855 0.501261 0.751748 0.366136 0.747647 0.368231 0.438594 0.383318 0.0999591 0.878969 0.305677 0.712025 0.292882 0.435862 0.461218 0.619624 0.601204 0.793555 0.783231 0.804022 0.524407 0.501045 0.472437 0.290128 0.03103 0.349121 0.259294 0.788413 0.126072 0.647946 0.269944 0.158537 0.618633 0.483478 0.0747469 0.728051 0.682097 0.869855 0.761527 0.202758 0.778248 0.402323 0.298619 0.221384 0.806688 0.129694 0.46501 0.447499 0.864026 0.622186 0.831081 0.18336 0.437736 0.900038 0.351128 0.245218 0.342747 0.952083 0.0113238 0.23452 0.404021 
0.597214 0.624694 0.469262 0.616311 0.293691 0.320032 0.49431 0.561329 0.990772 0.788285 0.649582 0.361937 0.820917 0.181858 0.997282 0.822629 0.259626 0.0487004 0.111161 0.0888751 0.629154 0.862819 0.265716 0.608655 0.603971 0.603508 0.756763 0.694911 0.495098 0.773066 0.000878426 0.695116 0.38932 0.0305254 0.479129 0.222632 0.115461 0.714714 0.778151 0.458661 0.214227 0.221781 0.800714 0.8747 0.892656 0.584829 0.978813 0.67065 0.993002 0.686884 0.695425 0.547038 0.229257 0.451346 0.300345 0.765042 0.598981 0.770849 0.467962 0.885644 0.221609 0.00275821 0.165381 0.29821 
0.348876 0.0619931 0.789852 0.870665 0.848345 0.765595 0.544021 0.262661 0.32874 0.179729 0.173608 0.0975667 0.0242059 0.692963 0.549285 0.731263 0.847579 0.0392577 0.931406 0.779197 0.46991 0.343516 0.148799 0.137939 0.74831 0.681733 0.433172 0.874641 0.542137 0.465572 0.29861 0.484191 0.0853225 0.10224 0.257045 0.706327 0.975761 0.488302 0.863217 0.306821 0.367941 0.867061 0.809084 0.815409 0.820707 0.605426 0.37862 0.767453 0.341217 0.403767 0.378782 0.778136 0.630881 0.00736234 0.112763 0.612492 0.862438 0.323763 0.132769 0.988776 0.912963 0.339391 0.405824 0.296474 
0.66894 0.474854 0.567425 0.557011 0.850321 0.781683 0.586536 0.621894 0.36169 0.474055 0.262317 0.252071 0.32501 0.607692 0.862124 0.316894 0.189753 0.0747889 0.158859 0.977155 0.254055 0.427577 0.605066 0.760884 0.14209 0.711167 0.288463 0.654353 0.91186 0.544683 0.975321 0.440359 0.109099 0.31935 0.818083 0.542046 0.129736 0.11062 0.410882 0.208571 0.704473 0.834817 0.411229 0.630532 0.470014 0.339766 0.509254 0.435181 0.88432 0.206945 0.388332 0.52975 0.442033 0.902093 0.82392 0.978091 0.355238 0.506807 0.117009 0.429945 0.838684 0.62676 0.461266 0.230402 
0.850975 0.91498 0.0692089 0.906829 0.893962 0.67221 0.16459 0.15388 0.162962 0.931911 0.213271 0.880697 0.895525 0.903517 0.301964 0.751142 0.592279 0.618453 0.692985 0.3621 0.34169 0.626025 0.16208 0.889659 0.828819 0.11644 0.586519 0.360804 0.450884 0.782833 0.0517352 0.353051 0.808419 0.0434185 0.290166 0.370835 0.0307953 0.519096 0.655773 0.499276 0.728707 0.355128 0.448811 0.846332 0.750805 0.1475 0.111447 0.461468 0.452812 0.0194435 0.157829 0.813468 0.0675277 0.498406 0.733326 0.596311 0.30237 0.467613 0.289337 0.236796 0.430306 0.0725531 0.864806 0.896651 
0.859623 0.372674 0.633327 0.87121 0.95562 0.995303 0.753098 0.513811 0.755571 0.977216 0.592212 0.825913 0.195588 0.95936 0.750292 0.664271 0.495827 0.919702 0.244593 0.321331 0.864172 0.644384 0.623245 0.36524 0.663802 0.361505 0.951357 0.625915 0.68292 0.875071 0.43283 0.130349 0.358916 0.326494 0.322999 0.803375 0.918189 0.75609 0.941289 0.00578358 0.00507893 0.947538 0.506329 0.804278 0.978966 0.961912 0.510842 0.410396 0.853554 0.532307 0.723681 0.141779 0.420053 0.24909 0.114453 0.527303 0.354856 0.887266 0.161734 0.225749 0.303469 0.889764 0.742867 0.436005 
0.609142 0.773736 0.246332 0.392522 0.314407 0.607725 0.875073 0.772806 0.341674 0.18406 0.921155 0.453798 0.679559 0.98801 0.427576 0.657963 0.237157 0.645004 0.211695 0.395882 0.349642 0.144237 0.102284 0.676805 0.993589 0.366079 0.0179258 0.603938 0.0219725 0.628582 0.626378 0.233473 0.445614 0.0950068 0.0643528 0.422358 0.0855722 0.0939788 0.839918 0.610089 0.932601 0.339492 0.874247 0.568103 0.483419 0.60644 0.9337 0.638145 0.511825 0.742756 0.903865 0.109391 0.465772 0.486165 0.545798 0.717497 0.196997 0.509052 0.266562 0.306014 0.155784 0.300059 0.807824 0.500591 
0.200736 0.806757 0.62279 0.285766 0.585944 0.421455 0.820134 0.324766 0.811441 0.892905 0.737901 0.0555805 0.876604 0.36631 0.211806 0.648875 0.193557 0.331215 0.700931 0.478347 0.435726 0.375496 0.84104 0.0705674 0.426061 0.725657 0.417798 0.970484 0.770644 0.349089 0.373306 0.0745889 0.00128165 0.56794 0.655253 0.022942 0.832668 0.13905 0.102271 0.654469 0.541829 0.301226 0.902567 0.81028 0.958708 0.757342 0.677541 0.926922 0.663345 0.928936 0.260702 0.943785 0.862699 0.156824 0.958612 0.249567 0.506692 0.737533 0.199247 0.163777 0.272696 0.626488 0.291802 0.130461 
0.372103 0.387879 0.655773 0.913264 0.856692 0.0593922 0.934184 0.310459 0.346633 0.725758 0.173976 0.552372 0.862314 0.46455 0.698627 0.479045 0.356187 0.338488 0.672844 0.672381 0.658063 0.878177 0.281562 0.546832 0.470538 0.646112 0.132295 0.43074 0.267119 0.268564 0.0412221 0.269537 0.324923 0.297162 0.75625 0.370414 0.376025 0.147408 0.689425 0.118402 0.0492697 0.8867 0.224277 0.135755 0.515388 0.497714 0.461047 0.0189312 0.119959 0.750111 0.533014 0.434285 0.894779 0.0813254 0.717391 0.118099 0.435161 0.837923 0.961526 0.255964 0.193159 0.354908 0.141576 0.507875 
0.37691 0.661929 0.252737 0.0684048 0.383328 0.221213 0.121916 0.326262 0.862863 0.265578 0.759771 0.270398 0.933173 0.621143 0.261669 0.85368 0.844618 0.68722 0.453778 0.0775156 0.770539 0.450488 0.916219 0.660953 0.250785 0.455436 0.715642 0.473902 0.865533 0.982181 0.480851 0.225045 0.545403 0.45954 0.530927 0.12642 0.479449 0.20531 0.855272 0.451097 0.667278 0.976818 0.944729 0.710475 0.193531 0.657085 0.450838 0.953346 0.839035 0.528344 0.40377 0.645195 0.899362 0.582518 0.70179 0.849188 0.304745 0.0914693 0.934805 0.237346 0.201804 0.288048 0.885763 0.743163 
0.947121 0.328576 0.439814 0.216705 0.186816 0.0478919 0.555628 0.395216 0.815966 0.695881 0.224679 0.529958 0.604929 0.506259 0.957896 0.163001 0.412511 0.992028 0.421909 0.96924 0.540208 0.852184 0.501214 0.535337 0.532653 0.403755 0.0865455 0.828443 0.777195 0.499936 0.108395 0.604667 0.245267 0.649534 0.726557 0.432398 0.530242 0.964067 0.37941 0.531045 0.442731 0.0216684 0.115663 0.724673 0.38611 0.710203 0.888935 0.587528 0.197232 0.591411 0.0524734 0.0680002 0.147131 0.134813 0.858361 0.402465 0.887429 0.618747 0.160791 0.883912 0.675682 0.984006 0.35284 0.61797 
0.661998 0.586023 0.0987771 0.0117337 0.364037 0.502279 0.879662 0.543934 0.440866 0.372618 0.702899 0.632267 0.243079 0.452178 0.7784 0.918582 0.0680121 0.543484 0.882899 0.802178 0.556086 0.79907 0.824765 0.869148 0.611771 0.199747 0.4457 0.601518 0.549476 0.815897 0.459045 0.37596 0.858008 0.4927 0.92362 0.407494 0.438348 0.0713694 0.23054 0.380992 0.25593 0.140832 0.677467 0.51849 0.96025 0.55615 0.305801 0.221227 0.987144 0.272715 0.643351 0.944648 0.477828 0.82868 0.0280905 0.0378599 0.510899 0.231523 0.863127 0.227477 0.20549 0.291525 0.983745 0.0671132 
0.714879 0.507398 0.195001 0.436692 0.820894 0.317623 0.455345 0.513108 0.568426 0.462098 0.125333 0.197446 0.722965 0.718718 0.403133 0.393546 0.552389 0.694053 0.175081 0.945734 0.580979 0.575291 0.000810718 0.237502 0.627822 9.57382e-05 0.391324 0.121331 0.586505 0.471225 0.779535 0.386555 0.5283 0.780015 0.518156 0.841055 0.42964 0.857001 0.710535 0.117011 0.729721 0.87464 0.24859 0.796793 0.946183 0.40318 0.307335 0.948739 0.0274751 0.28061 0.182773 0.906563 0.506301 0.849928 0.176481 0.569496 0.833544 0.615434 0.475028 0.795454 0.902594 0.178837 0.372528 0.981631 
0.411577 0.745732 0.749727 0.832149 0.533369 0.0142186 0.286214 0.532456 0.529568 0.0689208 0.412867 0.873252 0.595664 0.933478 0.13661 0.529446 0.525446 0.803141 0.956198 0.49434 0.695026 0.434044 0.990344 0.762826 0.86007 0.779221 0.861697 0.709565 0.966974 0.950092 0.669774 0.473199 0.957999 0.269878 0.24987 0.867658 0.872903 0.730683 0.829277 0.108846 0.996106 0.341474 0.830513 0.99832 0.569594 0.137927 0.537825 0.619591 0.602867 0.24865 0.530696 0.615887 0.843146 0.870002 0.0899391 0.858278 0.645236 0.0700722 0.62037 0.0621925 0.414953 0.0186559 0.501303 0.761063 
0.855359 0.776201 0.210905 0.198515 0.403129 0.0291113 0.501298 0.42391 0.623517 0.523668 0.1316 0.855807 0.115088 0.784592 0.671441 0.169563 0.327193 0.0426086 0.320512 0.65927 0.245511 0.810515 0.230123 0.505265 0.994591 0.461791 0.0772511 0.660548 0.0714872 0.721901 0.69078 0.210876 0.828954 0.263444 0.654012 0.601891 0.933289 0.889188 0.0946886 0.0151765 0.84202 0.0169527 0.595744 0.273622 0.522853 0.324691 0.0375693 0.0308645 0.89033 0.904282 0.91752 0.982019 0.713532 0.675258 0.22343 0.488617 0.282528 0.346121 0.513023 0.639059 0.807729 0.929238 0.429407 0.955163 
0.663083 0.431226 0.603037 0.177437 0.923098 0.371922 0.962637 0.294905 0.089061 0.107883 0.462285 0.533445 0.789719 0.485804 0.963034 0.551783 0.965002 0.14209 0.532297 0.997092 0.805334 0.137773 0.772876 0.471635 0.574668 0.0489812 0.529309 0.876947 0.841026 0.185383 0.236046 0.938468 0.392043 0.124204 0.590631 0.505618 0.373774 0.527981 0.247174 0.763392 0.138672 0.329158 0.513731 0.836051 0.657776 0.881924 0.968119 0.0458394 0.113864 0.582588 0.673264 0.211349 0.86997 0.908308 0.232103 0.90782 0.766477 0.323835 0.104937 0.670712 0.0115741 0.729574 0.113121 0.62408 
0.666362 0.532248 0.0884955 0.421525 0.368326 0.852955 0.88952 0.441734 0.0597612 0.602516 0.0884134 0.444112 0.330681 0.861815 0.824559 0.245866 0.588331 0.876916 0.916248 0.126602 0.368407 0.924918 0.671847 0.598488 0.458045 0.234569 0.658091 0.525839 0.456914 0.168664 0.102536 0.750306 0.511293 0.327636 0.800434 0.635732 0.691068 0.995644 0.31076 0.174629 0.930485 0.797865 0.216562 0.0428923 0.45418 0.625494 0.845926 0.432198 0.811483 0.542083 0.473422 0.725465 0.585715 0.0650018 0.990789 0.145129 0.0333069 0.602316 0.524624 0.955137 0.961205 0.759672 0.277219 0.0779856 
0.929404 0.690743 0.350478 0.909966 0.546655 0.502652 0.731345 0.19176 0.0964907 0.574078 0.832937 0.582927 0.373534 0.403656 0.711997 0.332927 0.122464 0.67167 0.85541 0.021556 0.714029 0.943248 0.833047 0.648296 0.776587 0.0352331 0.12478 0.667168 0.40519 0.747624 0.527409 0.520902 0.475118 0.908775 0.323244 0.132936 0.432493 0.886802 0.113089 0.59439 0.968994 0.8342 0.91254 0.595567 0.873694 0.332289 0.308711 0.974893 0.827008 0.548824 0.516673 0.911416 0.399344 0.173541 0.968075 0.767816 0.0252471 0.387858 0.679737 0.607853 0.107706 0.583275 0.925786 0.416278 
0.115943 0.798141 0.0167302 0.248926 0.282583 0.674261 0.626505 0.489687 0.45632 0.192659 0.289745 0.639759 0.923944 0.0936763 0.553046 0.375912 0.487942 0.390249 0.181407 0.432828 0.489106 0.291957 0.0343438 0.459226 0.837873 0.427431 0.0893317 0.905308 0.865754 0.564159 0.77668 0.470873 0.0286136 0.897451 0.742421 0.952497 0.161377 0.414428 0.69185 0.566179 0.0471493 0.387126 0.512931 0.440335 0.222124 0.377647 0.781065 0.882454 0.622217 0.908187 0.121277 0.678897 0.127059 0.819107 0.74677 0.0232515 0.720482 0.997158 0.127109 0.605941 0.179746 0.695408 0.963661 0.655502 
0.16916 0.6787 0.326948 0.779293 0.778865 0.290416 0.265657 0.724171 0.0327678 0.0989701 0.0567469 0.463738 0.438446 0.587672 0.869363 0.558727 0.669061 0.470755 0.913765 0.986264 0.312139 0.0210761 0.154831 0.851676 0.461094 0.825231 0.959634 0.603272 0.890038 0.684705 0.379753 0.35905 0.358129 0.2577 0.944895 0.485507 0.908811 0.620849 0.346269 0.509221 0.59327 0.908002 0.412987 0.0363889 0.244578 0.817225 0.620393 0.531231 0.171284 0.180459 0.427754 0.104882 0.396352 0.729608 0.698143 0.917091 0.187401 0.478698 0.164473 0.844723 0.95733 0.0257064 0.478865 0.881927 
0.0331899 0.672023 0.995088 0.984231 0.57661 0.753403 0.365472 0.306626 0.111785 0.287752 0.914472 0.539973 0.991548 0.655164 0.986791 0.517454 0.608998 0.264215 0.618626 0.503574 0.850066 0.987448 0.88636 0.834547 0.254459 0.593046 0.902318 0.0704123 0.912251 0.563475 0.559559 0.783613 0.166161 0.771352 0.164304 0.627124 0.189025 0.691958 0.0794575 0.264443 0.30648 0.774683 0.186 0.420941 0.434483 0.98508 0.387472 0.00974359 0.497672 0.762234 0.706904 0.98853 0.95226 0.292072 0.037028 0.00616811 0.220412 0.262691 0.295891 0.352197 0.12136 0.692424 0.552613 0.123644 
0.39478 0.649206 0.32794 0.503228 0.973653 0.791933 0.947475 0.0984806 0.362349 0.689781 0.53419 0.667885 0.643216 0.815842 0.9258 0.193631 0.0782936 0.0182559 0.352266 0.296827 0.839516 0.458491 0.844852 0.0921758 0.210679 0.402437 0.88682 0.346992 0.991534 0.340142 0.507289 0.29844 0.596348 0.593425 0.472834 0.644721 0.553672 0.959089 0.682578 0.361088 0.128203 0.510449 0.495265 0.925748 0.763048 0.0151472 0.746568 0.0614574 0.000419914 0.27323 0.138875 0.468691 0.689552 0.683336 0.51593 0.39277 0.1768 0.491657 0.962308 0.471531 0.10917 0.477983 0.0731097 0.922002 
0.401822 0.213494 0.312361 0.664204 0.0450203 0.983627 0.767798 0.0132984 0.289806 0.581221 0.375852 0.133354 0.771138 0.726536 0.664061 0.661101 0.813194 0.839335 0.460071 0.993899 0.740154 0.328848 0.686168 0.863801 0.148804 0.884952 0.848229 0.685654 0.446531 0.237273 0.371272 0.261211 0.553645 0.544849 0.748541 0.452888 0.5802 0.316157 0.364989 0.130491 0.302574 0.801806 0.825572 0.170662 0.682213 0.260595 0.0870107 0.0708301 0.14951 0.280963 0.108623 0.769454 0.0944194 0.922981 0.684918 0.430793 0.852805 0.680193 0.773227 0.777068 0.842629 0.548503 0.173131 0.852084 
0.569778 0.739152 0.648492 0.640291 0.263786 0.977772 0.163217 0.532787 0.436071 0.767874 0.465563 0.21325 0.945248 0.287248 0.75232 0.866936 0.634652 0.962796 0.553773 0.349564 0.873759 0.387174 0.547721 0.62478 0.709246 0.151772 0.627048 0.753606 0.23228 0.840933 0.893575 0.515999 0.82195 0.350932 0.914442 0.927541 0.306703 0.436999 0.240092 0.190553 0.939306 0.676901 0.856736 0.00728197 0.299487 0.0826056 0.0550391 0.985735 0.614415 0.0741934 0.790917 0.973435 0.177551 0.391651 0.111515 0.627614 0.865337 0.930742 0.647653 0.37815 0.094852 0.964404 0.204554 0.998741 
0.713195 0.323862 0.814747 0.0971358 0.585337 0.344204 0.242032 0.291192 0.153621 0.850301 0.74603 0.460625 0.760299 0.249642 0.52747 0.0289624 0.483086 0.064115 0.488885 0.591906 0.33787 0.964265 0.088487 0.37607 0.1221 0.313695 0.739404 0.641979 0.867809 0.0181399 0.969311 0.480001 0.636081 0.244764 0.0457991 0.27025 0.494014 0.275001 0.19641 0.3673 0.370478 0.581554 0.945171 0.504373 0.142208 0.711933 0.568213 0.387692 0.545744 0.904092 0.222464 0.630171 0.585043 0.600383 0.457217 0.176626 0.422085 0.344209 0.71626 0.478864 0.301448 0.0596054 0.124811 0.672972 
0.274486 0.527311 0.900073 0.427431 0.932803 0.380195 0.685062 0.366666 0.201867 0.700902 0.243274 0.917204 0.792123 0.0458354 0.330381 0.454165 0.947757 0.056131 0.699292 0.584267 0.31342 0.363444 0.427977 0.59399 0.712837 0.467238 0.923653 0.612207 0.173848 0.808502 0.809873 0.0525975 0.400453 0.295354 0.239995 0.468559 0.98649 0.497706 0.801211 0.800426 0.584418 0.11718 0.108448 0.601005 0.2472 0.959405 0.649626 0.171547 0.816456 0.884946 0.908355 0.673115 0.245644 0.0295913 0.654227 0.413042 0.21101 0.539652 0.459171 0.661197 0.127685 0.996217 0.740133 0.181927 
0.571147 0.215851 0.801064 0.982781 0.37074 0.52108 0.21364 0.453893 0.700171 0.618117 0.29863 0.656286 0.356704 0.715105 0.357677 0.442632 0.974189 0.988704 0.526216 0.583341 0.731964 0.0509307 0.505518 0.236256 0.648867 0.0628933 0.922458 0.483949 0.0614481 0.861019 0.557351 0.886624 0.219417 0.644951 0.714439 0.604649 0.46848 0.82761 0.584392 0.129986 0.970783 0.0843122 0.700319 0.747484 0.826631 0.766166 0.885048 0.22982 0.205794 0.0416273 0.796774 0.669089 0.271833 0.530904 0.864963 0.412768 0.172102 0.838085 0.770064 0.506254 0.623369 0.881293 0.707148 0.300717 
0.462185 0.0526032 0.914577 0.74082 0.0391788 0.514289 0.845341 0.365872 0.729428 0.258875 0.411753 0.512938 0.848489 0.12895 0.736872 0.363544 0.238776 0.321804 0.939711 0.5605 0.930046 0.780359 0.948298 0.399333 0.601377 0.15144 0.421375 0.328504 0.451024 0.345533 0.653259 0.97573 0.846105 0.988923 0.282973 0.0580568 0.703466 0.263867 0.133053 0.357071 0.632088 0.572097 0.132238 0.452915 0.0209139 0.338289 0.601572 0.926109 0.892921 0.568367 0.911276 0.473149 0.731154 0.0851661 0.00185952 0.00258622 0.275107 0.86131 0.895312 0.280812 0.194504 0.850186 0.388397 0.104964 
0.807155 0.594054 0.0598701 0.128052 0.890461 0.562656 0.0813168 0.702872 0.050879 0.335677 0.795832 0.40946 0.123489 0.259595 0.382914 0.0438026 0.804883 0.769133 0.0854595 0.651768 0.891235 0.164664 0.0276084 0.00900006 0.571173 0.370906 0.768494 0.267775 0.480662 0.371617 0.00953144 0.449967 0.476039 0.644263 0.0113537 0.29014 0.178838 0.407861 0.530529 0.016334 0.0870176 0.857722 0.822316 0.718667 0.58783 0.973095 0.273173 0.633873 0.236012 0.214685 0.0903635 0.57095 0.672327 0.497005 0.457595 0.537124 0.737364 0.885677 0.770733 0.108188 0.978644 0.274937 0.567103 0.158095 
0.903659 0.205423 0.815675 0.896136 0.267301 0.516901 0.0106601 0.884877 0.957814 0.750971 0.335309 0.669312 0.595735 0.0588676 0.827726 0.98501 0.830035 0.78568 0.848564 0.483483 0.373979 0.0732086 0.555569 0.968628 0.0308215 0.316452 0.69401 0.607075 0.118232 0.530854 0.520981 0.522898 0.217817 0.543969 0.955644 0.703147 0.0253307 0.643916 0.421963 0.453342 0.873618 0.590951 0.931276 0.971672 0.683556 0.977719 0.10693 0.555104 0.362664 0.267573 0.49747 0.904633 0.471502 0.37013 0.0411626 0.15525 0.814261 0.474148 0.270125 0.349514 0.710133 0.787048 0.718748 0.589563 
0.514457 0.234886 0.641926 0.296617 0.442479 0.297426 0.31116 0.00930594 0.748763 0.124959 0.0304295 0.314962 0.571189 0.949911 0.417791 0.694483 0.509944 0.908976 0.960748 0.864768 0.0172555 0.923328 0.873638 0.632224 0.11018 0.162002 0.773544 0.0525932 0.223634 0.654762 0.29886 0.216652 0.53518 0.319702 0.00426887 0.8346 0.456553 0.611418 0.67432 0.709996 0.507863 0.856149 0.405739 0.711519 0.485098 0.697527 0.8646 0.463279 0.589161 0.167231 0.402002 0.53209 0.900068 0.959511 0.383897 0.646069 0.562074 0.625504 0.250215 0.757187 0.251214 0.604981 0.875978 0.194684 
0.999321 0.608082 0.885693 0.122519 0.192594 0.741178 0.0935045 0.238536 0.566708 0.742192 0.166251 0.37768 0.813408 0.521454 0.371771 0.15331 0.979606 0.938009 0.0789009 0.544602 0.568759 0.500043 0.490403 0.874844 0.462461 0.678643 0.395792 0.765263 0.025484 0.302079 0.00892485 0.0659784 0.472839 0.644918 0.412734 0.735758 0.643347 0.0561275 0.207824 0.764761 0.487856 0.441006 0.598841 0.677807 0.805397 0.249996 0.760205 0.607157 0.956578 0.176614 0.280668 0.591252 0.947253 0.784646 0.798027 0.306533 0.0242051 0.0163141 0.639057 0.508692 0.976315 0.542287 0.00907955 0.270454 
0.258235 0.778013 0.683073 0.963859 0.803527 0.014099 0.711826 0.353306 0.725512 0.518031 0.669591 0.719354 0.715692 0.0250016 0.106996 0.742694 0.711949 0.637097 0.286841 0.441879 0.107501 0.975831 0.597404 0.138389 0.778429 0.772048 0.550746 0.261321 0.786291 0.893112 0.492451 0.588401 0.923249 0.293937 0.898028 0.770379 0.537492 0.285138 0.0896156 0.52846 0.409599 0.194603 0.637878 0.756824 0.540087 0.0422671 0.407691 0.987053 0.486369 0.885683 0.236668 0.968661 0.833576 0.886139 0.166072 0.584259 0.853068 0.0436426 0.0946628 0.515558 0.596173 0.364511 0.953557 0.1983 
0.255128 0.899205 0.539251 0.783146 0.204773 0.68752 0.0103986 0.105782 0.39128 0.146077 0.615647 0.00932981 0.712438 0.724901 0.225541 0.768211 0.806156 0.173404 0.104525 0.362737 0.56954 0.0189566 0.898016 0.596733 0.423757 0.935147 0.699018 0.793548 0.736355 0.528558 0.760218 0.126636 0.116097 0.224339 0.66761 0.479786 0.741692 0.947599 0.626506 0.992493 0.451193 0.944456 0.0766351 0.615477 0.768871 0.115812 0.808339 0.0364209 0.534625 0.366193 0.87708 0.775952 0.545732 0.0821017 0.989957 0.825642 0.227464 0.224996 0.798669 0.276484 0.683685 0.0914436 0.883534 0.575769 
