22.7717 1101000001000010100100000110100011001110110101101100010010000110110100010010000110100111100000000110
79.4521 1101100101101111011101000011100101001101011111101001110011000000001111011010101011001111010011111000
0.170823 0.28804 0.164247 0.397068 0.313781 0.0214265 0.487262 0.934648 0.824504 0.575754 0.890497 0.85944 0.870024 0.671051 0.801374 0.479388 0.64278 0.535302 0.161616 0.557196 0.947443 0.86432 0.7088 0.404882 0.218529 0.42603 0.614057 0.953202 0.648495 0.907925 0.0992484 0.321408 0.815487 0.4759 0.0368416 0.526207 0.866984 0.487283 0.568815 0.175604 0.813924 0.909229 0.754206 0.818156 0.399509 0.74297 0.683985 0.214882 0.262683 0.42862 0.666706 0.632164 0.0760338 0.917272 0.634612 0.957178 0.303347 0.0526723 0.0416492 0.474609 0.651341 0.0254185 0.487128 0.700964 
0.891005 0.758009 0.519947 0.961866 0.790423 0.164307 0.0206962 0.729859 0.410243 0.553205 0.524377 0.355077 0.187396 0.751304 0.843948 0.569566 0.78509 0.168668 0.119435 0.599722 0.0127447 0.145325 0.107083 0.471423 0.35406 0.785764 0.953744 0.570099 0.151028 0.428533 0.913594 0.952467 0.332456 0.509128 0.682227 0.430931 0.325406 0.892331 0.184701 0.375881 0.361367 0.237443 0.105761 0.24566 0.925822 0.358962 0.808325 0.727888 0.919247 0.724414 0.677564 0.535736 0.896612 0.375153 0.0778974 0.0794433 0.433729 0.612392 0.662309 0.650532 0.190707 0.363109 0.367231 0.972914 
0.568518 0.710165 0.113728 0.0515818 0.815167 0.0512659 0.149586 0.0380118 0.447861 0.502701 0.510052 0.648517 0.376042 0.652488 0.835016 0.176122 0.170924 0.91187 0.567198 0.590084 0.247163 0.72599 0.740223 0.538092 0.178951 0.97916 0.12079 0.358256 0.849771 0.117047 0.414372 0.0595763 0.655496 0.844584 0.0516072 0.98367 0.254343 0.153291 0.0472759 0.0884931 0.579617 0.232519 0.856419 0.330726 0.424589 0.898918 0.201932 0.880002 0.189919 0.133269 0.318888 0.328975 0.507018 0.609158 0.597432 0.574587 0.436233 0.493076 0.940914 0.86421 0.652907 0.165737 0.413851 0.047084 
0.941803 0.810193 0.77848 0.0232275 0.542494 0.0966191 0.476061 0.930875 0.151093 0.97764 0.92135 0.434574 0.815787 0.827956 0.644442 0.517428 0.405316 0.0125325 0.895618 0.454855 0.786345 0.982641 0.108014 0.230267 0.0714793 0.776047 0.746308 0.101539 0.365698 0.784923 0.377172 0.384794 0.117622 0.312252 0.934106 0.947706 0.655908 0.257195 0.936533 0.232803 0.614486 0.370079 0.951366 0.636973 0.598913 0.153932 0.284935 0.450267 0.286929 0.43405 0.928908 0.816056 0.541072 0.541535 0.74246 0.256031 0.115742 0.426587 0.731552 0.315554 0.253051 0.995802 0.513685 0.431637 
0.849783 0.0919815 0.408094 0.729635 0.780051 0.0986385 0.899273 0.952338 0.308533 0.0116973 0.0630263 0.7665 0.705781 0.561376 0.58776 0.132843 0.668832 0.00228951 0.355755 0.860631 0.373753 0.34049 0.487714 0.613755 0.207088 0.723169 0.711318 0.698599 0.160911 0.617254 0.028646 0.455022 0.577832 0.317177 0.219341 0.571558 0.543175 0.80764 0.201874 0.326145 0.446328 0.685661 0.753371 0.876003 0.542216 0.891434 0.49899 0.116319 0.753009 0.222903 0.522988 0.57289 0.335183 0.584245 0.759447 0.0659973 0.327192 0.169258 0.0621791 0.867066 0.524292 0.342173 0.352513 0.899787 
0.921368 0.723386 0.520864 0.0771409 0.250136 0.125349 0.600847 0.754308 0.251425 0.709898 0.196338 0.795338 0.954494 0.327317 0.322002 0.269035 0.34497 0.411174 0.37284 0.235047 0.709019 0.343406 0.640659 0.159205 0.934654 0.748339 0.900403 0.521456 0.686011 0.432865 0.134339 0.770746 0.2866 0.657427 0.896462 0.609252 0.348009 0.690642 0.0186934 0.880881 0.10759 0.72806 0.884167 0.817415 0.420348 0.439717 0.960561 0.572586 0.379229 0.172414 0.865089 0.47307 0.542922 0.439212 0.358397 0.672044 0.403155 0.61413 0.492352 0.508993 0.431282 0.0976353 0.676942 0.352597 
0.776357 0.806021 0.367974 0.271844 0.322493 0.0552658 0.176311 0.0811479 0.957822 0.0653159 0.467942 0.0501516 0.292483 0.237953 0.917464 0.0946976 0.714391 0.3758 0.33041 0.0643035 0.345483 0.452272 0.812784 0.833488 0.286339 0.750318 0.768716 0.78042 0.758008 0.892722 0.978532 0.00447492 0.34741 0.491295 0.46834 0.2792 0.563306 0.823781 0.427088 0.00372728 0.828259 0.726553 0.357659 0.500888 0.106792 0.342564 0.533836 0.497003 0.212852 0.792112 0.525211 0.694941 0.478749 0.981198 0.882614 0.453886 0.411993 0.365127 0.300819 0.725336 0.182038 0.579846 0.205643 0.0952201 
0.551919 0.147652 0.939422 0.486473 0.955127 0.25154 0.582746 0.821412 0.159254 0.665498 0.119862 0.356117 0.586873 0.273603 0.687169 0.627296 0.768636 0.579223 0.241083 0.195123 0.0181946 0.674994 0.67787 0.957571 0.249207 0.764225 0.58821 0.918453 0.0128763 0.345227 0.337627 0.280517 0.0528489 0.133632 0.0857711 0.395525 0.772752 0.526829 0.906493 0.603105 0.285611 0.955455 0.6501 0.464827 0.681582 0.915759 0.228865 0.530737 0.992272 0.40829 0.148868 0.444832 0.435645 0.0564932 0.364792 0.0364708 0.903389 0.265468 0.365228 0.524269 0.595553 0.978131 0.685546 0.712152 
0.274218 0.316656 0.382948 0.884068 0.749144 0.20428 0.186556 0.0169551 0.226463 0.756566 0.343679 0.0697152 0.109579 0.473979 0.810578 0.156499 0.0227553 0.484653 0.23822 0.947844 0.939012 0.613542 0.740045 0.73779 0.201872 0.314394 0.287674 0.690446 0.166646 0.806534 0.696372 0.602772 0.281621 0.347032 0.925907 0.550574 0.418555 0.27903 0.783008 0.970358 0.00866718 0.474189 0.459198 0.679636 0.340575 0.130017 0.602994 0.784263 0.928359 0.957132 0.204215 0.585283 0.423577 0.563912 0.640495 0.966949 0.466539 0.982028 0.983673 0.828943 0.883577 0.785948 0.433084 0.990499 
0.910688 0.734913 0.399717 0.855697 0.330234 0.754855 0.181866 0.966447 0.654555 0.361692 0.623317 0.847071 0.92905 0.268999 0.541084 0.805519 0.583011 0.827329 0.670455 0.0663193 0.145349 0.0962316 0.465295 0.872633 0.505021 0.353905 0.108258 0.373077 0.712125 0.587205 0.845558 0.380464 0.109533 0.0919908 0.370033 0.0549 0.14826 0.847316 0.943174 0.759765 0.137376 0.224301 0.890525 0.394299 0.494964 0.64409 0.0172692 0.276973 0.612544 0.214269 0.254192 0.932574 0.489803 0.761397 0.833618 0.46298 0.977331 0.298619 0.0198383 0.30035 0.644692 0.123498 0.061058 0.303894 
0.00994709 0.242486 0.173238 0.278072 0.369215 0.40424 0.995533 0.924667 0.900281 0.236241 0.617927 0.513045 0.78227 0.425378 0.580521 0.47793 0.290285 0.821735 0.542951 0.0944 0.730311 0.621763 0.475255 0.189369 0.818567 0.797925 0.934089 0.252287 0.341194 0.055058 0.227002 0.844527 0.123294 0.760061 0.650929 0.312746 0.436647 0.732686 0.329326 0.588905 0.869482 0.529826 0.262055 0.364118 0.340836 0.679934 0.349451 0.973484 0.194407 0.625417 0.310825 0.563615 0.800896 0.0166128 0.169377 0.51993 0.120776 0.889895 0.228495 0.723048 0.416881 0.504742 0.760934 0.855714 
0.883466 0.141776 0.271033 0.194668 0.544758 0.557736 0.555413 0.630751 0.390111 0.896185 0.236958 0.00480167 0.478863 0.424512 0.723479 0.219214 0.572603 0.827894 0.677582 0.307328 0.0584183 0.552665 0.078472 0.0638396 0.651145 0.338306 0.0537232 0.352598 0.151262 0.813064 0.880604 0.250477 0.778042 0.436172 0.0236411 0.260745 0.737216 0.929451 0.938801 0.613641 0.50304 0.940504 0.253952 0.0381782 0.831705 0.693829 0.020247 0.590258 0.281845 0.401332 0.720993 0.194107 0.109173 0.941277 0.780517 0.841183 0.972508 0.966833 0.278194 0.583387 0.726024 0.818126 0.162712 0.428176 
0.0702077 0.899152 0.958305 0.925399 0.981494 0.418796 0.899912 0.0551309 0.843253 0.440064 0.254229 0.3895 0.329057 0.94459 0.911905 0.986567 0.755581 0.954724 0.874864 0.276775 0.406937 0.194015 0.801449 0.403735 0.0723989 0.340195 0.764886 0.377703 0.438573 0.873613 0.50246 0.424153 0.973643 0.411879 0.977829 0.865928 0.949107 0.144879 0.70409 0.176786 0.972919 0.533041 0.994418 0.108267 0.0881938 0.111993 0.381541 0.52038 0.00187851 0.400381 0.199306 0.29911 0.533009 0.98434 0.0317291 0.423269 0.31453 0.754904 0.646678 0.977799 0.234219 0.74525 0.231174 0.826946 
0.613973 0.516012 0.277642 0.31581 0.373595 0.566497 0.603805 0.549812 0.833309 0.503569 0.59489 0.548156 0.841111 0.417883 0.198322 0.725435 0.638225 0.549908 0.826441 0.09605 0.00762781 0.183056 0.848344 0.935229 0.157174 0.929305 0.707843 0.69537 0.986456 0.0465272 0.867572 0.958154 0.493255 0.389718 0.775314 0.868095 0.675554 0.074683 0.599538 0.317773 0.4597 0.646481 0.724987 0.160184 0.243689 0.443519 0.420887 0.695721 0.898318 0.560999 0.932342 0.490062 0.99472 0.35125 0.871413 0.104962 0.853583 0.600677 0.160764 0.774727 0.87545 0.289651 0.406564 0.78942 
0.483366 0.278034 0.192964 0.954133 0.374162 0.317783 0.125852 0.589059 0.509565 0.818228 0.0187997 0.860023 0.705154 0.419091 0.574206 0.994603 0.876483 0.686189 0.432409 0.526567 0.536747 0.0125841 0.248012 0.573959 0.217112 0.322822 0.529828 0.429795 0.182439 0.738468 0.251669 0.6447 0.881368 0.977939 0.463518 0.222581 0.947865 0.710454 0.615242 0.615722 0.269641 0.0643247 0.492222 0.279623 0.788974 0.939235 0.345058 0.995203 0.569901 0.402848 0.177712 0.816723 0.530291 0.0684286 0.0731055 0.81956 0.813286 0.337154 0.885059 0.195963 0.903116 0.742333 0.982508 0.57222 
0.0342165 0.363266 0.846955 0.62172 0.910733 0.598791 0.182283 0.407922 0.557859 0.916858 0.0605423 0.0892039 0.209765 0.434769 0.449489 0.900425 0.0334995 0.630739 0.00771748 0.050895 0.250051 0.371385 0.289535 0.768622 0.705626 0.801302 0.557649 0.767885 0.846274 0.011245 0.320303 0.580908 0.466874 0.716656 0.367904 0.609095 0.612871 0.616361 0.821365 0.876555 0.574446 0.818139 0.171705 0.60395 0.714945 0.588392 0.838786 0.903759 0.822257 0.492151 0.611443 0.323792 0.706138 0.705879 0.422027 0.941138 0.980876 0.56661 0.842601 0.123511 0.284523 0.469778 0.633252 0.585304 
0.649118 0.513421 0.30507 0.450083 0.196159 0.247382 0.0930948 0.042048 0.597859 0.685216 0.673085 0.807062 0.648775 0.737868 0.715355 0.116321 0.937603 0.0140936 0.912613 0.462772 0.175923 0.359556 0.7795 0.645157 0.0539516 0.955584 0.692455 0.775942 0.15712 0.551639 0.174822 0.416044 0.0158904 0.344757 0.566056 0.871889 0.197951 0.591824 0.113083 0.256072 0.512788 0.765708 0.870603 0.641226 0.806558 0.341943 0.0128565 0.424935 0.0810346 0.411164 0.148686 0.490934 0.534876 0.685087 0.742147 0.571349 0.317244 0.710835 0.381671 0.195874 0.00780823 0.192974 0.0667265 0.527725 
0.530643 0.845796 0.908924 0.606095 0.673045 0.171724 0.29852 0.405171 0.329078 0.372037 0.79931 0.807899 0.563941 0.011954 0.598379 0.117913 0.794185 0.977296 0.253119 0.428899 0.985182 0.809343 0.0595271 0.140135 0.254562 0.928301 0.899663 0.746402 0.840937 0.541493 0.509274 0.619975 0.0289609 0.0628559 0.563912 0.824686 0.243465 0.402941 0.237246 0.298266 0.899267 0.722676 0.873909 0.737326 0.706734 0.384989 0.601938 0.26093 0.939292 0.615034 0.978619 0.386122 0.105267 0.218577 0.713582 0.0331075 0.11101 0.31089 0.923792 0.781384 0.761538 0.812367 0.25493 0.961154 
0.8064 0.00611741 0.0312855 0.414622 0.248312 0.877198 0.582375 0.316202 0.920388 0.813252 0.556754 0.0248365 0.741939 0.324712 0.633553 0.796642 0.0739794 0.525178 0.311732 0.0222464 0.354339 0.788569 0.347548 0.491159 0.623069 0.647704 0.895981 0.386552 0.0430423 0.155246 0.903062 0.855848 0.645561 0.829605 0.176819 0.123883 0.82474 0.0323087 0.57916 0.723962 0.379022 0.665911 0.861416 0.75058 0.761776 0.93378 0.577804 0.87702 0.40906 0.523456 0.537914 0.753427 0.308779 0.354464 0.765816 0.865296 0.830715 0.27702 0.883981 0.095859 0.362312 0.053805 0.301875 0.580901 
0.803058 0.707136 0.867739 0.41474 0.666655 0.664915 0.479117 0.192233 0.575173 0.790788 0.110202 0.668622 0.00285303 0.62448 0.88307 0.813478 0.764873 0.0937965 0.484946 0.460687 0.382482 0.79882 0.357237 0.235097 0.58648 0.0674343 0.304916 0.398279 0.420528 0.237838 0.776094 0.938027 0.571464 0.858031 0.731371 0.0479519 0.96402 0.237184 0.571983 0.452347 0.921693 0.00909955 0.332921 0.645652 0.498079 0.790124 0.368128 0.668077 0.368904 0.646851 0.107919 0.69004 0.73232 0.215352 0.212899 0.853329 0.621829 0.754129 0.0985859 0.329533 0.338764 0.571318 0.469431 0.527364 
0.738268 0.29351 0.530622 0.93008 0.690761 0.466655 0.590755 0.362737 0.730888 0.767386 0.863185 0.815458 0.440591 0.77238 0.699335 0.0709031 0.961475 0.1774 0.0455645 0.362178 0.800703 0.574154 0.0677686 0.0146449 0.113882 0.113582 0.99608 0.293578 0.771726 0.445741 0.182809 0.642183 0.137682 0.755261 0.0921726 0.237034 0.0188871 0.537489 0.573587 0.441178 0.0746087 0.123504 0.383929 0.844032 0.489173 0.412515 0.662429 0.625147 0.56638 0.480082 0.761834 0.589649 0.448765 0.716826 0.155349 0.110071 0.637186 0.63328 0.636062 0.51461 0.472123 0.254419 0.228269 0.430447 
0.425218 0.898574 0.597464 0.40291 0.0489121 0.791648 0.873612 0.637674 0.217903 0.948779 0.687518 0.0546718 0.0241942 0.723366 0.451475 0.860347 0.835234 0.101974 0.35624 0.66595 0.328976 0.14036 0.123132 0.408688 0.664924 0.920328 0.55264 0.555228 0.501864 0.577828 0.720823 0.268984 0.853037 0.800297 0.308254 0.758474 0.996943 0.983067 0.502765 0.617393 0.676145 0.394501 0.546419 0.499188 0.139929 0.0920109 0.0374454 0.609562 0.811178 0.23323 0.00436657 0.722133 0.863701 0.534915 0.285334 0.738617 0.0493671 0.320067 0.552295 0.352632 0.728726 0.687624 0.730282 0.527295 
0.783459 0.518269 0.585648 0.696752 0.597757 0.31376 0.343755 0.869058 0.238495 0.794428 0.065398 0.99081 0.357334 0.718025 0.0953215 0.862849 0.892624 0.220886 0.0219933 0.694101 0.76104 0.167024 0.632705 0.273983 0.919415 0.854036 0.527608 0.680495 0.543389 0.61497 0.487035 0.298411 0.836145 0.182996 0.550483 0.606712 0.0382681 0.383073 0.414496 0.416085 0.166428 0.55851 0.164928 0.10788 0.392415 0.80488 0.732935 0.509121 0.915504 0.0371153 0.520522 0.372355 0.551834 0.590607 0.976814 0.717922 0.128085 0.300637 0.283222 0.825685 0.485938 0.445021 0.933855 0.36416 
0.140012 0.442603 0.999817 0.910599 0.924794 0.617927 0.0127462 0.837735 0.694096 0.394326 0.971682 0.211367 0.0947811 0.586848 0.493689 0.598604 0.686489 0.337477 0.83576 0.0222534 0.656204 0.242191 0.657091 0.380295 0.78143 0.855515 0.273332 0.584414 0.371765 0.465312 0.802505 0.0385469 0.296237 0.648678 0.189866 0.236868 0.254681 0.867366 0.669908 0.300928 0.746605 0.952225 0.984254 0.211302 0.22811 0.507593 0.199839 0.136982 0.502219 0.221404 0.401274 0.166921 0.735481 0.459678 0.946849 0.231918 0.516473 0.947753 0.860903 0.376017 0.886699 0.0984192 0.0261061 0.917534 
0.174101 0.757865 0.716865 0.499571 0.388565 0.555966 0.511085 0.192989 0.327771 0.617853 0.936412 0.166757 0.100811 0.0727636 0.938415 0.201575 0.705053 0.777206 0.879392 0.52939 0.692502 0.0447153 0.048393 0.120919 0.539815 0.726088 0.0495124 0.914551 0.793738 0.823095 0.834473 0.61998 0.525347 0.407714 0.410524 0.56037 0.484847 0.299657 0.0796351 0.62832 0.479179 0.801045 0.790316 0.0543651 0.990475 0.12014 0.413822 0.652217 0.639544 0.0135089 0.2525 0.102985 0.827809 0.575449 0.493228 0.289652 0.968225 0.59522 0.502677 0.673994 0.645467 0.752872 0.683024 0.984085 
0.135734 0.940211 0.857595 0.280259 0.289256 0.893446 0.698896 0.629292 0.487842 0.529625 0.767498 0.0748704 0.300918 0.229122 0.25572 0.398138 0.778265 0.616612 0.495811 0.392933 0.661388 0.936602 0.762581 0.517116 0.801679 0.54826 0.455753 0.452758 0.896655 0.86105 0.412891 0.364841 0.295584 0.995475 0.027743 0.241243 0.204897 0.647449 0.0768835 0.221649 0.262575 0.939927 0.470621 0.385149 0.912117 0.0200669 0.40474 0.908725 0.504173 0.264082 0.0941648 0.721327 0.134375 0.944033 0.971288 0.586186 0.483366 0.685497 0.41432 0.298076 0.524421 0.286554 0.913493 0.662665 
0.255153 0.999304 0.435516 0.0465263 0.413074 0.249745 0.60758 0.328065 0.620498 0.649322 0.0537958 0.444153 0.278329 0.199954 0.271746 0.579859 0.00825952 0.976191 0.766022 0.089774 0.516064 0.381001 0.295758 0.645958 0.423044 0.35778 0.766003 0.796264 0.77688 0.979671 0.205032 0.326501 0.789224 0.176784 0.321544 0.0823234 0.0106823 0.869853 0.559893 0.24112 0.484536 0.197149 0.0507068 0.998759 0.14117 0.87739 0.461198 0.239286 0.738993 0.264316 0.748955 0.525685 0.0648248 0.736879 0.926563 0.685284 0.435093 0.293817 0.174825 0.990281 0.451659 0.854674 0.726567 0.207428 
0.58563 0.201856 0.0633385 0.377386 0.885285 0.0267457 0.761744 0.83724 0.177682 0.290218 0.448353 0.549414 0.226347 0.3995 0.0102201 0.244263 0.718119 0.0646135 0.0558753 0.376078 0.351562 0.765351 0.771109 0.705584 0.034374 0.324461 0.768437 0.203286 0.294685 0.602609 0.43582 0.778541 0.279028 0.776672 0.343491 0.477828 0.158919 0.787764 0.522858 0.635626 0.452166 0.461921 0.407583 0.715868 0.794959 0.735229 0.558715 0.167605 0.147519 0.553347 0.568039 0.502112 0.0187609 0.129225 0.0791861 0.211858 0.491965 0.440714 0.903905 0.390546 0.00179103 0.882046 0.0581982 0.869502 
0.725132 0.286554 0.853767 0.543207 0.96971 0.787921 0.811113 0.373373 0.586351 0.880853 0.66581 0.786811 0.400736 0.446561 0.607498 0.140753 0.331464 0.402639 0.816251 0.818218 0.153699 0.870909 0.59111 0.250318 0.887817 0.207776 0.32598 0.207963 0.212584 0.484645 0.720024 0.751509 0.108902 0.437595 0.647439 0.0163827 0.418035 0.957286 0.875285 0.527781 0.936265 0.801345 0.775636 0.115451 0.750835 0.0528781 0.833549 0.843079 0.465397 0.568335 0.935785 0.411995 0.767913 0.282161 0.116049 0.117182 0.741419 0.372195 0.0601081 0.0737963 0.275531 0.986861 0.677067 0.146682 
0.589718 0.815245 0.1451 0.0505937 0.143082 0.340096 0.135956 0.0562222 0.465581 0.36464 0.747182 0.483237 0.454183 0.0933404 0.337581 0.838802 0.312323 0.397049 0.323051 0.9566 0.853398 0.149073 0.505095 0.82691 0.736785 0.860455 0.277908 0.0966874 0.56149 0.276101 0.794785 0.509856 0.187959 0.880379 0.0369202 0.191088 0.277176 0.591639 0.586818 0.0575735 0.300994 0.770778 0.568797 0.606227 0.597752 0.833696 0.626397 0.965579 0.605641 0.424337 0.151984 0.977533 0.333221 0.125858 0.379203 0.599517 0.497984 0.777585 0.212681 0.275589 0.0316592 0.875002 0.0709259 0.322203 
0.171765 0.00708419 0.256675 0.406893 0.766371 0.637074 0.64439 0.369757 0.447589 0.488358 0.0839872 0.555867 0.041401 0.282454 0.911403 0.852624 0.675842 0.114459 0.752059 0.43085 0.794834 0.169397 0.408187 0.112319 0.401261 0.0676719 0.319167 0.900528 0.684721 0.264217 0.262398 0.981186 0.889818 0.292622 0.895338 0.524212 0.315848 0.526554 0.768532 0.733504 0.494036 0.476794 0.214695 0.295525 0.205923 0.819131 0.044392 0.74812 0.542718 0.713668 0.729476 0.581847 0.402536 0.0553439 0.547911 0.947603 0.230108 0.243677 0.982716 0.0774807 0.218781 0.57933 0.715935 0.38773 
0.0774663 0.617161 0.473163 0.0264731 0.887388 0.850465 0.798884 0.452357 0.984166 0.394947 0.956046 0.666795 0.613147 0.452476 0.753982 0.857056 0.72486 0.706365 0.666651 0.131755 0.508467 0.487568 0.951239 0.59393 0.924792 0.563041 0.491995 0.290279 0.635591 0.225444 0.522436 0.223808 0.301945 0.378183 0.441852 0.611525 0.0837326 0.209539 0.430937 0.537089 0.378637 0.887654 0.692945 0.287904 0.962011 0.699157 0.37403 0.858634 0.791053 0.69725 0.729515 0.251906 0.0323125 0.841564 0.465713 0.0608286 0.784942 0.324114 0.651032 0.657562 0.893247 0.594452 0.792032 0.730218 
0.643965 0.725025 0.494302 0.210302 0.809716 0.895247 0.774759 0.7115 0.427755 0.458467 0.549229 0.457932 0.654096 0.319065 0.23731 0.875771 0.396187 0.308014 0.615258 0.895199 0.0714928 0.200902 0.838181 0.995017 0.489673 0.386571 0.229285 0.530314 0.664588 0.380516 0.283194 0.190413 0.804832 0.700735 0.0836427 0.5962 0.979082 0.743243 0.843261 0.950626 0.718678 0.911384 0.293527 0.0315096 0.156883 0.701218 0.456125 0.133242 0.154654 0.233902 0.708244 0.0125834 0.707125 0.585793 0.81654 0.795163 0.439923 0.382726 0.487696 0.201807 0.915252 0.398776 0.447079 0.924453 
0.80855 0.897202 0.255411 0.0933586 0.686112 0.0146142 0.452605 0.765113 0.71334 0.934215 0.58661 0.697261 0.29975 0.866407 0.834654 0.933793 0.255834 0.363598 0.348993 0.695091 0.00731512 0.610383 0.908142 0.797924 0.271108 0.963582 0.0470984 0.544055 0.135495 0.240599 0.699566 0.524909 0.73507 0.329873 0.509843 0.680666 0.076688 0.0339816 0.996537 0.178455 0.441529 0.706054 0.495371 0.555587 0.458926 0.899139 0.565512 0.514055 0.594471 0.698097 0.576801 0.0141608 0.412305 0.649135 0.931921 0.367939 0.441161 0.727671 0.182863 0.580957 0.887477 0.902491 0.132194 0.588391 
0.0975389 0.225616 0.119762 0.312815 0.95114 0.203068 0.840652 0.701001 0.6709 0.0455605 0.242123 0.979898 0.324645 0.931313 0.332878 0.061174 0.0102892 0.38503 0.882298 0.240655 0.203401 0.410075 0.172638 0.576927 0.893996 0.887946 0.863327 0.371484 0.66088 0.419951 0.18252 0.843314 0.690487 0.629055 0.998469 0.363984 0.0268855 0.632051 0.189111 0.180848 0.356284 0.195774 0.0711601 0.266592 0.212213 0.0104634 0.355222 0.381613 0.947986 0.151517 0.109043 0.246356 0.917258 0.738051 0.537591 0.00667627 0.00402144 0.652539 0.0722049 0.432399 0.223236 0.351059 0.0275715 0.08972 
0.329265 0.845992 0.598573 0.797258 0.507488 0.68167 0.945558 0.225372 0.689187 0.335712 0.519456 0.847798 0.360588 0.713674 0.299226 0.816579 0.463033 0.242278 0.727015 0.889232 0.981878 0.129151 0.665379 0.127783 0.254092 0.792396 0.746259 0.927288 0.414603 0.148348 0.355656 0.709528 0.423915 0.84079 0.606876 0.128 0.102067 0.756962 0.125342 0.486199 0.795021 0.836121 0.438969 0.961894 0.535723 0.967135 0.510901 0.530624 0.155761 0.249961 0.18941 0.106577 0.630706 0.926496 0.991086 0.984193 0.812832 0.740291 0.717672 0.44841 0.0571113 0.321394 0.988046 0.8601 
0.247165 0.0570981 0.712846 0.270011 0.929892 0.154926 0.457208 0.877474 0.0510028 0.892843 0.66575 0.958811 0.86059 0.227451 0.444941 0.186208 0.446576 0.637907 0.59073 0.00562588 0.562849 0.0279359 0.687325 0.35073 0.454227 0.136361 0.626159 0.753129 0.603307 0.384166 0.241891 0.00791132 0.76355 0.960093 0.807669 0.345603 0.788183 0.545107 0.0769799 0.053478 0.4709 0.569061 0.951187 0.693475 0.736382 0.729665 0.852481 0.940108 0.313042 0.938593 0.719487 0.361116 0.115182 0.736753 0.138448 0.762926 0.958812 0.115422 0.722695 0.479632 0.988872 0.515448 0.922222 0.414165 
0.18141 0.0436298 0.640931 0.735473 0.232033 0.800732 0.540488 0.806561 0.899426 0.918943 0.041787 0.108686 0.59025 0.458814 0.0690843 0.504381 0.0743583 0.889358 0.10587 0.671336 0.0348124 0.543825 0.112816 0.825686 0.159875 0.359095 0.282435 0.372809 0.992955 0.174154 0.513761 0.7831 0.64658 0.02961 0.816944 0.13777 0.255547 0.340208 0.864109 0.621547 0.490024 0.0231033 0.882511 0.822213 0.899128 0.187376 0.79375 0.168899 0.504367 0.124224 0.734982 0.0277729 0.40075 0.409676 0.159016 0.80004 0.535663 0.478097 0.910839 0.596067 0.412516 0.770938 0.44217 0.536274 
0.299198 0.121525 0.713513 0.526738 0.294367 0.952748 0.125884 0.486047 0.839198 0.803078 0.783031 0.295106 0.465339 0.680496 0.789286 0.755252 0.0795881 0.492556 0.666504 0.792551 0.57454 0.189138 0.747463 0.63568 0.700302 0.382931 0.799868 0.75694 0.141132 0.327046 0.23859 0.747869 0.767744 0.20652 0.720123 0.12621 0.850835 0.946031 0.337078 0.333862 0.216218 0.686113 0.387331 0.572949 0.325429 0.206115 0.302678 0.264622 0.987472 0.364273 0.124939 0.637194 0.447747 0.259741 0.564167 0.687169 0.151852 0.731122 0.0820723 0.279586 0.205686 0.837684 0.541142 0.536339 
0.954647 0.770884 0.172083 0.118769 0.491506 0.587473 0.864249 0.536928 0.269656 0.782733 0.277972 0.707881 0.355421 0.237774 0.0273167 0.516279 0.524996 0.982217 0.159086 0.171026 0.483857 0.519419 0.736 0.48115 0.85601 0.644107 0.129526 0.64771 0.535693 0.825263 0.158829 0.111311 0.175303 0.432357 0.677575 0.931228 0.720352 0.500127 0.44862 0.913479 0.159497 0.55876 0.778025 0.679753 0.928503 0.538301 0.101204 0.934471 0.928976 0.201244 0.193067 0.369307 0.48746 0.183972 0.939397 0.0810849 0.466116 0.00498868 0.144783 0.154304 0.0984836 0.150324 0.0932816 0.53371 
0.341792 0.282831 0.36627 0.12839 0.365399 0.395148 0.712515 0.384025 0.348293 0.894332 0.274249 0.564155 0.0645987 0.0123504 0.617787 0.610276 0.696668 0.286655 0.792913 0.188627 0.680971 0.293751 0.908837 0.871763 0.0823286 0.96963 0.685849 0.0458836 0.766541 0.395885 0.682021 0.974644 0.0458896 0.936719 0.519446 0.176475 0.338742 0.989386 0.0399972 0.612171 0.25136 0.185118 0.90591 0.539228 0.149542 0.272818 0.255334 0.250402 0.783838 0.619788 0.636177 0.275754 0.858668 0.259315 0.02339 0.706688 0.341764 0.633972 0.826503 0.656134 0.778972 0.690906 0.271675 0.531876 
0.250365 0.0696457 0.496662 0.899449 0.952182 0.0759879 0.230398 0.467114 0.418209 0.302374 0.852807 0.24517 0.885052 0.495598 0.0675679 0.0954618 0.482032 0.122585 0.259954 0.0174169 0.762797 0.946941 0.19214 0.308427 0.69204 0.19714 0.743309 0.233376 0.140327 0.219312 0.796838 0.241122 0.268689 0.577172 0.893012 0.0969409 0.395136 0.0745625 0.336276 0.102315 0.989134 0.141159 0.190948 0.135409 0.672361 0.423327 0.918392 0.918968 0.705837 0.311283 0.40382 0.0417262 0.357664 0.200162 0.982389 0.392275 0.538776 0.723929 0.421208 0.813265 0.428692 0.217958 0.995329 0.743708 
0.0460594 0.0940562 0.977718 0.226488 0.524917 0.0989542 0.338338 0.948132 0.692712 0.246189 0.59637 0.847156 0.774074 0.415924 0.388162 0.083074 0.814393 0.787907 0.669636 0.697314 0.498959 0.0723378 0.125527 0.638854 0.617499 0.627575 0.391467 0.565441 0.0177303 0.732639 0.802221 0.298387 0.30209 0.321398 0.169084 0.72827 0.0871923 0.619867 0.583484 0.444762 0.738935 0.7843 0.535865 0.27434 0.589946 0.416638 0.409107 0.839473 0.442632 0.954959 0.893685 0.310774 0.619586 0.317245 0.936248 0.433148 0.45628 0.102144 0.784594 0.3914 0.139827 0.666772 0.741567 0.843066 
0.329658 0.596199 0.421894 0.764939 0.681179 0.625845 0.255675 0.492777 0.708413 0.344301 0.42958 0.0296774 0.594632 0.466571 0.16513 0.600265 0.436105 0.0820225 0.818171 0.180175 0.440506 0.568739 0.130893 0.262294 0.409213 0.601871 0.462914 0.0908563 0.244779 0.187124 0.0259278 0.411975 0.192885 0.160992 0.651325 0.462998 0.206129 0.308489 0.507142 0.265259 0.516078 0.0938312 0.996848 0.461142 0.068507 0.221461 0.547342 0.584057 0.0868689 0.905566 0.224927 0.44927 0.664892 0.627586 0.346811 0.625783 0.753572 0.203202 0.279937 0.0107056 0.249575 0.790455 0.836928 0.124744 
0.641136 0.11979 0.360658 0.628275 0.890666 0.879453 0.482982 0.0118122 0.908194 0.714413 0.907082 0.468014 0.85888 0.618386 0.604157 0.785741 0.952259 0.0797802 0.19119 0.317753 0.314468 0.524507 0.5418 0.937599 0.383079 0.578933 0.401992 0.364063 0.0689041 0.294615 0.951702 0.0597208 0.0515541 0.875539 0.820374 0.833145 0.64999 0.917073 0.815548 0.460451 0.391777 0.823299 0.970964 0.444885 0.569747 0.288908 0.763167 0.717249 0.0964656 0.0933113 0.432559 0.65459 0.767582 0.608401 0.0015383 0.819641 0.367128 0.613799 0.870067 0.665838 0.0781922 0.996764 0.462441 0.55375 
0.9464 0.651339 0.486824 0.583483 0.51265 0.326776 0.15421 0.828751 0.319787 0.549087 0.841302 0.379157 0.595246 0.248897 0.219968 0.272404 0.662946 0.176573 0.0225517 0.618655 0.0970152 0.967056 0.927698 0.653145 0.913132 0.547066 0.786849 0.295609 0.0547374 0.534126 0.784416 0.637683 0.285184 0.986155 0.893533 0.988718 0.75773 0.194487 0.102196 0.323799 0.126284 0.0365312 0.0137138 0.71513 0.140101 0.502012 0.0516406 0.179712 0.291859 0.187501 0.675101 0.338454 0.783762 0.414313 0.271275 0.437354 0.84318 0.916558 0.520809 0.975083 0.701015 0.318875 0.316278 0.846735 
0.659088 0.305015 0.00326747 0.542428 0.436826 0.836987 0.216761 0.398493 0.804594 0.0186836 0.195155 0.171961 0.447973 0.229488 0.197186 0.256475 0.908066 0.862737 0.610213 0.678917 0.76979 0.431988 0.0537302 0.71708 0.52532 0.0399967 0.741693 0.95682 0.14945 0.339032 0.877129 0.0940027 0.352651 0.869248 0.267945 0.495576 0.677676 0.754046 0.659353 0.247506 0.135159 0.795772 0.259338 0.539362 0.116927 0.659714 0.629607 0.125745 0.506642 0.972147 0.337623 0.405028 0.272873 0.122178 0.430612 0.298348 0.359194 0.583038 0.161454 0.703978 0.718106 0.921369 0.459154 0.901312 
0.196877 0.499972 0.0509535 0.314094 0.806078 0.146404 0.473932 0.92584 0.37291 0.422044 0.434908 0.603359 0.226053 0.321297 0.580184 0.362803 0.897513 0.998929 0.972763 0.929803 0.0825067 0.799293 0.291927 0.681714 0.152914 0.51629 0.110569 0.439909 0.64644 0.429649 0.695988 0.252399 0.504396 0.82269 0.838829 0.910666 0.0999235 0.192648 0.0134883 0.63198 0.129812 0.442532 0.401064 0.854726 0.933041 0.497234 0.234659 0.352362 0.42446 0.625701 0.361521 0.892725 0.441824 0.277976 0.289518 0.224883 0.0898495 0.926752 0.98423 0.715913 0.613762 0.361244 0.309908 0.153488 
0.849442 0.714674 0.948552 0.279366 0.917161 0.58673 0.803888 0.0610923 0.4749 0.127148 0.629988 0.358601 0.522681 0.0691369 0.972822 0.59878 0.108577 0.881585 0.840961 0.192885 0.120746 0.829779 0.57663 0.840269 0.462422 0.981086 0.913764 0.118158 0.60484 0.813049 0.123848 0.537795 0.913222 0.379426 0.33369 0.189351 0.476575 0.550436 0.677096 0.859728 0.220859 0.578926 0.266331 0.0919911 0.996947 0.560277 0.9686 0.771075 0.974102 0.0222157 0.453075 0.494289 0.82926 0.85919 0.150159 0.99943 0.191735 0.739256 0.231736 0.0775626 0.365506 0.311624 0.179369 0.853161 
0.0987165 0.535988 0.933532 0.720672 0.0370973 0.680123 0.908733 0.959947 0.825146 0.456622 0.949056 0.129223 0.835627 0.218155 0.842099 0.334489 0.397714 0.78975 0.167433 0.13654 0.633871 0.12181 0.0334451 0.546367 0.978023 0.474163 0.306738 0.00503146 0.0400756 0.831871 0.0272207 0.695354 0.194113 0.880417 0.0449901 0.724668 0.289224 0.266815 0.73437 0.57904 0.932991 0.32716 0.930329 0.243631 0.515474 0.123614 0.00187505 0.348911 0.535133 0.47761 0.212824 0.0744484 0.536695 0.189938 0.488099 0.944302 0.959455 0.0948466 0.899259 0.599223 0.76627 0.566507 0.600593 0.131241 
0.591803 0.767678 0.85164 0.115666 0.588269 0.497462 0.892224 0.857765 0.728636 0.551226 0.999346 0.61936 0.791544 0.601599 0.854183 0.29605 0.908527 0.69923 0.232777 0.1283 0.0616984 0.329784 0.55708 0.254869 0.0880117 0.279124 0.354582 0.909875 0.618594 0.453715 0.652602 0.79407 0.277015 0.40326 0.83674 0.287386 0.622987 0.7118 0.154138 0.346468 0.935897 0.256892 0.580117 0.545731 0.686331 0.102889 0.656561 0.315615 0.0580358 0.615416 0.719576 0.356179 0.329678 0.151385 0.786388 0.629127 0.246412 0.829769 0.475078 0.251739 0.110357 0.642948 0.845806 0.856405 
0.960055 0.15002 0.727208 0.956199 0.865604 0.749837 0.0367832 0.285803 0.159529 0.0118238 0.165535 0.299111 0.424991 0.219199 0.966489 0.74462 0.563407 0.0136619 0.308952 0.758986 0.903006 0.355044 0.00893605 0.926193 0.354066 0.723874 0.501302 0.63179 0.0473928 0.625792 0.793573 0.504356 0.954811 0.320207 0.972108 0.364209 0.12913 0.611811 0.595266 0.69265 0.981281 0.389886 0.797372 0.717534 0.0411916 0.612509 0.674676 0.0951711 0.719879 0.513731 0.409119 0.304234 0.769209 0.572304 0.38912 0.571922 0.968871 0.308244 0.345767 0.209541 0.2164 0.220526 0.70726 0.405936 
0.434865 0.434168 0.30217 0.942993 0.110312 0.0387993 0.452659 0.777664 0.903047 0.287145 0.820996 0.532816 0.248508 0.961127 0.73713 0.561325 0.367415 0.0604601 0.449523 0.916 0.477536 0.0982358 0.117929 0.647904 0.956176 0.353669 0.0385549 0.076427 0.659285 0.112316 0.658286 0.0978524 0.156709 0.680168 0.239887 0.614778 0.85838 0.208763 0.575453 0.136533 0.510442 0.462232 0.0817467 0.211155 0.429906 0.364616 0.60172 0.427564 0.950492 0.0624829 0.65665 0.832726 0.258482 0.575758 0.914414 0.766484 0.997216 0.97213 0.555512 0.723077 0.925241 0.60538 0.0274135 0.382504 
0.283874 0.564907 0.683664 0.814055 0.581667 0.239695 0.718798 0.585165 0.624882 0.67043 0.065866 0.65025 0.0962515 0.016444 0.961409 0.524473 0.0651554 0.256012 0.597356 0.89697 0.389441 0.895336 0.0704487 0.912338 0.995273 0.94607 0.491149 0.197178 0.369102 0.165548 0.487414 0.841032 0.605068 0.202749 0.135004 0.093057 0.0627848 0.914794 0.907856 0.150348 0.605595 0.689074 0.222102 0.626172 0.579116 0.19007 0.535334 0.699809 0.450118 0.317762 0.969074 0.0385858 0.721372 0.264407 0.592147 0.127521 0.410848 0.311216 0.938031 0.891323 0.889036 0.465224 0.224674 0.318207 
0.230842 0.290828 0.767391 0.299257 0.540664 0.554227 0.373777 0.454883 0.194161 0.512906 0.230792 0.499888 0.714007 0.256287 0.379007 0.0443442 0.442786 0.563057 0.870488 0.443758 0.715885 0.90206 0.792311 0.509033 0.130029 0.233087 0.780572 0.118006 0.683546 0.921763 0.360322 0.556179 0.651743 0.0999546 0.0897633 0.157068 0.0837274 0.986403 0.30299 0.494936 0.496514 0.378357 0.793939 0.509507 0.0666667 0.362107 0.159133 0.853963 0.187209 0.00276669 0.676585 0.965587 0.812113 0.00761992 0.094185 0.494523 0.51443 0.965563 0.915659 0.240347 0.296292 0.476438 0.820651 0.475072 
0.681464 0.999573 0.472711 0.107406 0.0310046 0.0188217 0.625424 0.169106 0.110763 0.585929 0.87167 0.711467 0.164873 0.787783 0.821942 0.806351 0.0497682 0.0977187 0.394837 0.623588 0.337356 0.00996188 0.835823 0.541703 0.780479 0.111931 0.578588 0.228408 0.0524706 0.552293 0.568183 0.120997 0.838796 0.760622 0.464436 0.233156 0.549609 0.206242 0.557775 0.0871439 0.769708 0.0289353 0.894229 0.188271 0.925465 0.938708 0.0543548 0.668 0.982871 0.714588 0.828135 0.501181 0.773678 0.439171 0.349806 0.413948 0.02579 0.72871 0.380967 0.794501 0.339092 0.572634 0.271441 0.213869 
0.195675 0.999119 0.829734 0.937333 0.337355 0.0445197 0.436853 0.430564 0.0592987 0.195428 0.984855 0.0455803 0.672959 0.134063 0.884407 0.215752 0.281547 0.247199 0.93367 0.802707 0.215529 0.0548759 0.376916 0.588855 0.369979 0.681548 0.739955 0.887964 0.274353 0.0744869 0.936167 0.669698 0.444145 0.236668 0.886559 0.200107 0.775763 0.0860713 0.218323 0.272534 0.410035 0.905822 0.518362 0.0906806 0.380409 0.762392 0.981859 0.14082 0.883916 0.169576 0.753163 0.430554 0.723666 0.547824 0.54589 0.804314 0.796786 0.481547 0.330871 0.746404 0.123242 0.40347 0.968762 0.180874 
0.157074 0.680982 0.541606 0.145943 0.630609 0.805991 0.771157 0.490004 0.00621339 0.387551 0.965412 0.272013 0.486016 0.856123 0.591454 0.857191 0.191475 0.129322 0.577917 0.675872 0.192052 0.555601 0.508429 0.949758 0.850348 0.217477 0.836628 0.391303 0.362731 0.658889 0.522956 0.587493 0.915499 0.446637 0.80653 0.717194 0.147991 0.072116 0.15122 0.625324 0.917828 0.521062 0.576775 0.987969 0.751483 0.647698 0.863297 0.961989 0.574345 0.582325 0.886797 0.785585 0.283599 0.14372 0.793669 0.294537 0.440346 0.0329122 0.215816 0.0624211 0.400153 0.38204 0.296738 0.326863 
0.939217 0.208604 0.159601 0.475767 0.337504 0.577599 0.405925 0.80193 0.373341 0.954383 0.0975103 0.371581 0.623686 0.232312 0.226937 0.524132 0.812088 0.856429 0.815809 0.617659 0.318212 0.83882 0.804255 0.717435 0.304421 0.153909 0.137718 0.817572 0.552233 0.0225582 0.990947 0.710733 0.227454 0.5855 0.649266 0.488079 0.185187 0.970949 0.814269 0.755255 0.310329 0.164501 0.85126 0.828215 0.738809 0.976496 0.853311 0.67137 0.352781 0.48489 0.147577 0.726364 0.475024 0.313602 0.517295 0.727114 0.327957 0.0094497 0.206669 0.441573 0.957237 0.445215 0.509512 0.469698 
0.520402 0.446346 0.82599 0.405001 0.417206 0.382847 0.568111 0.373122 0.329958 0.821152 0.82142 0.685907 0.307558 0.132889 0.978811 0.792889 0.105981 0.571229 0.311795 0.329661 0.454817 0.104106 0.784436 0.340285 0.112071 0.0564939 0.774688 0.716302 0.89393 0.145541 0.0927178 0.813104 0.809553 0.195813 0.120507 0.326129 0.36366 0.239487 0.196206 0.379963 0.94907 0.440898 0.19988 0.124663 0.837152 0.635452 0.706779 0.393008 0.403092 0.355319 0.877269 0.451192 0.659656 0.659529 0.728305 0.178399 0.0978748 0.548255 0.411755 0.933544 0.820323 0.191382 0.373249 0.607402 
0.664948 0.371354 0.487476 0.835886 0.567929 0.151174 0.592565 0.728578 0.868425 0.444501 0.575108 0.575405 0.435267 0.0964394 0.296388 0.304669 0.86343 0.367936 0.389276 0.875726 0.750057 0.691306 0.70825 0.783029 0.475063 0.697408 0.22034 0.242906 0.583793 0.271605 0.746434 0.151613 0.973062 0.0700137 0.556178 0.0802245 0.262012 0.979097 0.633927 0.197167 0.530764 0.575122 0.275884 0.868233 0.493451 0.441069 0.927656 0.00165337 0.189562 0.275874 0.999573 0.226831 0.289523 0.313857 0.0534597 0.478755 0.130448 0.77486 0.711063 0.943165 0.534804 0.256135 0.588296 0.926557 
0.20295 0.859743 0.662899 0.047989 0.941386 0.239702 0.123036 0.0239741 0.751037 0.832984 0.34458 0.79583 0.277146 0.175287 0.00232594 0.438306 0.135375 0.924654 0.185878 0.0673532 0.520886 0.391628 0.645934 0.831353 0.898411 0.116215 0.271062 0.289292 0.87771 0.164362 0.58353 0.582547 0.282215 0.78962 0.250982 0.180204 0.806026 0.154084 0.355984 0.519484 0.316703 0.639852 0.332568 0.839342 0.322419 0.147325 0.943253 0.94876 0.321728 0.780394 0.239417 0.797915 0.311381 0.637887 0.404829 0.756896 0.304334 0.850148 0.608658 0.268215 0.696574 0.847754 0.740109 0.886278 
0.546837 0.609204 0.729426 0.941738 0.0200616 0.219267 0.460274 0.514804 0.0851626 0.587884 0.262088 0.357948 0.938093 0.364217 0.352809 0.227825 0.0978727 0.443756 0.170334 0.597314 0.875637 0.735295 0.688818 0.264728 0.147252 0.945941 0.145241 0.235783 0.682951 0.662967 0.529059 0.694185 0.650281 0.654599 0.888422 0.10812 0.952155 0.352503 0.138416 0.252619 0.713274 0.204649 0.598911 0.919692 0.751867 0.174246 0.765427 0.967806 0.132051 0.974806 0.575333 0.383096 0.0239543 0.735576 0.763829 0.70655 0.742134 0.362767 0.398123 0.538986 0.0491269 0.124774 0.516021 0.42153 
0.965392 0.312153 0.534676 0.861455 0.910817 0.321787 0.943576 0.746165 0.518083 0.0806071 0.25681 0.775679 0.0961107 0.0213253 0.234975 0.00554807 0.00910192 0.126396 0.682635 0.865739 0.891463 0.553108 0.186635 0.146135 0.116363 0.20534 0.277489 0.672597 0.169953 0.285267 0.800347 0.401332 0.800327 0.781533 0.664526 0.633189 0.827666 0.685661 0.494411 0.245151 0.25973 0.40202 0.0340387 0.0872807 0.505181 0.698788 0.812496 0.717988 0.613648 0.232535 0.845682 0.693653 0.370014 0.247469 0.980557 0.180395 0.885248 0.528156 0.326955 0.88807 0.163989 0.805159 0.270882 0.133953 
0.462566 0.479422 0.783049 0.824659 0.0242032 0.662702 0.415426 0.572829 0.316938 0.0773626 0.549371 0.0905879 0.935491 0.440011 0.694308 0.61577 0.360672 0.131947 0.339703 0.246491 0.420183 0.71274 0.989379 0.394314 0.98609 0.503227 0.849165 0.32491 0.0668845 0.832803 0.360039 0.613682 0.27673 0.804966 0.286702 0.528173 0.2866 0.142586 0.875685 0.303812 0.597751 0.692376 0.592611 0.577798 0.127012 0.237766 0.507798 0.261761 0.030735 0.495064 0.975827 0.301049 0.409944 0.463151 0.766767 0.168118 0.316458 0.366833 0.743552 0.996087 0.717719 0.207195 0.786373 0.321045 
0.0914512 0.472741 0.945511 0.720572 0.0678035 0.485162 0.579455 0.585093 0.652187 0.351715 0.683004 0.357969 0.375704 0.79976 0.123116 0.401398 0.341729 0.130588 0.853759 0.73734 0.0307584 0.883692 0.00817944 0.991072 0.342466 0.697533 0.262503 0.994513 0.948244 0.898139 0.842582 0.246945 0.33902 0.485817 0.704614 0.129555 0.365339 0.529915 0.974892 0.585506 0.0870388 0.502609 0.666426 0.752936 0.730042 0.742376 0.651447 0.436107 0.40891 0.190619 0.835324 0.562834 0.989418 0.916665 0.124411 0.220051 0.981513 0.327175 0.940957 0.697757 0.324115 0.326151 0.476218 0.934966 
0.377751 0.172671 0.320619 0.848411 0.456824 0.43409 0.578964 0.334185 0.354093 0.532435 0.788137 0.0697301 0.0250918 0.759214 0.0455102 0.933008 0.973811 0.109351 0.153676 0.492181 0.361999 0.179274 0.834318 0.0243799 0.844143 0.43867 0.0414766 0.787323 0.391195 0.955451 0.507271 0.294167 0.0136478 0.435781 0.09293 0.604216 0.580448 0.149888 0.227109 0.660653 0.327122 0.322864 0.153363 0.722088 0.782378 0.729913 0.616098 0.66751 0.182429 0.404205 0.0243915 0.420699 0.742403 0.0356557 0.894198 0.763488 0.649675 0.581195 0.989187 0.623996 0.129827 0.956283 0.860542 0.725407 
0.793848 0.314705 0.515281 0.973055 0.900398 0.876637 0.893607 0.361665 0.858332 0.396568 0.41236 0.58147 0.785859 0.956569 0.375967 0.988262 0.079874 0.859734 0.505246 0.926887 0.767934 0.591278 0.0742829 0.82803 0.988538 0.384671 0.278555 0.962831 0.423106 0.860061 0.194565 0.532135 0.432015 0.852328 0.256506 0.574436 0.72821 0.367594 0.613005 0.567487 0.931357 0.394465 0.458228 0.0449645 0.43363 0.858571 0.579082 0.519785 0.727679 0.361671 0.12005 0.0344754 0.249934 0.551154 0.508879 0.954771 0.937265 0.13469 0.595929 0.24245 0.443368 0.650619 0.585179 0.877426 
0.820219 0.813946 0.382502 0.914585 0.449782 0.764527 0.794211 0.0975938 0.983557 0.226163 0.938951 0.942225 0.0513179 0.456163 0.316197 0.830868 0.540834 0.585641 0.0292273 0.828355 0.770342 0.438336 0.623844 0.0851284 0.8061 0.0446849 0.372286 0.778103 0.357262 0.131445 0.191822 0.465816 0.091782 0.295219 0.991971 0.167078 0.789783 0.727903 0.73791 0.222241 0.871937 0.0656602 0.985474 0.279477 0.480751 0.471564 0.233228 0.536386 0.743213 0.849136 0.973186 0.963117 0.245223 0.513558 0.879222 0.387974 0.806196 0.902685 0.141983 0.744623 0.999317 0.183967 0.337081 0.961059 
0.951304 0.401691 0.454666 0.0873738 0.603479 0.108846 0.465917 0.0577221 0.492674 0.374435 0.49903 0.230066 0.980167 0.173196 0.893167 0.2059 0.0670437 0.333541 0.937775 0.157245 0.213794 0.319337 0.0497142 0.668315 0.584101 0.929887 0.0225889 0.459277 0.637595 0.910722 0.777285 0.971498 0.154277 0.0874492 0.0509345 0.194898 0.111017 0.131493 0.78672 0.505254 0.12209 0.0123171 0.786818 0.0066407 0.551086 0.773194 0.908353 0.472816 0.266375 0.915465 0.0581023 0.66761 0.584467 0.275148 0.270783 0.832516 0.560409 0.215796 0.0967015 0.892005 0.881516 0.887406 0.834885 0.301028 
0.870669 0.424768 0.956177 0.624255 0.425729 0.170601 0.447657 0.266342 0.862114 0.852904 0.997441 0.964259 0.346544 0.518543 0.564215 0.130022 0.96304 0.345964 0.257663 0.396128 0.651086 0.510467 0.0189523 0.850328 0.684701 0.36115 0.92107 0.130517 0.129818 0.253682 0.619419 0.11755 0.753439 0.808541 0.37024 0.119021 0.347836 0.118507 0.92745 0.875414 0.345012 0.739891 0.695735 0.75849 0.331188 0.329183 0.783044 0.52745 0.321447 0.70076 0.194462 0.87481 0.567232 0.44026 0.0819905 0.548365 0.822188 0.0320279 0.303444 0.445022 0.817383 0.633302 0.587001 0.648299 
0.589953 0.787602 0.994504 0.763261 0.936085 0.277675 0.845178 0.398046 0.338135 0.276853 0.58661 0.948922 0.320462 0.46017 0.826605 0.732096 0.379799 0.95209 0.0971625 0.889595 0.0115416 0.569849 0.384912 0.641248 0.115807 0.633449 0.68909 0.359736 0.393286 0.466457 0.631224 0.416865 0.332134 0.354053 0.450168 0.249649 0.0933771 0.0622552 0.144297 0.79674 0.127761 0.145744 0.740714 0.661979 0.217096 0.962437 0.488661 0.0337509 0.446951 0.642801 0.61307 0.164953 0.513056 0.744132 0.733808 0.779251 0.532342 0.0970358 0.814102 0.0837443 0.754617 0.685695 0.8239 0.887428 
0.573584 0.456548 0.0311828 0.509973 0.995693 0.726075 0.111497 0.0768318 0.0144575 0.808469 0.419193 0.84261 0.961192 0.994695 0.635254 0.0601088 0.528213 0.223357 0.458016 0.405 0.73594 0.983336 0.687336 0.91694 0.67322 0.34438 0.949926 0.502808 0.399024 0.303919 0.844307 0.635715 0.277291 0.385496 0.14196 0.176108 0.483885 0.398165 0.87566 0.975718 0.534064 0.723311 0.92729 0.592899 0.00800559 0.96815 0.0803008 0.892713 0.113607 0.747472 0.51557 0.99813 0.764385 0.0181373 0.32631 0.105506 0.0398288 0.603988 0.232898 0.817091 0.301788 0.910767 0.725651 0.884111 
0.288913 0.614238 0.0143118 0.10183 0.43289 0.137246 0.934313 0.171892 0.301457 0.761105 0.133036 0.931537 0.268081 0.0761523 0.0132679 0.676027 0.145874 0.14173 0.650913 0.270287 0.468728 0.996248 0.193084 0.728544 0.374423 0.999067 0.308218 0.0649663 0.0157563 0.0852446 0.777939 0.07621 0.409355 0.731585 0.735096 0.466756 0.00715408 0.929908 0.290875 0.813814 0.846203 0.108981 0.114446 0.198034 0.68356 0.530841 0.776543 0.289637 0.967918 0.61733 0.994498 0.438095 0.0658252 0.670292 0.377943 0.0752496 0.930103 0.636048 0.145437 0.593006 0.858941 0.594177 0.932067 0.456989 
0.0511829 0.395702 0.564353 0.136203 0.405737 0.978863 0.474275 0.898582 0.680029 0.393033 0.00913634 0.506368 0.843057 0.699093 0.984855 0.103392 0.341489 0.522112 0.669268 0.458636 0.847893 0.468514 0.181917 0.371699 0.151909 0.63417 0.184101 0.55707 0.984612 0.275874 0.513209 0.317889 0.928825 0.449547 0.451449 0.928825 0.0206366 0.355741 0.339143 0.436591 0.966131 0.933141 0.931207 0.122626 0.253627 0.0933154 0.161998 0.920779 0.881216 0.720082 0.363671 0.511014 0.834711 0.785111 0.345926 0.852404 0.340385 0.726665 0.997996 0.961158 0.109773 0.758366 0.0193352 0.606316 
0.985436 0.0761438 0.32712 0.0443694 0.729446 0.721856 0.253582 0.466479 0.873794 0.296085 0.738958 0.632935 0.902304 0.499909 0.244731 0.76638 0.172922 0.494849 0.41197 0.660953 0.838919 0.593538 0.265352 0.649341 0.975853 0.978735 0.54396 0.233775 0.23639 0.77175 0.43439 0.240344 0.641132 0.475469 0.251494 0.949249 0.363971 0.412328 0.46619 0.0569495 0.553874 0.685941 0.0701643 0.00235616 0.747389 0.505289 0.976989 0.806983 0.712998 0.111962 0.382177 0.320344 0.0369889 0.225463 0.727893 0.709376 0.343474 0.646159 0.584139 0.335115 0.133155 0.0664944 0.80651 0.0170795 
0.677325 0.0961862 0.486773 0.0488951 0.736378 0.534214 0.289419 0.0748327 0.497648 0.215839 0.924966 0.645934 0.405431 0.709305 0.477489 0.1392 0.267708 0.810428 0.346074 0.190121 0.852762 0.506589 0.633397 0.0757004 0.488177 0.992196 0.933375 0.891242 0.939283 0.659632 0.513054 0.487089 0.0369235 0.960428 0.82333 0.873669 0.975503 0.0416057 0.0900711 0.118685 0.445931 0.089867 0.215289 0.880923 0.28161 0.335162 0.247129 0.740062 0.783876 0.108366 0.428838 0.574927 0.271396 0.366335 0.339688 0.18265 0.389778 0.912626 0.586809 0.108862 0.407503 0.814152 0.873252 0.388296 
0.957296 0.426684 0.590105 0.77527 0.657269 0.531015 0.121185 0.419886 0.987092 0.0908861 0.953328 0.500651 0.362039 0.127676 0.325059 0.749231 0.542362 0.378035 0.843564 0.608036 0.908934 0.420207 0.680972 0.601533 0.213375 0.440302 0.168388 0.493722 0.0996419 0.212401 0.258039 0.0575398 0.17755 0.142646 0.996216 0.160796 0.952314 0.357489 0.599875 0.510814 0.515454 0.811104 0.228611 0.30183 0.630929 0.882766 0.138102 0.685676 0.700671 0.106959 0.663798 0.0770374 0.698747 0.257509 0.405485 0.249293 0.882844 0.0808764 0.318006 0.0914583 0.450235 0.699472 0.414854 0.0223653 
0.954563 0.194443 0.332764 0.445196 0.419378 0.720436 0.698101 0.826206 0.962154 0.305401 0.373116 0.254654 0.237254 0.700357 0.360822 0.103908 0.0762446 0.73603 0.596842 0.89252 0.464624 0.408333 0.847518 0.714452 0.853963 0.901873 0.125689 0.307635 0.645736 0.491759 0.762899 0.689754 0.709671 0.593307 0.0319261 0.639845 0.123666 0.44682 0.891432 0.702203 0.837041 0.557256 0.23496 0.639025 0.996572 0.242763 0.355545 0.848402 0.786288 0.810035 0.0910917 0.952533 0.631105 0.44329 0.0217229 0.217082 0.0494828 0.00579774 0.87843 0.479082 0.744386 0.15718 0.735363 0.63036 
0.872583 0.00280987 0.193511 0.636561 0.405373 0.610655 0.583364 0.399384 0.201695 0.0972196 0.421398 0.874839 0.68026 0.495671 0.470499 0.767831 0.591235 0.297119 0.330527 0.263235 0.27943 0.459838 0.466489 0.0461507 0.509973 0.758896 0.903728 0.833987 0.563223 0.786243 0.965309 0.491877 0.288103 0.81699 0.0384969 0.781018 0.125128 0.772519 0.0672043 0.517458 0.736242 0.943438 0.0314097 0.891769 0.826151 0.504644 0.62025 0.301706 0.499318 0.48262 0.744115 0.290573 0.549029 0.316661 0.826771 0.0952668 0.131901 0.2078 0.969959 0.880452 0.133716 0.876693 0.638954 0.626975 
0.130936 0.560617 0.245839 0.0911326 0.310257 0.532035 0.812139 0.447512 0.663735 0.317264 0.0866619 0.683816 0.641326 0.990918 0.00460036 0.452847 0.208162 0.910758 0.400933 0.39782 0.841898 0.272542 0.0983473 0.291689 0.248418 0.711995 0.76154 0.987236 0.637055 0.0931688 0.773933 0.676544 0.74124 0.553089 0.252546 0.101207 0.195725 0.318249 0.456362 0.321653 0.811554 0.209297 0.21531 0.0447835 0.399662 0.302559 0.468887 0.853091 0.296833 0.538941 0.899318 0.968662 0.256879 0.960867 0.128554 0.21532 0.443402 0.928093 0.418092 0.834386 0.273528 0.404003 0.469158 0.408479 
0.757401 0.56596 0.750277 0.500992 0.745876 0.378102 0.633911 0.769648 0.320465 0.28185 0.436996 0.585968 0.520121 0.0950088 0.500628 0.309881 0.593746 0.24351 0.735692 0.0992308 0.223713 0.604448 0.723805 0.913149 0.594257 0.483151 0.264521 0.352071 0.914061 0.382132 0.309867 0.442722 0.577349 0.0889899 0.78219 0.695664 0.637088 0.576056 0.0282961 0.831728 0.840115 0.441869 0.0807307 0.394165 0.925184 0.00485732 0.982194 0.392752 0.168112 0.0118825 0.356291 0.386012 0.280393 0.771847 0.343831 0.811676 0.00863375 0.211229 0.0293877 0.652167 0.860507 0.0751804 0.820185 0.637837 
0.54866 0.616778 0.925658 0.204088 0.166716 0.446016 0.365855 0.456612 0.488248 0.0842147 0.500035 0.618775 0.836292 0.630296 0.675624 0.655936 0.0976234 0.11067 0.683792 0.996408 0.0735405 0.0428746 0.470504 0.39141 0.503947 0.967044 0.586412 0.358437 0.793254 0.17458 0.909442 0.139683 0.798352 0.281391 0.521524 0.380765 0.603094 0.168884 0.275743 0.402455 0.650511 0.778951 0.462162 0.354466 0.485706 0.587625 0.735491 0.287212 0.432739 0.541904 0.0805296 0.0341403 0.90881 0.0714637 0.49172 0.749021 0.233431 0.500317 0.0470204 0.762416 0.906669 0.0562508 0.850246 0.379704 
0.920217 0.373353 0.53052 0.255559 0.373179 0.302925 0.579829 0.846676 0.471734 0.951434 0.610902 0.260879 0.752519 0.630664 0.957256 0.121929 0.379923 0.655983 0.642368 0.697872 0.960484 0.301641 0.548012 0.511133 0.445087 0.633889 0.181098 0.226783 0.928403 0.707947 0.64312 0.316131 0.186887 0.643245 0.0765026 0.99851 0.808547 0.681126 0.790632 0.501128 0.458943 0.0413663 0.400768 0.298937 0.507795 0.0425994 0.481265 0.0302783 0.461118 0.773164 0.800426 0.0305872 0.882978 0.230965 0.352411 0.852714 0.374626 0.815735 0.638099 0.286444 0.173009 0.318382 0.83325 0.596346 
0.935709 0.65074 0.185075 0.458445 0.748609 0.613463 0.832858 0.858686 0.0836953 0.53696 0.609541 0.0516265 0.255758 0.422516 0.330706 0.376687 0.278086 0.691964 0.939945 0.239503 0.509482 0.0439576 0.987578 0.917224 0.585509 0.803371 0.147789 0.922341 0.666321 0.42773 0.0733486 0.678224 0.254833 0.410467 0.726946 0.916866 0.120441 0.195777 0.724866 0.306565 0.982968 0.721841 0.703994 0.926101 0.622134 0.78692 0.00657696 0.193129 0.680992 0.0975763 0.168434 0.513207 0.92823 0.201833 0.13531 0.79852 0.0894266 0.654821 0.871031 0.0370388 0.0384273 0.931575 0.511569 0.824982 
0.615141 0.40414 0.727897 0.987171 0.104395 0.320888 0.84005 0.222487 0.204731 0.523398 0.0620923 0.344099 0.94863 0.887144 0.788125 0.563946 0.490502 0.898037 0.61882 0.356101 0.146778 0.701552 0.0810388 0.102302 0.49885 0.140885 0.856528 0.963384 0.643892 0.965313 0.604152 0.696971 0.877336 0.0156887 0.757547 0.244904 0.311866 0.567249 0.00345795 0.0823331 0.755762 0.579949 0.508971 0.608112 0.298117 0.289013 0.0194468 0.802725 0.958823 0.819716 0.636306 0.246659 0.221448 0.485899 0.256561 0.787472 0.147882 0.89638 0.783958 0.571735 0.551035 0.427612 0.508358 0.524137 
0.862213 0.0951591 0.131731 0.636642 0.256268 0.610936 0.741305 0.985819 0.445283 0.774064 0.992359 0.00326888 0.546465 0.239868 0.584745 0.409436 0.835822 0.293551 0.114457 0.863577 0.252647 0.737486 0.791401 0.208649 0.678004 0.732885 0.579453 0.542073 0.377733 0.152834 0.0882133 0.094018 0.603747 0.0453994 0.0567339 0.396167 0.934421 0.416601 0.268811 0.371894 0.552053 0.418213 0.000644142 0.0399555 0.53809 0.567345 0.315733 0.994351 0.128488 0.918216 0.701692 0.968764 0.482337 0.711717 0.660837 0.092639 0.0525067 0.504444 0.526328 0.68426 0.811594 0.708642 0.745432 0.660698 
0.0393546 0.463546 0.375663 0.0942454 0.607026 0.545285 0.481349 0.99432 0.182164 0.444409 0.434146 0.988856 0.714168 0.596329 0.283892 0.135751 0.853466 0.673555 0.098319 0.458271 0.332056 0.969481 0.562054 0.169266 0.239471 0.378805 0.982136 0.466062 0.53646 0.841406 0.760091 0.93851 0.876021 0.712698 0.856041 0.323383 0.218702 0.399536 0.508002 0.386263 0.467736 0.886074 0.262716 0.0168711 0.749738 0.877194 0.139848 0.341462 0.138697 0.804558 0.602182 0.255882 0.699629 0.264544 0.628974 0.70686 0.783356 0.230277 0.940839 0.0291625 0.549745 0.152699 0.677162 0.65531 
0.00431312 0.573477 0.475021 0.64569 0.612936 0.995939 0.993659 0.506394 0.608202 0.610105 0.0831006 0.903067 0.411614 0.165104 0.742353 0.400397 0.60834 0.199802 0.349367 0.963123 0.424323 0.118718 0.498776 0.25963 0.33355 0.681702 0.112578 0.671528 0.248593 0.462106 0.536588 0.113084 0.265671 0.466698 0.200224 0.129706 0.36221 0.445471 0.377276 0.571347 0.33122 0.941871 0.391971 0.563303 0.696989 0.503011 0.684084 0.623579 0.218698 0.45871 0.00550917 0.301803 0.134357 0.0489746 0.0989516 0.276504 0.457425 0.341504 0.900526 0.140441 0.807436 0.0320191 0.795379 0.99291 
0.616755 0.670509 0.0230693 0.511122 0.114849 0.859873 0.0545792 0.739512 0.77273 0.404705 0.38516 0.449519 0.404722 0.215109 0.287883 0.165309 0.0109669 0.568774 0.140732 0.277426 0.147875 0.785456 0.203009 0.615936 0.11224 0.284634 0.291646 0.557167 0.866763 0.566902 0.957378 0.157772 0.673374 0.714116 0.133473 0.0142748 0.775453 0.960849 0.676001 0.983644 0.344721 0.186798 0.661715 0.0733955 0.664282 0.0109831 0.214861 0.313706 0.134171 0.535482 0.937381 0.520938 0.536733 0.237875 0.244374 0.520405 0.912645 0.966032 0.980175 0.87219 0.960881 0.853074 0.815119 0.202757 
0.277653 0.442029 0.829931 0.208843 0.0679562 0.655188 0.495898 0.342724 0.618153 0.182687 0.715608 0.435706 0.753494 0.474407 0.410324 0.977005 0.715279 0.0227451 0.866253 0.899283 0.34954 0.57892 0.642027 0.0752914 0.452163 0.288547 0.0844131 0.786255 0.565569 0.947443 0.624553 0.635537 0.998799 0.943219 0.532118 0.770598 0.695751 0.0307164 0.372531 0.0778026 0.200957 0.674873 0.320704 0.107929 0.156112 0.888361 0.15199 0.631657 0.559622 0.580452 0.399018 0.104675 0.455744 0.214051 0.300874 0.654862 0.879824 0.365571 0.816565 0.941844 0.574546 0.303259 0.472603 0.433589 
0.0276127 0.429507 0.999767 0.63525 0.882212 0.303611 0.574066 0.551414 0.670954 0.340552 0.407024 0.0409505 0.138784 0.928111 0.695889 0.688313 0.457682 0.138854 0.425466 0.64872 0.501086 0.334264 0.366566 0.470924 0.951401 0.51528 0.965949 0.381941 0.738142 0.272601 0.800107 0.547031 0.331888 0.849484 0.361056 0.731559 0.798761 0.940609 0.0408509 0.265097 0.139616 0.232006 0.782247 0.597116 0.388923 0.781655 0.30344 0.565039 0.522361 0.776907 0.0834305 0.256762 0.582381 0.0183059 0.491809 0.546637 0.716782 0.715621 0.359005 0.340504 0.19647 0.236048 0.317585 0.714192 
0.06843 0.233117 0.528302 0.20367 0.192639 0.578598 0.569566 0.800214 0.00122822 0.404265 0.0461672 0.0167762 0.55934 0.91288 0.583522 0.106301 0.00750232 0.783867 0.102476 0.530044 0.732136 0.918456 0.259337 0.736854 0.111486 0.987339 0.296188 0.127008 0.631882 0.368331 0.640913 0.817205 0.455112 0.0226499 0.47661 0.29003 0.328442 0.243256 0.246066 0.42656 0.438391 0.97208 0.605385 0.546179 0.307723 0.999197 0.0854949 0.488734 0.713848 0.847096 0.882444 0.6146 0.418117 0.692089 0.162536 0.357903 0.405586 0.950137 0.988839 0.1335 0.19139 0.126644 0.895277 0.307913 
0.00961536 0.378581 0.399601 0.025965 0.97852 0.826822 0.449786 0.341583 0.917828 0.0457269 0.0272064 0.837173 0.827486 0.014673 0.521581 0.329771 0.701 0.95227 0.105072 0.254844 0.171942 0.546185 0.463626 0.467925 0.395896 0.408957 0.962799 0.333859 0.923628 0.360637 0.898721 0.712595 0.911337 0.831144 0.708668 0.999496 0.802419 0.888484 0.721868 0.120869 0.21568 0.539605 0.759165 0.0136282 0.982569 0.100149 0.331436 0.933643 0.459328 0.65202 0.00481565 0.583568 0.330905 0.833449 0.991865 0.870003 0.164283 0.671138 0.947787 0.614038 0.987441 0.226204 0.792287 0.321822 
0.601615 0.46446 0.666478 0.357268 0.416623 0.74808 0.147453 0.799464 0.370319 0.839788 0.3073 0.0768918 0.552051 0.781119 0.0669397 0.0730595 0.71757 0.579899 0.765625 0.310586 0.333037 0.258772 0.628804 0.971221 0.342533 0.6452 0.857078 0.383142 0.856698 0.419828 0.439184 0.879437 0.460737 0.303387 0.0161789 0.0334485 0.634126 0.0229247 0.956879 0.953054 0.873097 0.361409 0.759592 0.710811 0.446697 0.0588523 0.0045117 0.738666 0.571667 0.203101 0.669832 0.523475 0.732676 0.1258 0.0570145 0.48013 0.446053 0.368093 0.438447 0.402632 0.932307 0.800565 0.421234 0.917692 
0.757274 0.0564088 0.65416 0.655008 0.551936 0.559172 0.224149 0.0276082 0.292143 0.578661 0.496547 0.918338 0.281658 0.923426 0.401273 0.115046 0.292965 0.924036 0.150707 0.103056 0.929072 0.919472 0.379792 0.995645 0.54969 0.228069 0.577795 0.843597 0.571694 0.564284 0.268777 0.740274 0.212649 0.484556 0.0934204 0.856131 0.184451 0.01109 0.943458 0.963558 0.389795 0.734262 0.526894 0.552444 0.593339 0.656735 0.383438 0.792439 0.17023 0.999179 0.216731 0.333067 0.925345 0.235986 0.368133 0.458084 0.00252223 0.140479 0.932316 0.730677 0.598556 0.933009 0.813766 0.363044 
0.273409 0.780653 0.822557 0.577744 0.579921 0.349188 0.638643 0.134315 0.157129 0.921304 0.217411 0.715939 0.35701 0.451244 0.600422 0.882607 0.243801 0.494407 0.26609 0.0419323 0.0780398 0.590972 0.234258 0.721879 0.443818 0.0195452 0.875138 0.070588 0.996647 0.11823 0.131793 0.925714 0.994782 0.709601 0.55387 0.43444 0.953489 0.790622 0.938561 0.662111 0.667432 0.586603 0.294884 0.85725 0.324619 0.975006 0.268557 0.136187 0.244159 0.328452 0.00302722 0.378395 0.913415 0.0768959 0.19043 0.475048 0.479199 0.0946652 0.262193 0.989229 0.993482 0.551955 0.369098 0.476027 
0.648316 0.0111753 0.225698 0.205414 0.396862 0.560513 0.869777 0.666766 0.809534 0.904465 0.139026 0.407247 0.17398 0.387673 0.305156 0.628019 0.114026 0.297562 0.655562 0.561776 0.950125 0.686717 0.517875 0.0458642 0.196002 0.716627 0.333592 0.877013 0.890664 0.614836 0.745083 0.342966 0.459394 0.132386 0.83953 0.249949 0.947272 0.641053 0.137037 0.245251 0.983173 0.956617 0.747203 0.367397 0.373836 0.696824 0.0867614 0.257038 0.348767 0.929381 0.561474 0.624644 0.9861 0.0347467 0.479687 0.747919 0.169629 0.177894 0.589084 0.983302 0.691369 0.627664 0.982349 0.246024 
0.944639 0.248034 0.286745 0.0684485 0.0179308 0.881165 0.0578855 0.801807 0.967789 0.855471 0.443069 0.579669 0.853909 0.917604 0.937979 0.799464 0.804777 0.063779 0.655238 0.120129 0.582753 0.415751 0.339382 0.220534 0.533448 0.786796 0.722299 0.365184 0.561378 0.740669 0.661174 0.212482 0.964322 0.556959 0.882191 0.383325 0.28508 0.452107 0.105862 0.0870118 0.469344 0.952699 0.837121 0.502408 0.84242 0.226442 0.650695 0.540982 0.863544 0.781259 0.634997 0.489098 0.548937 0.734085 0.557386 0.087466 0.145565 0.735273 0.122953 0.530042 0.247025 0.0429031 0.36021 0.332365 
0.450147 0.419467 0.0174089 0.87338 0.115467 0.097693 0.512978 0.873985 0.144442 0.650913 0.774989 0.783084 0.380608 0.532947 0.666384 0.445574 0.345305 0.0155002 0.37953 0.657964 0.903374 0.730359 0.316286 0.857625 0.26238 0.707368 0.0172832 0.772318 0.200928 0.196382 0.655181 0.922491 0.069849 0.669271 0.953259 0.35601 0.518768 0.539853 0.363636 0.484807 0.46959 0.70727 0.976405 0.895775 0.149985 0.000669832 0.161844 0.336377 0.294942 0.930531 0.00692491 0.00430475 0.226137 0.777566 0.179065 0.642827 0.022857 0.124578 0.355792 0.695633 0.545104 0.22765 0.139268 0.252618 
