20.9884 1100100111000111001001001111110100111100101011001101011110000101000001011100110110100010111001111101
79.6563 0011010100101000110101000100000011011101011010101000001101100110010011001101010010000110101001010000
0.298761 0.49459 0.443015 0.831911 0.583322 0.0251717 0.709208 0.265566 0.263603 0.150378 0.683818 0.816602 0.336072 0.890817 0.198122 0.0306166 0.877615 0.727436 0.540881 0.131458 0.413667 0.778729 0.583901 0.182631 0.826082 0.105402 0.283577 0.0655633 0.0564442 0.765456 0.011788 0.611943 0.331882 0.559648 0.3355 0.411183 0.0768555 0.853043 0.439987 0.121954 0.731735 0.138782 0.76688 0.83199 0.309778 0.597582 0.872392 0.983021 0.467403 0.875744 0.296069 0.131291 0.842818 0.659036 0.59544 0.436354 0.35625 0.587131 0.149471 0.171239 0.397165 0.637952 0.37252 0.00240676 
0.548816 0.126972 0.0797927 0.235039 0.659965 0.214953 0.203047 0.382865 0.224873 0.114649 0.583017 0.232641 0.556518 0.523811 0.350958 0.705332 0.820704 0.134563 0.604726 0.283148 0.506408 0.0384604 0.332444 0.000272528 0.664655 0.377441 0.747582 0.140576 0.388049 0.866492 0.956853 0.486554 0.105933 0.340037 0.835571 0.465442 0.0928561 0.854694 0.337258 0.606147 0.112665 0.54392 0.720799 0.865815 0.146701 0.103381 0.490555 0.0291796 0.594861 0.205845 0.202803 0.844126 0.0615664 0.499231 0.248467 0.327144 0.00291609 0.295442 0.986889 0.238333 0.733396 0.962197 0.815456 0.694227 
0.210696 0.517844 0.94967 0.695974 0.904665 0.647892 0.345302 0.0654979 0.220628 0.137373 0.744296 0.346691 0.577664 0.168353 0.0379717 0.817177 0.812465 0.188436 0.373062 0.744192 0.186248 0.413798 0.231005 0.653623 0.764375 0.834879 0.212213 0.961967 0.26114 0.86377 0.126874 0.370902 0.671933 0.933852 0.5589 0.672449 0.0770553 0.249886 0.355581 0.0234321 0.935129 0.209598 0.576773 0.581047 0.233921 0.482979 0.547043 0.871812 0.964036 0.161611 0.0168902 0.01703 0.198835 0.898546 0.785856 0.685922 0.326532 0.40849 0.573873 0.000986668 0.749853 0.750839 0.383273 0.372939 
0.842682 0.759296 0.165783 0.754156 0.595994 0.926809 0.415099 0.096856 0.896153 0.709948 0.423006 0.29537 0.178588 0.928496 0.27805 0.447709 0.609874 0.36079 0.445246 0.0442601 0.247496 0.465133 0.882917 0.180921 0.356174 0.304991 0.726099 0.268116 0.345196 0.353722 0.263114 0.542766 0.256148 0.305837 0.0986709 0.821368 0.410418 0.408992 0.539029 0.608169 0.568675 0.0793663 0.98708 0.365853 0.308574 0.401768 0.0383908 0.05221 0.209639 0.267117 0.0201809 0.411126 0.540707 0.723482 0.883287 0.154964 0.457249 0.968907 0.313906 0.945117 0.269734 0.0496202 0.631497 0.37756 
0.227842 0.237909 0.245181 0.662593 0.348505 0.384843 0.820415 0.895022 0.272955 0.875009 0.878078 0.786329 0.00560908 0.252958 0.193366 0.410922 0.446706 0.793745 0.723233 0.000106321 0.56374 0.828531 0.00237099 0.315788 0.711536 0.326372 0.422552 0.418827 0.868551 0.108331 0.573618 0.60221 0.0712734 0.304653 0.471365 0.428775 0.76396 0.239426 0.593269 0.215988 0.328556 0.0682727 0.725654 0.61224 0.117005 0.687366 0.145019 0.962528 0.777278 0.90335 0.784379 0.508687 0.131971 0.22981 0.616746 0.768944 0.537405 0.367716 0.669686 0.406751 0.35695 0.709951 0.557272 0.99699 
0.373845 0.70093 0.543989 0.444383 0.30071 0.61008 0.648331 0.870616 0.594278 0.15172 0.818722 0.160348 0.660695 0.176635 0.484199 0.713555 0.481201 0.140758 0.730787 0.812296 0.723821 0.671732 0.264113 0.276073 0.841699 0.515752 0.828089 0.629731 0.541887 0.825612 0.677816 0.694277 0.219179 0.900357 0.131616 0.126251 0.153197 0.34381 0.00846691 0.132082 0.725543 0.829589 0.0135282 0.0670185 0.111855 0.295265 0.134784 0.664851 0.316591 0.327039 0.162058 0.0640669 0.741337 0.710752 0.491486 0.859942 0.507629 0.57603 0.253897 0.656954 0.652203 0.0637997 0.0353427 0.651678 
0.327315 0.914588 0.686817 0.604468 0.964885 0.838492 0.642977 0.255274 0.340912 0.250738 0.286143 0.923757 0.306253 0.568185 0.367821 0.7947 0.0340558 0.216279 0.710274 0.627862 0.189317 0.764113 0.896153 0.668855 0.220773 0.437664 0.569998 0.110982 0.528283 0.105174 0.029627 0.383615 0.733303 0.13004 0.424014 0.34424 0.408387 0.111529 0.586174 0.951416 0.247021 0.596817 0.488151 0.062254 0.961838 0.0995802 0.443051 0.754988 0.298428 0.420516 0.840293 0.538673 0.980924 0.735764 0.214229 0.152145 0.722469 0.716058 0.79741 0.813255 0.114526 0.904382 0.774368 0.526387 
0.660614 0.457169 0.745965 0.496184 0.378311 0.0518563 0.763282 0.0411899 0.104864 0.870586 0.622077 0.162802 0.969633 0.287513 0.803335 0.399415 0.371506 0.297655 0.426889 0.3628 0.0144893 0.15916 0.520074 0.236736 0.853946 0.365404 0.078391 0.0610879 0.700305 0.102029 0.19006 0.142854 0.712022 0.143022 0.703092 0.916282 0.240238 0.597155 0.820155 0.607104 0.674667 0.254271 0.0676322 0.710909 0.882831 0.929517 0.707209 0.849462 0.166819 0.143993 0.0390182 0.998312 0.777846 0.904713 0.761905 0.798992 0.20113 0.616991 0.96141 0.582217 0.762861 0.757914 0.662944 0.89045 
0.460937 0.471747 0.638476 0.819904 0.715221 0.102133 0.975404 0.668828 0.740196 0.807744 0.931819 0.0598524 0.102818 0.632168 0.528986 0.480835 0.073649 0.31789 0.303529 0.697127 0.2263 0.412001 0.811914 0.486666 0.17466 0.379487 0.278657 0.638008 0.815628 0.635785 0.499203 0.390757 0.973767 0.698161 0.0834397 0.120678 0.236203 0.267996 0.349136 0.428879 0.468037 0.587492 0.417289 0.605464 0.352977 0.901197 0.377719 0.667226 0.390381 0.215698 0.0743669 0.854223 0.30411 0.600434 0.231238 0.082168 0.933315 0.43475 0.971349 0.993743 0.775153 0.938449 0.289402 0.278146 
0.0956069 0.351301 0.775284 0.588064 0.470517 0.191867 0.707308 0.137469 0.908344 0.422548 0.0382022 0.194203 0.399332 0.626107 0.434655 0.0874051 0.733303 0.139543 0.628026 0.0592829 0.967276 0.360597 0.393595 0.929947 0.377878 0.200783 0.475613 0.198759 0.477527 0.720897 0.949087 0.705376 0.733054 0.692352 0.0104754 0.0857676 0.525542 0.251141 0.334536 0.812553 0.460073 0.958082 0.623834 0.429105 0.52972 0.336696 0.918109 0.0734971 0.995453 0.105441 0.0114224 0.310022 0.925508 0.330303 0.637121 0.123719 0.853393 0.298947 0.870917 0.887075 0.53108 0.739897 0.481671 0.269549 
0.66052 0.78122 0.24104 0.816732 0.508877 0.550967 0.288331 0.145449 0.965678 0.239634 0.834062 0.434018 0.0917287 0.890677 0.790075 0.216235 0.552993 0.587046 0.287724 0.932795 0.793005 0.0351113 0.378384 0.357941 0.259574 0.600702 0.725099 0.394645 0.517652 0.875405 0.263315 0.752236 0.256344 0.716713 0.887479 0.743517 0.515093 0.0350919 0.76828 0.0610732 0.864933 0.137491 0.72794 0.607516 0.667599 0.138653 0.513529 0.820942 0.311049 0.868383 0.300526 0.435561 0.36428 0.793728 0.978417 0.765299 0.9705 0.225026 0.870617 0.399612 0.156217 0.603607 0.601467 0.516693 
0.925359 0.69923 0.892874 0.975479 0.506112 0.936627 0.488266 0.442953 0.0233104 0.128428 0.708661 0.883064 0.0474424 0.438024 0.113761 0.161042 0.602332 0.980939 0.566403 0.114059 0.52417 0.0791619 0.721664 0.120066 0.741769 0.771343 0.0681164 0.476825 0.442431 0.224109 0.641825 0.206068 0.591106 0.20539 0.236494 0.469963 0.0984319 0.200912 0.542417 0.111351 0.234985 0.793601 0.380225 0.65937 0.766727 0.815202 0.220285 0.751903 0.874707 0.298494 0.472787 0.220553 0.899278 0.953184 0.213258 0.0380136 0.566849 0.151797 0.0945215 0.706209 0.776805 0.656868 0.833879 0.935357 
0.704584 0.392411 0.138068 0.120472 0.0849715 0.461941 0.873783 0.68164 0.354601 0.750011 0.81951 0.304293 0.375041 0.98199 0.524158 0.427411 0.517771 0.968976 0.39861 0.254449 0.643215 0.460006 0.0848016 0.0789465 0.454902 0.455096 0.831278 0.157502 0.260395 0.936234 0.631118 0.713409 0.574303 0.452214 0.522743 0.557777 0.841389 0.671088 0.837254 0.34299 0.0728265 0.0967334 0.991935 0.253025 0.275714 0.992515 0.00908995 0.807246 0.355292 0.494926 0.886758 0.364248 0.0724035 0.616404 0.73297 0.922669 0.113507 0.0528957 0.983283 0.586129 0.00270403 0.514983 0.687186 0.613097 
0.310687 0.849469 0.383246 0.666332 0.263843 0.705354 0.738142 0.972902 0.205741 0.690897 0.408033 0.807404 0.769577 0.736791 0.0016275 0.0527368 0.739308 0.826033 0.365871 0.736417 0.429697 0.00689279 0.501172 0.00761557 0.87281 0.155501 0.534184 0.258383 0.839965 0.483177 0.0407154 0.456603 0.797474 0.236407 0.499082 0.925654 0.15898 0.40794 0.843378 0.619641 0.312737 0.494519 0.37491 0.835838 0.716838 0.796488 0.517087 0.96108 0.659262 0.854897 0.352342 0.402904 0.915126 0.771944 0.682912 0.749025 0.386149 0.321846 0.312235 0.947638 0.889049 0.657475 0.465274 0.0978881 
0.188947 0.406262 0.924404 0.164606 0.274791 0.349295 0.796735 0.967298 0.18897 0.436692 0.726407 0.315273 0.180841 0.895201 0.0829668 0.943733 0.744748 0.215086 0.165201 0.569793 0.819002 0.431157 0.763873 0.730107 0.446044 0.712183 0.639252 0.22942 0.959301 0.595055 0.46614 0.926382 0.209076 0.683542 0.999287 0.552504 0.711242 0.154705 0.876971 0.9604 0.279165 0.659762 0.407802 0.455452 0.479727 0.971188 0.609227 0.918015 0.299818 0.75796 0.112966 0.603949 0.013725 0.140372 0.572936 0.303892 0.0648026 0.100508 0.890572 0.301243 0.964043 0.838088 0.610042 0.860005 
0.0942629 0.801358 0.587547 0.247026 0.733326 0.96275 0.67243 0.628435 0.0413534 0.350015 0.283945 0.464629 0.303281 0.814073 0.766148 0.600337 0.901003 0.442881 0.362286 0.480943 0.973347 0.0449545 0.753865 0.385933 0.580585 0.0416017 0.957092 0.458449 0.73256 0.724307 0.361385 0.576149 0.0911689 0.79391 0.427068 0.601469 0.0566051 0.0845441 0.0181546 0.651091 0.436934 0.112153 0.0542378 0.638409 0.951294 0.998431 0.931464 0.0339819 0.860156 0.40321 0.14248 0.269372 0.579868 0.563297 0.894216 0.493566 0.768631 0.370788 0.334486 0.389413 0.488049 0.793356 0.16633 0.214459 
0.881979 0.0787353 0.279696 0.680231 0.343998 0.135338 0.587153 0.718826 0.416454 0.619633 0.839863 0.0001131 0.981157 0.364871 0.873635 0.388695 0.643454 0.714036 0.876284 0.104132 0.668714 0.174179 0.400821 0.577116 0.433794 0.054639 0.685341 0.584219 0.831999 0.352214 0.380974 0.461733 0.0777889 0.0537996 0.925108 0.837146 0.801485 0.626689 0.0136048 0.245678 0.60427 0.485801 0.372847 0.0640888 0.280851 0.223479 0.462615 0.440405 0.505341 0.951594 0.0186997 0.36511 0.809317 0.993856 0.775811 0.465603 0.862098 0.178561 0.254103 0.0731608 0.158557 0.937925 0.68895 0.114222 
0.313697 0.325198 0.713583 0.758601 0.725496 0.839646 0.43328 0.368647 0.739771 0.449791 0.527779 0.228231 0.720502 0.213256 0.372456 0.408268 0.752985 0.972937 0.0483774 0.0966483 0.75607 0.447898 0.558091 0.365642 0.338633 0.23582 0.227415 0.0908458 0.80136 0.184335 0.166577 0.87658 0.300904 0.0824622 0.570485 0.581972 0.439495 0.213818 0.846787 0.286598 0.987435 0.351617 0.922635 0.967931 0.177818 0.189874 0.464062 0.333042 0.817808 0.492502 0.846327 0.800257 0.178537 0.38009 0.591938 0.630834 0.183148 0.307747 0.084793 0.091528 0.155861 0.780291 0.284359 0.296024 
0.96548 0.731031 0.0388375 0.0155247 0.871223 0.853778 0.310678 0.747348 0.431981 0.310937 0.499803 0.68079 0.39651 0.725455 0.427575 0.599089 0.096193 0.988136 0.92047 0.823351 0.77785 0.962747 0.50724 0.116763 0.462571 0.803783 0.8281 0.891097 0.467771 0.973632 0.1612 0.491788 0.381294 0.888065 0.921032 0.267855 0.534234 0.330012 0.801531 0.589634 0.600555 0.322838 0.533912 0.883821 0.731094 0.591505 0.39303 0.27046 0.969527 0.899424 0.841151 0.372248 0.482498 0.582008 0.121739 0.353932 0.185005 0.860999 0.354495 0.166704 0.980917 0.521954 0.768887 0.3302 
0.91405 0.893788 0.999243 0.355715 0.147575 0.493845 0.139928 0.13894 0.106446 0.113325 0.633084 0.521951 0.196154 0.833132 0.792619 0.982601 0.52517 0.850575 0.274089 0.118614 0.271795 0.00731338 0.0310685 0.733335 0.647138 0.534125 0.2887 0.985346 0.301846 0.600696 0.75425 0.480573 0.584483 0.450335 0.136462 0.80441 0.0143907 0.219131 0.613788 0.967315 0.909428 0.923588 0.657023 0.188038 0.87715 0.807224 0.662503 0.958525 0.0297118 0.369893 0.922305 0.88991 0.841405 0.128671 0.700422 0.806685 0.0292002 0.317268 0.76432 0.496173 0.712161 0.705292 0.527336 0.988493 
0.693806 0.715502 0.121393 0.810377 0.162705 0.672067 0.947951 0.420005 0.337906 0.269697 0.36403 0.910977 0.103737 0.988173 0.979738 0.928055 0.290542 0.49522 0.584077 0.0888136 0.348274 0.225542 0.808448 0.128404 0.42082 0.179001 0.463174 0.780591 0.90982 0.721093 0.653131 0.604305 0.148693 0.605031 0.287209 0.885484 0.241974 0.204064 0.624097 0.224348 0.473128 0.744769 0.363443 0.725975 0.0158627 0.499214 0.819824 0.690397 0.0303311 0.0341961 0.75593 0.204802 0.242778 0.876025 0.863851 0.272633 0.551963 0.928882 0.311229 0.202925 0.927468 0.385352 0.960796 0.540156 
0.342079 0.21826 0.507053 0.598803 0.689281 0.0426292 0.0125137 0.512605 0.952886 0.342272 0.541017 0.182952 0.685013 0.585303 0.446659 0.202428 0.633494 0.880853 0.316403 0.274371 0.962884 0.0672288 0.024429 0.169025 0.32475 0.458283 0.173135 0.336732 0.617905 0.498819 0.305603 0.598989 0.0417992 0.56662 0.467036 0.26705 0.283181 0.606182 0.265974 0.255323 0.0415923 0.0283034 0.580817 0.390632 0.109523 0.0928503 0.620982 0.478256 0.743193 0.312916 0.917885 0.0717427 0.78474 0.972793 0.504707 0.0404363 0.495156 0.199178 0.248691 0.492721 0.601342 0.413329 0.487689 0.643484 
0.758294 0.854463 0.886698 0.340882 0.872401 0.218243 0.362476 0.5095 0.316486 0.980907 0.909982 0.580104 0.501791 0.53259 0.082811 0.183331 0.847213 0.190888 0.422416 0.146036 0.950525 0.0720677 0.0212503 0.0503011 0.403643 0.0196779 0.0443354 0.943981 0.0619449 0.661762 0.629259 0.694523 0.4188 0.986212 0.299722 0.236721 0.846552 0.440009 0.645846 0.25708 0.712721 0.239083 0.601606 0.924494 0.477685 0.358273 0.629714 0.363876 0.932019 0.839409 0.635327 0.279738 0.379653 0.276166 0.241936 0.191928 0.913969 0.985138 0.563593 0.554195 0.990741 0.985384 0.878529 0.670863 
0.885087 0.508731 0.684392 0.858089 0.884353 0.103783 0.0911482 0.402402 0.723166 0.187204 0.180464 0.885779 0.572673 0.294834 0.0503035 0.453308 0.424611 0.859461 0.146903 0.362175 0.627217 0.967396 0.280201 0.646037 0.434459 0.36082 0.447042 0.915454 0.3033 0.307006 0.886361 0.197019 0.969568 0.450067 0.129003 0.11278 0.823425 0.0391843 0.417537 0.00735756 0.258563 0.485683 0.446357 0.785846 0.646789 0.549522 0.345649 0.522179 0.366794 0.747203 0.648222 0.905749 0.559692 0.425084 0.114698 0.568543 0.408785 0.722898 0.266856 0.777338 0.0947575 0.273892 0.126518 0.424647 
0.164777 0.652499 0.0525962 0.484496 0.0113212 0.745689 0.0716888 0.486953 0.203189 0.129448 0.290306 0.420506 0.0652428 0.279033 0.661248 0.141362 0.71291 0.220673 0.605151 0.333922 0.984689 0.437098 0.344376 0.271949 0.35277 0.0463843 0.0882839 0.585475 0.435419 0.866903 0.644543 0.134636 0.601065 0.660687 0.610981 0.282897 0.378157 0.265666 0.799039 0.0440674 0.243869 0.00886192 0.334341 0.149614 0.111504 0.809604 0.574429 0.0593551 0.784242 0.369827 0.698787 0.985015 0.794245 0.0253961 0.0108447 0.00226902 0.292101 0.777961 0.702224 0.338576 0.211686 0.512763 0.714806 0.0293305 
0.372772 0.262275 0.769345 0.824169 0.648022 0.427666 0.160576 0.676563 0.870249 0.65581 0.471518 0.0588461 0.524026 0.937067 0.765749 0.576065 0.925648 0.410802 0.547464 0.569626 0.531854 0.939157 0.993591 0.666276 0.559718 0.7838 0.312067 0.869066 0.662037 0.976934 0.062949 0.193453 0.700766 0.941717 0.554801 0.458915 0.201292 0.995893 0.367811 0.917785 0.706383 0.134205 0.0938083 0.801504 0.490669 0.541685 0.782945 0.361144 0.927119 0.29992 0.882455 0.315763 0.727975 0.793609 0.92339 0.621909 0.018425 0.738777 0.0552297 0.570538 0.783072 0.996354 0.0173431 0.265382 
0.633911 0.654005 0.669258 0.18374 0.883186 0.515128 0.141806 0.732504 0.299616 0.979472 0.897213 0.849824 0.973114 0.52611 0.694518 0.429211 0.557975 0.504468 0.645414 0.102442 0.805908 0.599116 0.999785 0.484069 0.568393 0.0513166 0.606861 0.502193 0.870617 0.452024 0.376221 0.193777 0.499937 0.162414 0.693857 0.397231 0.162891 0.934351 0.909111 0.782225 0.589809 0.316674 0.541871 0.866973 0.44485 0.0887501 0.0349141 0.656822 0.975463 0.105892 0.162916 0.687988 0.543529 0.930639 0.328135 0.576705 0.257671 0.687188 0.805735 0.124604 0.604538 0.187115 0.69041 0.893331 
0.319739 0.935045 0.651021 0.120007 0.146623 0.831573 0.729953 0.378032 0.376686 0.530375 0.60638 0.944781 0.431753 0.790552 0.714056 0.895506 0.948596 0.0816267 0.90587 0.917449 0.240669 0.220714 0.0421996 0.486656 0.757546 0.224192 0.709775 0.192501 0.479337 0.127538 0.284343 0.103191 0.324443 0.629522 0.616568 0.238554 0.129278 0.915994 0.494422 0.550798 0.647425 0.844828 0.971349 0.118263 0.044857 0.158551 0.951423 0.42672 0.506836 0.0253599 0.0156145 0.552116 0.806999 0.935741 0.1073 0.0813164 0.0896662 0.350091 0.532959 0.730825 0.0382016 0.618448 0.315956 0.419196 
0.257848 0.139498 0.370267 0.876476 0.677683 0.693301 0.0949042 0.402316 0.650458 0.184119 0.235325 0.125584 0.40575 0.909584 0.0935088 0.397583 0.988247 0.378674 0.441542 0.136156 0.887969 0.131967 0.935668 0.384295 0.344617 0.497963 0.101036 0.397204 0.832067 0.981134 0.708693 0.695542 0.419146 0.496218 0.585501 0.859358 0.603925 0.154628 0.398195 0.89102 0.721593 0.784927 0.859038 0.441411 0.860234 0.215859 0.845622 0.984982 0.0210946 0.917165 0.217218 0.658404 0.00305501 0.884424 0.965 0.747109 0.0443766 0.0314206 0.785072 0.197781 0.75488 0.751889 0.278718 0.120395 
0.402588 0.864848 0.670891 0.067575 0.441339 0.0896854 0.821342 0.457376 0.238551 0.616439 0.538716 0.370183 0.691234 0.519506 0.0724011 0.134964 0.652408 0.196822 0.312333 0.141758 0.302535 0.144268 0.419829 0.216701 0.906638 0.569434 0.158289 0.427569 0.864785 0.835546 0.593548 0.170823 0.613736 0.492563 0.390154 0.786479 0.0706594 0.26985 0.550973 0.702478 0.506198 0.163558 0.472974 0.329907 0.278304 0.645688 0.452378 0.215759 0.657912 0.129542 0.843916 0.0867122 0.0224007 0.0837301 0.891511 0.793504 0.0835026 0.234346 0.0689599 0.67669 0.581128 0.956953 0.573522 0.533357 
0.191619 0.307709 0.483499 0.0685257 0.119289 0.430072 0.328255 0.51109 0.0893402 0.929901 0.374888 0.23611 0.0549505 0.651825 0.535524 0.495187 0.497213 0.893111 0.802668 0.0567148 0.947573 0.905501 0.145141 0.494063 0.935139 0.240056 0.379287 0.922578 0.545231 0.740961 0.269695 0.641855 0.698072 0.492308 0.474379 0.743593 0.324977 0.328185 0.591044 0.372018 0.531757 0.686505 0.837725 0.168192 0.84384 0.329554 0.517555 0.709742 0.435345 0.124011 0.927897 0.0183096 0.325735 0.850934 0.225095 0.655598 0.908338 0.0770848 0.554789 0.154755 0.0790129 0.594637 0.594785 0.37014 
0.0939356 0.63068 0.467254 0.169136 0.931047 0.137859 0.217197 0.96186 0.725198 0.13165 0.847265 0.345738 0.704306 0.780614 0.800476 0.968454 0.831293 0.155508 0.715971 0.0271448 0.28272 0.0581816 0.945465 0.564549 0.313775 0.889848 0.217304 0.902771 0.236695 0.189554 0.349719 0.313589 0.354384 0.765943 0.728889 0.686486 0.45903 0.504363 0.602489 0.0475566 0.624381 0.603848 0.116021 0.784646 0.652423 0.426889 0.962356 0.178819 0.4159 0.705642 0.418241 0.258415 0.183429 0.460158 0.48209 0.95494 0.816736 0.623364 0.853972 0.187989 0.0454041 0.458148 0.272408 0.891819 
0.688042 0.980974 0.458769 0.892119 0.449669 0.854867 0.649923 0.0891452 0.974234 0.533849 0.636252 0.611586 0.121152 0.511348 0.355977 0.455531 0.65929 0.153328 0.824928 0.703135 0.62299 0.315545 0.75171 0.775691 0.550475 0.204742 0.299702 0.484054 0.66117 0.0203503 0.892205 0.745911 0.519526 0.998533 0.260884 0.255227 0.534333 0.229712 0.771938 0.477824 0.576175 0.560044 0.362392 0.440241 0.443968 0.242969 0.932118 0.749862 0.861516 0.000273424 0.510918 0.77327 0.0457932 0.993132 0.0677295 0.767057 0.780612 0.722819 0.430072 0.162536 0.739608 0.611832 0.541174 0.525479 
0.113076 0.564467 0.791463 0.199625 0.722205 0.381562 0.0638807 0.214592 0.469869 0.435972 0.676125 0.781791 0.572464 0.730621 0.803498 0.332753 0.747302 0.534279 0.96428 0.939328 0.0423133 0.421313 0.77341 0.313909 0.928368 0.921835 0.222838 0.76406 0.11994 0.489048 0.194344 0.711084 0.196427 0.522097 0.274523 0.118027 0.619398 0.322211 0.246535 0.375983 0.511134 0.780803 0.465127 0.266937 0.067235 0.0193543 0.744339 0.520388 0.211588 0.267651 0.982755 0.037723 0.368702 0.875194 0.720033 0.802557 0.870243 0.4223 0.296463 0.376852 0.796662 0.815109 0.537915 0.107441 
0.390289 0.768628 0.40181 0.970212 0.390721 0.911101 0.42267 0.529244 0.32618 0.0260734 0.737549 0.518785 0.566641 0.495494 0.430044 0.89625 0.636238 0.260596 0.417624 0.737384 0.913379 0.341148 0.55892 0.430333 0.788431 0.352437 0.486805 0.118779 0.36677 0.607579 0.964315 0.22122 0.932558 0.543848 0.453728 0.263921 0.068117 0.00324714 0.556233 0.934889 0.27798 0.284028 0.055785 0.20069 0.814807 0.393237 0.839809 0.0364688 0.650639 0.867388 0.821933 0.918625 0.196083 0.38176 0.954663 0.345741 0.49404 0.323066 0.513363 0.607121 0.0563244 0.0985361 0.869224 0.316201 
0.693152 0.356504 0.887254 0.17075 0.151375 0.603051 0.817743 0.597461 0.358148 0.0762778 0.354117 0.0760281 0.776289 0.534544 0.143413 0.4437 0.787864 0.584923 0.671153 0.982639 0.276733 0.335975 0.295125 0.273839 0.252849 0.493691 0.201943 0.382901 0.564002 0.778033 0.209972 0.190742 0.318593 0.832215 0.108333 0.637621 0.228564 0.319403 0.888709 0.190727 0.464628 0.0875207 0.854693 0.0227708 0.584099 0.280502 0.686919 0.980921 0.332996 0.77943 0.104852 0.411092 0.139652 0.856536 0.84317 0.662361 0.889554 0.653904 0.888947 0.487718 0.164351 0.863808 0.321378 0.553435 
0.57209 0.0445913 0.589563 0.965809 0.353448 0.528578 0.134451 0.361019 0.334356 0.363016 0.58498 0.954827 0.107571 0.20381 0.011408 0.0818425 0.904208 0.897949 0.869374 0.353839 0.475499 0.469423 0.188741 0.914822 0.65592 0.18972 0.760215 0.448359 0.713145 0.879632 0.349318 0.759057 0.418989 0.548792 0.704546 0.754136 0.58488 0.582256 0.71466 0.279623 0.274676 0.069608 0.359307 0.881749 0.136586 0.22917 0.605734 0.551028 0.888281 0.698548 0.456248 0.215474 0.194194 0.965436 0.824233 0.0926194 0.8263 0.248077 0.173646 0.790792 0.206273 0.932104 0.804997 0.139051 
0.666895 0.683704 0.225718 0.539737 0.0328595 0.555103 0.184113 0.198439 0.733878 0.842264 0.477261 0.635378 0.783416 0.0657678 0.353597 0.733532 0.659971 0.754713 0.428664 0.644884 0.103115 0.445571 0.412146 0.53209 0.583553 0.609028 0.210017 0.605081 0.323697 0.314124 0.105813 0.375172 0.524903 0.79337 0.875908 0.0283645 0.312962 0.436072 0.228919 0.546336 0.384947 0.240555 0.43505 0.455772 0.350007 0.448455 0.840254 0.838051 0.455333 0.0182373 0.525995 0.931687 0.960588 0.0484371 0.75848 0.527217 0.703648 0.0770588 0.648093 0.303392 0.942784 0.458678 0.70022 0.772054 
0.404828 0.0525105 0.552057 0.0242343 0.937126 0.387107 0.602374 0.419186 0.389768 0.529573 0.027598 0.841485 0.450645 0.386402 0.276737 0.571429 0.545056 0.991725 0.840867 0.987491 0.911608 0.283784 0.765765 0.952279 0.694649 0.451794 0.906658 0.70726 0.734764 0.344977 0.338986 0.347368 0.858025 0.120478 0.12245 0.854582 0.527561 0.831964 0.00757546 0.103013 0.76642 0.380809 0.809113 0.0809195 0.0659989 0.292663 0.746802 0.592845 0.964005 0.320431 0.396289 0.880799 0.18275 0.327847 0.347972 0.356843 0.784446 0.503315 0.918045 0.498894 0.173368 0.899392 0.965665 0.576625 
0.359065 0.776959 0.79001 0.609174 0.905631 0.286138 0.839455 0.476046 0.974059 0.0441612 0.648985 0.778152 0.544685 0.529237 0.381444 0.214527 0.819582 0.578513 0.265302 0.963767 0.0336677 0.0679993 0.139159 0.597947 0.389808 0.220012 0.202708 0.438466 0.508546 0.408551 0.888101 0.296945 0.303564 0.469612 0.710213 0.782882 0.768928 0.918207 0.718576 0.0990992 0.444865 0.473414 0.563987 0.620688 0.0719255 0.953254 0.592817 0.505392 0.716977 0.822731 0.0217556 0.352268 0.64366 0.984922 0.208097 0.463893 0.516685 0.604027 0.486051 0.975437 0.096612 0.530253 0.167497 0.511435 
0.866351 0.107098 0.915748 0.425595 0.264593 0.526463 0.732154 0.407163 0.138143 0.481868 0.777039 0.21038 0.00449286 0.773649 0.116567 0.982418 0.694086 0.137022 0.467145 0.564143 0.41612 0.892108 0.300171 0.263628 0.520941 0.754886 0.844108 0.85544 0.0348513 0.835183 0.871592 0.419588 0.511403 0.293489 0.240908 0.459623 0.488895 0.663834 0.38836 0.465496 0.57739 0.0363148 0.994325 0.0273441 0.0209473 0.31343 0.0742783 0.195092 0.199832 0.20673 0.323789 0.288722 0.367045 0.31486 0.832729 0.965458 0.946368 0.488357 0.910944 0.030692 0.964192 0.43065 0.446992 0.276839 
0.891071 0.236369 0.890816 0.729387 0.214024 0.787483 0.869923 0.131313 0.627137 0.142932 0.497662 0.682801 0.618748 0.585644 0.450828 0.348438 0.69643 0.184444 0.486447 0.0881171 0.524604 0.695995 0.400304 0.515249 0.230578 0.205286 0.623264 0.389952 0.590043 0.0116004 0.53709 0.726491 0.236021 0.0769461 0.982704 0.793192 0.232013 0.00780822 0.64965 0.407399 0.807174 0.791429 0.816525 0.165393 0.189474 0.445096 0.389422 0.225052 0.0047661 0.810381 0.997239 0.552245 0.343249 0.784727 0.87279 0.519443 0.649825 0.224798 0.927512 0.966131 0.355816 0.549772 0.360887 0.8432 
0.724735 0.103394 0.727959 0.0371687 0.943537 0.943423 0.658738 0.25982 0.216931 0.63603 0.788689 0.577272 0.891548 0.318962 0.849117 0.79002 0.533031 0.456303 0.837609 0.464968 0.870147 0.100111 0.223111 0.98206 0.277509 0.7526 0.798973 0.862034 0.939559 0.0303359 0.424545 0.0247727 0.1232 0.396857 0.719412 0.0822819 0.20157 0.608203 0.805648 0.235928 0.501966 0.237877 0.854694 0.288169 0.0905988 0.2549 0.121816 0.432123 0.92747 0.0190672 0.517996 0.775107 0.909629 0.492627 0.538458 0.15987 0.818652 0.155422 0.721037 0.875704 0.170012 0.711603 0.937922 0.37807 
0.200704 0.453204 0.82871 0.483719 0.436535 0.511541 0.395844 0.542261 0.266745 0.257814 0.168832 0.445445 0.795102 0.385559 0.498882 0.431781 0.33556 0.580118 0.96143 0.463452 0.317204 0.97213 0.695866 0.367438 0.511676 0.288737 0.560416 0.919387 0.883229 0.381873 0.738218 0.641382 0.493887 0.125212 0.526121 0.593192 0.312571 0.858783 0.648139 0.112991 0.0343598 0.780736 0.499729 0.174023 0.586031 0.429444 0.314262 0.539217 0.868458 0.450642 0.21853 0.349265 0.377557 0.32573 0.629938 0.814705 0.419295 0.0129575 0.542485 0.936576 0.607595 0.645469 0.00718373 0.8484 
0.909597 0.780989 0.780866 0.345233 0.160761 0.296565 0.081948 0.140604 0.08943 0.184583 0.789527 0.613628 0.0519369 0.256851 0.326553 0.35674 0.196256 0.489377 0.806865 0.63286 0.86603 0.302183 0.655361 0.770511 0.764134 0.344089 0.73502 0.496046 0.495529 0.325196 0.383563 0.625086 0.76337 0.521609 0.212985 0.0812601 0.166857 0.751929 0.810982 0.463143 0.937723 0.416317 0.947525 0.73763 0.998049 0.125799 0.634231 0.332065 0.982322 0.633698 0.17539 0.234595 0.251982 0.468777 0.509777 0.967343 0.430949 0.831352 0.639793 0.630737 0.184347 0.67523 0.653482 0.494444 
0.846315 0.280246 0.846432 0.23019 0.67872 0.597962 0.293046 0.0877169 0.834621 0.927877 0.884332 0.779151 0.704221 0.753719 0.242775 0.35676 0.968059 0.616881 0.0887687 0.0836959 0.756027 0.2047 0.884551 0.271634 0.588165 0.141877 0.544036 0.713848 0.541174 0.637463 0.988691 0.498916 0.919803 0.895424 0.813578 0.684919 0.74112 0.376977 0.0674539 0.17651 0.562239 0.264169 0.369199 0.475597 0.302792 0.254872 0.986701 0.848358 0.597957 0.775475 0.249549 0.965435 0.969449 0.988324 0.883887 0.904746 0.405734 0.438576 0.725089 0.347559 0.40633 0.966094 0.572725 0.77188 
0.470909 0.12464 0.530547 0.137777 0.113567 0.26175 0.453141 0.832268 0.602182 0.274018 0.736204 0.489927 0.421251 0.0921284 0.617197 0.828674 0.340043 0.183019 0.563047 0.00579408 0.607792 0.852889 0.202211 0.134389 0.755017 0.300104 0.527879 0.958652 0.305683 0.486578 0.983668 0.268096 0.910168 0.140745 0.321585 0.545496 0.895942 0.0869415 0.481227 0.285864 0.938491 0.468331 0.548681 0.656457 0.788108 0.458615 0.490269 0.00504443 0.402842 0.716575 0.433773 0.740203 0.923693 0.3212 0.232661 0.889194 0.845106 0.274721 0.0327941 0.900323 0.915266 0.694419 0.0548155 0.909458 
0.391759 0.369202 0.115135 0.989783 0.245672 0.692866 0.277226 0.733242 0.895717 0.529584 0.743175 0.948999 0.62159 0.472716 0.641261 0.058438 0.811806 0.40243 0.450521 0.729454 0.463021 0.151436 0.379354 0.510519 0.589656 0.688848 0.178526 0.432429 0.56372 0.424439 0.240866 0.135324 0.518936 0.475706 0.0228355 0.250766 0.162011 0.139763 0.310632 0.453199 0.980035 0.65493 0.811145 0.912746 0.727861 0.321147 0.770518 0.808074 0.767139 0.0494009 0.787899 0.799581 0.642661 0.740775 0.0932402 0.906456 0.12341 0.511876 0.913353 0.0619457 0.278751 0.147908 0.118906 0.863135 
0.692246 0.247687 0.754247 0.505131 0.962443 0.458701 0.67205 0.45017 0.807508 0.946239 0.0240062 0.745726 0.529541 0.832992 0.522142 0.722265 0.131595 0.523847 0.810022 0.270047 0.747119 0.139105 0.778225 0.376202 0.275079 0.164437 0.382362 0.774019 0.122164 0.956833 0.760519 0.270956 0.967946 0.470309 0.026844 0.0849655 0.0267352 0.612865 0.157393 0.675412 0.50792 0.769712 0.378432 0.817716 0.447759 0.617392 0.623639 0.730338 0.406288 0.610524 0.780794 0.467504 0.564341 0.381126 0.613971 0.344245 0.797724 0.800583 0.0624059 0.802851 0.0101324 0.576858 0.45951 0.206916 
0.773301 0.678562 0.400221 0.78609 0.275337 0.733137 0.291454 0.456317 0.902173 0.79602 0.249988 0.399674 0.250389 0.474452 0.544944 0.887619 0.0278599 0.845871 0.592756 0.417805 0.78863 0.595042 0.740099 0.618457 0.626002 0.546668 0.0490318 0.404084 0.279283 0.84144 0.288489 0.598446 0.498101 0.356006 0.160203 0.0280237 0.465474 0.394595 0.997758 0.385306 0.677983 0.845713 0.473321 0.325149 0.565476 0.975739 0.209782 0.933986 0.0197801 0.856387 0.564722 0.301171 0.222425 0.0939327 0.778434 0.597322 0.750416 0.087545 0.34533 0.738133 0.498886 0.813116 0.455875 0.527096 
0.0192956 0.0793786 0.0403069 0.180062 0.499584 0.90682 0.156348 0.725264 0.207707 0.115187 0.968084 0.505874 0.574888 0.214444 0.514378 0.672103 0.448308 0.350511 0.344451 0.418131 0.14417 0.601367 0.603704 0.0246324 0.809662 0.290843 0.122441 0.370959 0.87925 0.75378 0.746391 0.690641 0.262041 0.896835 0.321395 0.641641 0.346815 0.533514 0.341512 0.665854 0.173748 0.770585 0.472166 0.806391 0.680097 0.310373 0.151272 0.496432 0.826213 0.6666 0.845417 0.925803 0.339445 0.0726723 0.599632 0.835357 0.335904 0.565946 0.62397 0.87358 0.933654 0.946735 0.4416 0.510158 
0.5355 0.208714 0.744439 0.900753 0.785998 0.158562 0.800511 0.110483 0.250473 0.908896 0.413715 0.277286 0.149506 0.355483 0.266333 0.220772 0.790042 0.767876 0.611313 0.484481 0.101127 0.726108 0.792203 0.781717 0.0140512 0.149368 0.656521 0.236543 0.104035 0.803243 0.457401 0.612897 0.972781 0.326432 0.961132 0.400382 0.0534456 0.95881 0.653166 0.661801 0.82314 0.314164 0.106897 0.145089 0.930216 0.92852 0.820181 0.239438 0.940197 0.33592 0.466577 0.867561 0.172316 0.878189 0.0437807 0.00452759 0.0783437 0.68264 0.78042 0.839328 0.284456 0.704649 0.335683 0.127904 
0.987148 0.798484 0.668453 0.691589 0.606067 0.262846 0.0149359 0.810253 0.941192 0.151758 0.699544 0.295155 0.0384508 0.935256 0.607516 0.813167 0.477372 0.902989 0.444378 0.194458 0.886663 0.935503 0.0717688 0.802877 0.835607 0.692183 0.250308 0.798692 0.507413 0.796778 0.31259 0.707726 0.467025 0.590001 0.765485 0.101051 0.980199 0.222305 0.0505238 0.445674 0.903868 0.175909 0.85046 0.0221831 0.562265 0.597326 0.0136997 0.117633 0.327629 0.417722 0.889164 0.418167 0.340582 0.919881 0.114142 0.304284 0.483395 0.26947 0.682667 0.968294 0.38423 0.219172 0.317933 0.98099 
0.341485 0.901235 0.237028 0.612318 0.32085 0.952171 0.798675 0.0544824 0.222935 0.13375 0.506233 0.459289 0.578645 0.937558 0.463063 0.468601 0.00490285 0.412666 0.448338 0.835813 0.659573 0.234667 0.488651 0.584531 0.413272 0.933249 0.649047 0.807172 0.143457 0.100182 0.960976 0.851921 0.396285 0.253491 0.93164 0.391299 0.279768 0.113974 0.217398 0.619517 0.501734 0.950028 0.389314 0.86761 0.693169 0.306836 0.509977 0.464741 0.889189 0.581724 0.785209 0.734472 0.654839 0.235514 0.19338 0.889749 0.52126 0.402641 0.701405 0.150656 0.118473 0.140369 0.702711 0.463101 
0.0414886 0.899572 0.00422978 0.55873 0.199038 0.697086 0.956059 0.0517982 0.643738 0.249519 0.880761 0.804717 0.92724 0.808208 0.0584371 0.482361 0.526964 0.997486 0.334117 0.0287981 0.450523 0.223147 0.925125 0.483488 0.535423 0.236125 0.112289 0.295343 0.530092 0.693228 0.425415 0.328366 0.26667 0.656743 0.474019 0.564495 0.929909 0.108841 0.388694 0.012476 0.466355 0.75544 0.0778537 0.655824 0.222641 0.552714 0.0550819 0.973991 0.138664 0.290494 0.336486 0.500672 0.96283 0.0695717 0.848167 0.455011 0.295838 0.0883993 0.788453 0.604488 0.868297 0.122581 0.977749 0.890714 
0.280083 0.048856 0.624642 0.465289 0.563591 0.421945 0.322141 0.827627 0.956287 0.668027 0.372446 0.832493 0.323681 0.0352088 0.0175437 0.903985 0.269961 0.511057 0.376669 0.151998 0.242461 0.953999 0.891538 0.531508 0.064444 0.331659 0.416139 0.380549 0.220258 0.290708 0.575608 0.336114 0.813096 0.695712 0.00950489 0.690388 0.946302 0.20503 0.812862 0.0835616 0.252334 0.683868 0.0696914 0.169823 0.816121 0.0678707 0.808793 0.91652 0.0726028 0.499037 0.355001 0.492625 0.85383 0.982971 0.274641 0.140912 0.565488 0.456556 0.401025 0.455557 0.787336 0.700121 0.417814 0.911053 
0.692261 0.361146 0.903515 0.274608 0.653914 0.788889 0.777172 0.935691 0.410786 0.450613 0.270618 0.821918 0.997885 0.375478 0.229434 0.934085 0.39711 0.0928478 0.603407 0.843445 0.623734 0.0062162 0.634038 0.159641 0.301419 0.971933 0.0966604 0.11506 0.882987 0.655308 0.107789 0.643687 0.150172 0.0026969 0.295684 0.932361 0.336223 0.412022 0.538826 0.777456 0.517234 0.245478 0.686086 0.651144 0.520577 0.648841 0.192031 0.586805 0.206202 0.289945 0.140144 0.915545 0.365215 0.478361 0.804065 0.798933 0.31238 0.754195 0.20345 0.175882 0.307398 0.864861 0.284909 0.27242 
0.14218 0.783815 0.257305 0.862292 0.915272 0.198227 0.434951 0.839701 0.0535378 0.565688 0.390433 0.219439 0.213042 0.275746 0.233047 0.273209 0.250079 0.418241 0.317646 0.601751 0.287216 0.846826 0.686817 0.951586 0.403958 0.0974237 0.796599 0.556527 0.194092 0.888896 0.713245 0.244931 0.09897 0.552684 0.276494 0.757612 0.818696 0.506691 0.29623 0.333425 0.672557 0.444108 0.122662 0.649417 0.176538 0.802364 0.946284 0.708432 0.777443 0.500608 0.406005 0.809632 0.855174 0.0542394 0.597919 0.238348 0.246526 0.348003 0.0739351 0.993477 0.806896 0.169812 0.481156 0.139738 
0.75715 0.149742 0.333582 0.306381 0.348933 0.303649 0.656777 0.202141 0.289302 0.25862 0.151271 0.246053 0.958285 0.2677 0.983162 0.706837 0.360043 0.0651824 0.944976 0.872709 0.140674 0.281854 0.438336 0.490848 0.458218 0.442443 0.0252868 0.177419 0.879927 0.244584 0.686048 0.435998 0.435671 0.234408 0.811276 0.794972 0.333054 0.124553 0.96327 0.836046 0.399896 0.196663 0.181862 0.333572 0.148214 0.239499 0.219555 0.656476 0.148563 0.341058 0.838468 0.406875 0.296671 0.920782 0.591627 0.506755 0.469365 0.258402 0.204389 0.190357 0.29896 0.141911 0.505264 0.882726 
0.0558678 0.367261 0.911148 0.749382 0.5033 0.317203 0.2351 0.531413 0.27324 0.51647 0.0494043 0.732438 0.930073 0.36239 0.014881 0.545004 0.373714 0.958149 0.70843 0.552089 0.252613 0.386838 0.36832 0.754251 0.569673 0.429433 0.440906 0.505409 0.452546 0.019524 0.700897 0.263102 0.486562 0.950886 0.159123 0.5827 0.755922 0.422643 0.850515 0.374287 0.717294 0.67927 0.17714 0.277377 0.620746 0.449474 0.336589 0.118014 0.52425 0.855422 0.513814 0.23892 0.156067 0.668136 0.217619 0.678468 0.499692 0.655319 0.110607 0.74867 0.610084 0.371531 0.573124 0.810763 
0.0339464 0.57295 0.066748 0.490534 0.751798 0.109827 0.861893 0.897716 0.0610071 0.503127 0.323317 0.266524 0.693379 0.875645 0.291462 0.0497506 0.106373 0.91928 0.827273 0.708076 0.600947 0.300544 0.127492 0.896902 0.219072 0.876771 0.247758 0.986452 0.891361 0.389193 0.260748 0.105825 0.492969 0.457021 0.806613 0.767768 0.590609 0.659683 0.601952 0.53075 0.527234 0.384432 0.418478 0.965674 0.886784 0.165311 0.796108 0.250043 0.598391 0.136865 0.159511 0.90247 0.27529 0.274863 0.260661 0.801441 0.827661 0.721393 0.492349 0.778732 0.658682 0.754196 0.26246 0.44138 
0.0584215 0.252331 0.764452 0.869956 0.342721 0.129119 0.190819 0.510051 0.278991 0.268926 0.4572 0.118349 0.00781044 0.920734 0.882416 0.779235 0.491818 0.885464 0.615594 0.707161 0.420564 0.803309 0.958587 0.633788 0.72038 0.790293 0.12289 0.728677 0.188422 0.0231617 0.943679 0.0988037 0.324302 0.578241 0.730867 0.91827 0.502085 0.248968 0.879356 0.582062 0.0396379 0.499027 0.505238 0.399348 0.415349 0.00532865 0.245751 0.593392 0.759389 0.834822 0.830725 0.0145161 0.66974 0.361267 0.00369317 0.135624 0.700685 0.860163 0.976606 0.360675 0.0509646 0.838372 0.835378 0.999621 
0.0198525 0.0255947 0.857916 0.140295 0.667261 0.58542 0.493331 0.114683 0.370026 0.219883 0.134018 0.516358 0.625484 0.324492 0.829021 0.369116 0.215672 0.952205 0.665085 0.68937 0.0163635 0.519211 0.205202 0.793609 0.465748 0.262542 0.772839 0.808251 0.990686 0.849775 0.150303 0.783841 0.539426 0.606406 0.715954 0.387002 0.994896 0.606975 0.848435 0.999408 0.990829 0.863687 0.619948 0.636838 0.820874 0.841709 0.378452 0.179483 0.484753 0.346311 0.111834 0.178259 0.287268 0.30873 0.580712 0.852255 0.0557061 0.255701 0.624477 0.258109 0.991597 0.381407 0.268054 0.132082 
0.928015 0.547858 0.274743 0.86414 0.176894 0.91032 0.556124 0.684167 0.581839 0.877215 0.362135 0.377755 0.253249 0.625847 0.407506 0.498393 0.454522 0.72917 0.185176 0.136211 0.744941 0.770837 0.931875 0.751271 0.46903 0.730823 0.400403 0.994508 0.365552 0.70084 0.542779 0.135909 0.26667 0.829393 0.175748 0.116346 0.684192 0.253589 0.0871752 0.247684 0.397895 0.951258 0.566585 0.155315 0.548857 0.566176 0.615555 0.837146 0.166197 0.0807305 0.31613 0.122091 0.948225 0.97026 0.930635 0.729722 0.930725 0.784356 0.0454573 0.367313 0.512191 0.277305 0.471159 0.338682 
0.598676 0.183981 0.293824 0.221804 0.0749209 0.913203 0.214159 0.749027 0.808029 0.916471 0.64047 0.572663 0.488862 0.818502 0.729993 0.0743424 0.599703 0.660591 0.20803 0.555223 0.0980813 0.109889 0.407578 0.130546 0.381742 0.539169 0.78255 0.180749 0.353735 0.716191 0.891749 0.0936003 0.0656964 0.493168 0.727579 0.313781 0.925844 0.707406 0.449977 0.348156 0.0609662 0.323171 0.984606 0.448778 0.865383 0.449095 0.956693 0.304839 0.753999 0.429583 0.504008 0.355119 0.246309 0.550704 0.340503 0.898079 0.644136 0.266773 0.514927 0.406797 0.687433 0.956069 0.517229 0.299365 
0.982188 0.195546 0.049265 0.641444 0.33982 0.995322 0.476912 0.463101 0.876131 0.262411 0.136044 0.119447 0.423495 0.882209 0.414197 0.210642 0.332522 0.0474505 0.167998 0.0396556 0.690514 0.295859 0.350763 0.474092 0.274221 0.584945 0.985609 0.935398 0.0197126 0.524376 0.190224 0.771896 0.123883 0.352633 0.690472 0.746225 0.366903 0.840137 0.703948 0.365056 0.908522 0.335119 0.889902 0.869587 0.623398 0.0784385 0.871002 0.375984 0.6961 0.217402 0.763401 0.775537 0.92809 0.512625 0.747408 0.490572 0.720742 0.582529 0.06717 0.208081 0.148974 0.25403 0.297653 0.952624 
0.968845 0.182371 0.850641 0.447829 0.743511 0.53686 0.405995 0.207214 0.13059 0.363077 0.692597 0.624507 0.448554 0.74456 0.56884 0.658279 0.332423 0.799777 0.0395828 0.851067 0.816132 0.722771 0.0843956 0.283206 0.223978 0.709284 0.330677 0.261023 0.365539 0.605153 0.813392 0.801975 0.929069 0.512391 0.505396 0.562696 0.834978 0.554439 0.0404435 0.936734 0.849186 0.86833 0.131028 0.0607066 0.959442 0.73326 0.778098 0.818958 0.285297 0.498859 0.616105 0.867983 0.436917 0.332567 0.900877 0.722435 0.282887 0.934374 0.421302 0.825177 0.39895 0.641588 0.833027 0.0607965 
0.0691369 0.0168377 0.411987 0.981321 0.925536 0.989399 0.219544 0.539899 0.804496 0.88961 0.943789 0.0331952 0.276263 0.833811 0.989902 0.104661 0.237861 0.561466 0.658078 0.64536 0.184839 0.57639 0.869703 0.159522 0.347558 0.974368 0.725843 0.397021 0.0926784 0.0349985 0.275005 0.893989 0.411267 0.676365 0.230682 0.490319 0.036946 0.0656548 0.53708 0.830843 0.505159 0.802735 0.695931 0.375707 0.23055 0.467849 0.605815 0.528734 0.882313 0.320153 0.226485 0.781014 0.189619 0.740466 0.0885055 0.207049 0.485017 0.675817 0.718651 0.577739 0.389074 0.692761 0.860267 0.150381 
0.0789203 0.0661846 0.824706 0.129055 0.0566756 0.998406 0.758009 0.373359 0.586921 0.407721 0.0502027 0.689823 0.219171 0.0704156 0.0135336 0.014364 0.607797 0.462586 0.606042 0.222053 0.158492 0.823487 0.22081 0.368461 0.35891 0.266561 0.0605041 0.885118 0.807707 0.172797 0.184863 0.442245 0.385443 0.373964 0.866644 0.25703 0.947585 0.764166 0.996327 0.644226 0.0750714 0.455823 0.107498 0.326263 0.226224 0.82853 0.917972 0.445677 0.75435 0.731306 0.336899 0.549081 0.891461 0.719708 0.315696 0.603951 0.486262 0.280154 0.827106 0.105283 0.77371 0.262438 0.636788 0.303659 
0.751196 0.719551 0.84383 0.944884 0.824267 0.0428425 0.0362779 0.677308 0.135952 0.375111 0.947781 0.814772 0.592344 0.349605 0.296216 0.506658 0.946428 0.189215 0.875663 0.853235 0.779271 0.569983 0.349478 0.141594 0.958696 0.39254 0.604482 0.51595 0.771966 0.631226 0.625507 0.295318 0.161088 0.615121 0.666364 0.63143 0.301703 0.277509 0.956361 0.151789 0.367132 0.354262 0.799464 0.69341 0.834577 0.0280149 0.00732943 0.845829 0.720067 0.0490474 0.367153 0.324506 0.113281 0.264587 0.791213 0.479931 0.876807 0.0756799 0.911338 0.137101 0.336108 0.838619 0.97712 0.937337 
0.756889 0.0606282 0.702644 0.69299 0.482871 0.36887 0.0813511 0.903172 0.96797 0.101305 0.947961 0.971101 0.0713238 0.882018 0.901643 0.594625 0.868224 0.579898 0.729942 0.678407 0.144039 0.767267 0.951208 0.948933 0.148434 0.749834 0.375404 0.732201 0.435563 0.542803 0.846198 0.0928618 0.775958 0.0943531 0.715255 0.837816 0.976955 0.283688 0.263221 0.266384 0.878611 0.772874 0.587981 0.222684 0.389893 0.541589 0.670163 0.466195 0.596776 0.377348 0.388647 0.0121632 0.0131147 0.269968 0.452105 0.265323 0.605755 0.507847 0.718369 0.042773 0.423352 0.155123 0.979259 0.272701 
0.433693 0.0617699 0.0541073 0.951274 0.686682 0.548774 0.0118362 0.051424 0.724918 0.00398261 0.659036 0.222 0.35893 0.288174 0.913391 0.35215 0.385441 0.293488 0.14259 0.721404 0.0732506 0.245212 0.955448 0.857833 0.477029 0.164967 0.849174 0.2614 0.0164067 0.0613802 0.517251 0.950683 0.24659 0.861324 0.48547 0.392152 0.377327 0.864962 0.662786 0.236172 0.203278 0.756266 0.817952 0.344197 0.105527 0.874434 0.105894 0.477434 0.10053 0.0711097 0.00224822 0.263943 0.241682 0.430483 0.657481 0.0516493 0.032009 0.021503 0.164877 0.673288 0.14286 0.954734 0.32714 0.110195 
0.111336 0.28102 0.555541 0.583612 0.344726 0.415129 0.23906 0.357801 0.997812 0.677283 0.0733242 0.0570691 0.590612 0.762355 0.485314 0.850629 0.371658 0.720028 0.961498 0.0791466 0.892764 0.564266 0.84969 0.0618821 0.0215607 0.215684 0.0731087 0.104843 0.767983 0.682922 0.749119 0.00311034 0.334524 0.71655 0.426339 0.215988 0.243979 0.516437 0.967384 0.750093 0.529392 0.689213 0.392359 0.251718 0.520489 0.0123159 0.892685 0.485091 0.71394 0.496836 0.0297421 0.253737 0.976456 0.971579 0.210481 0.611024 0.544074 0.8156 0.176714 0.810862 0.141629 0.00475524 0.309006 0.0239337 
0.965911 0.164668 0.274206 0.443761 0.528858 0.191367 0.632361 0.113365 0.821697 0.57577 0.807103 0.196357 0.117866 0.736509 0.820617 0.492619 0.565999 0.0843338 0.117813 0.472171 0.581511 0.023154 0.108244 0.421069 0.427598 0.215793 0.678724 0.970411 0.178783 0.173518 0.0779192 0.234945 0.109239 0.969924 0.0413342 0.831887 0.936471 0.330842 0.392398 0.943729 0.747216 0.0755302 0.694246 0.180922 0.653602 0.0997328 0.786052 0.323414 0.880241 0.840765 0.724664 0.932685 0.405345 0.211304 0.87436 0.615299 0.241283 0.138625 0.35966 0.131501 0.367142 0.601519 0.499798 0.405029 
0.430348 0.965369 0.722164 0.7589 0.457445 0.96207 0.892109 0.237516 0.662982 0.457618 0.373303 0.432404 0.823784 0.00971172 0.532763 0.29414 0.662914 0.196908 0.410713 0.535639 0.794855 0.623392 0.455394 0.491706 0.926863 0.248487 0.72569 0.21599 0.700056 0.25779 0.687011 0.677947 0.159152 0.0816568 0.358668 0.957724 0.697281 0.750623 0.817741 0.239049 0.302007 0.640825 0.632346 0.900672 0.0644335 0.704671 0.818071 0.591447 0.497944 0.18254 0.110179 0.209702 0.926521 0.246799 0.420386 0.317361 0.723851 0.747967 0.0723042 0.0813158 0.320638 0.158637 0.449111 0.243235 
0.380587 0.517559 0.992779 0.542848 0.529867 0.944264 0.291684 0.12127 0.806391 0.568488 0.828413 0.515195 0.520929 0.735502 0.93855 0.421935 0.072011 0.241455 0.0932296 0.947386 0.784902 0.0365323 0.860888 0.98168 0.228817 0.306823 0.725892 0.27067 0.102326 0.28219 0.608445 0.165403 0.125953 0.253906 0.836034 0.396233 0.788168 0.797515 0.659302 0.579017 0.508599 0.547798 0.240799 0.651716 0.919075 0.450762 0.47905 0.0374171 0.445712 0.158176 0.655952 0.454176 0.630897 0.558826 0.544018 0.367753 0.766592 0.510473 0.684983 0.598667 0.231207 0.741705 0.815289 0.900355 
0.0796969 0.102257 0.530515 0.203677 0.985995 0.0736382 0.544724 0.452999 0.803197 0.225472 0.506452 0.442454 0.420603 0.826074 0.971378 0.779325 0.266212 0.563562 0.893459 0.267269 0.91844 0.608412 0.639354 0.471099 0.251182 0.723872 0.411139 0.0560354 0.917485 0.253489 0.0303019 0.749499 0.820828 0.374333 0.126973 0.0853417 0.0582579 0.889744 0.877003 0.976397 0.374973 0.549412 0.411802 0.120514 0.0771117 0.466515 0.0500968 0.560282 0.444785 0.937676 0.851742 0.962237 0.616006 0.318038 0.0848821 0.368814 0.765422 0.353033 0.0926162 0.639354 0.857577 0.208739 0.746296 0.922726 
0.30376 0.797636 0.096982 0.0518374 0.324997 0.56468 0.259493 0.69456 0.866068 0.0722888 0.109673 0.562758 0.595866 0.695705 0.898843 0.861168 0.859779 0.813755 0.992289 0.586391 0.341153 0.571225 0.778236 0.652929 0.0759546 0.606986 0.0903401 0.419726 0.470533 0.480459 0.292271 0.314796 0.0903854 0.635126 0.811249 0.289019 0.635715 0.365982 0.742418 0.475566 0.464727 0.216728 0.39876 0.59257 0.860988 0.217294 0.687858 0.845968 0.623539 0.657247 0.953222 0.489036 0.714676 0.765479 0.676073 0.235148 0.219375 0.718728 0.91354 0.321906 0.348907 0.517875 0.577818 0.233974 
0.538478 0.846627 0.443414 0.196766 0.779858 0.746304 0.953264 0.625006 0.879121 0.786254 0.401352 0.169318 0.133239 0.19285 0.877526 0.248039 0.585992 0.183464 0.99645 0.423839 0.387889 0.158232 0.687782 0.329631 0.766348 0.136397 0.0377231 0.0679633 0.984804 0.723674 0.457206 0.489339 0.0179536 0.536313 0.226231 0.835871 0.0914675 0.443275 0.189085 0.715261 0.732091 0.772826 0.670419 0.92993 0.155481 0.889847 0.886389 0.846317 0.58793 0.153988 0.79624 0.671732 0.364468 0.738902 0.482658 0.313645 0.126868 0.713381 0.93516 0.333224 0.454483 0.693422 0.824812 0.0947622 
0.989005 0.746412 0.892159 0.10371 0.419032 0.69835 0.231578 0.698278 0.348027 0.238936 0.776218 0.848799 0.661693 0.352531 0.648204 0.329167 0.939467 0.0762999 0.161761 0.0342509 0.0961 0.712248 0.574555 0.932457 0.518491 0.0988119 0.686385 0.569705 0.111261 0.0259426 0.614405 0.932273 0.980166 0.229092 0.442305 0.769727 0.206865 0.67332 0.62722 0.329724 0.645004 0.38666 0.0654656 0.792425 0.539999 0.915747 0.308631 0.893533 0.209239 0.348538 0.962383 0.0153954 0.407657 0.481493 0.168964 0.700494 0.742755 0.0936807 0.740731 0.270697 0.472617 0.242523 0.463418 0.908431 
0.546261 0.822578 0.0397421 0.810176 0.589989 0.901297 0.316084 0.852301 0.44475 0.928388 0.424042 0.376247 0.176411 0.860964 0.296299 0.852592 0.155821 0.0391092 0.68328 0.847648 0.357685 0.366886 0.129364 0.860538 0.523038 0.0577992 0.433104 0.176236 0.295565 0.716812 0.893437 0.717223 0.506239 0.957604 0.881376 0.448047 0.831211 0.678306 0.396782 0.805387 0.232311 0.597307 0.136838 0.726602 0.675029 0.388439 0.637062 0.405822 0.442749 0.786245 0.410169 0.0130203 0.314441 0.971852 0.628703 0.944899 0.596756 0.248984 0.468803 0.474681 0.444591 0.950601 0.987673 0.347395 
0.130379 0.073116 0.91398 0.681605 0.557889 0.625096 0.629443 0.802495 0.938808 0.366397 0.161487 0.230625 0.892469 0.361058 0.032561 0.866966 0.685354 0.57586 0.267375 0.586592 0.341796 0.900674 0.991801 0.730244 0.830011 0.00853663 0.284946 0.650278 0.769961 0.946911 0.385207 0.981928 0.267412 0.425169 0.855193 0.800492 0.933148 0.98555 0.15464 0.33566 0.202606 0.875738 0.599272 0.245739 0.725859 0.00528446 0.755493 0.87921 0.329966 0.271047 0.918933 0.124004 0.0730177 0.46322 0.478261 0.615241 0.0639835 0.651287 0.13967 0.216854 0.00785096 0.575748 0.459106 0.621943 
0.116188 0.0972222 0.771349 0.685793 0.0332413 0.0633365 0.901231 0.767141 0.928174 0.349533 0.471718 0.953578 0.37905 0.89428 0.457358 0.338601 0.0262465 0.272854 0.428582 0.246245 0.248035 0.622692 0.541904 0.0456137 0.951353 0.106311 0.975994 0.628212 0.852537 0.141295 0.800502 0.954748 0.536321 0.263686 0.118289 0.688663 0.716145 0.671017 0.86392 0.954519 0.579827 0.789471 0.0855295 0.945612 0.174356 0.348145 0.560105 0.256495 0.133619 0.938923 0.941891 0.845119 0.907785 0.0458052 0.156909 0.182025 0.766026 0.200587 0.0935288 0.451599 0.456178 0.686811 0.068966 0.242017 
0.792292 0.913182 0.227339 0.0780129 0.15428 0.256289 0.127727 0.768748 0.0204506 0.54141 0.383765 0.0714372 0.120106 0.994087 0.441863 0.0308743 0.011397 0.731944 0.441231 0.246488 0.751524 0.629004 0.331093 0.538685 0.410692 0.600481 0.10046 0.765224 0.284881 0.3237 0.893692 0.443663 0.0458946 0.756806 0.239247 0.952129 0.270086 0.654635 0.0475749 0.593814 0.309436 0.65404 0.196225 0.386496 0.228698 0.810903 0.838903 0.866599 0.126004 0.56077 0.088178 0.356069 0.475457 0.366952 0.199069 0.861987 0.096564 0.131123 0.897983 0.585144 0.66916 0.217524 0.901036 0.821045 
0.47169 0.330176 0.130648 0.811227 0.818533 0.673923 0.245514 0.63131 0.00293627 0.615665 0.00393578 0.113369 0.596325 0.896337 0.551197 0.844516 0.58582 0.740795 0.343585 0.773106 0.94412 0.483053 0.729781 0.746239 0.600922 0.27942 0.98352 0.0460519 0.163597 0.166513 0.683229 0.966892 0.00741745 0.354358 0.386347 0.645866 0.352355 0.351157 0.432395 0.762029 0.565288 0.372932 0.265677 0.781016 0.466986 0.138632 0.704202 0.488197 0.610051 0.600607 0.334052 0.196837 0.457972 0.366807 0.226542 0.162126 0.768335 0.426295 0.176568 0.513079 0.886539 0.486458 0.401537 0.825118 
0.512994 0.180863 0.833804 0.243744 0.837 0.485867 0.111121 0.852901 0.522902 0.306925 0.895997 0.871694 0.194792 0.840191 0.736197 0.280171 0.421619 0.856891 0.980317 0.846212 0.169711 0.996592 0.120954 0.219814 0.19763 0.925194 0.901097 0.425902 0.115144 0.144003 0.384816 0.605684 0.865269 0.303955 0.138942 0.828061 0.259603 0.198201 0.446779 0.850256 0.400216 0.20471 0.34811 0.941251 0.272392 0.922031 0.863729 0.444976 0.285522 0.00671006 0.959402 0.066915 0.302297 0.453619 0.495961 0.991208 0.432535 0.655854 0.441928 0.117432 0.555591 0.997616 0.412738 0.397117 
0.503481 0.412472 0.360256 0.984671 0.551627 0.812586 0.632264 0.023848 0.818552 0.470064 0.00368407 0.366274 0.191517 0.115592 0.209164 0.436539 0.584239 0.94294 0.980372 0.157264 0.635451 0.442383 0.463765 0.0425415 0.191477 0.652999 0.748523 0.974349 0.704705 0.960711 0.602213 0.842211 0.388669 0.491019 0.351625 0.960137 0.0135097 0.572965 0.587821 0.186176 0.175508 0.654579 0.695623 0.47923 0.752334 0.817551 0.152174 0.947379 0.13532 0.846778 0.756941 0.468397 0.585846 0.48602 0.564271 0.699361 0.923154 0.747359 0.737958 0.01404 0.0639352 0.493182 0.830789 0.311541 
0.506331 0.96179 0.978218 0.946949 0.707367 0.48435 0.931454 0.922745 0.792976 0.573628 0.604418 0.244707 0.638465 0.614913 0.987369 0.61931 0.198625 0.411017 0.795314 0.947712 0.887529 0.174192 0.500581 0.840221 0.256107 0.236088 0.420906 0.167855 0.0965114 0.903257 0.179162 0.190222 0.670017 0.89341 0.519339 0.0244582 0.896096 0.216964 0.72943 0.197096 0.621063 0.221269 0.321696 0.706721 0.619541 0.959144 0.749968 0.194777 0.719836 0.393864 0.338719 0.924487 0.590879 0.353289 0.304923 0.202751 0.950952 0.0277685 0.66789 0.559665 0.279681 0.703184 0.214014 0.896395 
0.425637 0.994888 0.49326 0.713814 0.124196 0.408433 0.454096 0.0802799 0.495892 0.811436 0.39186 0.775989 0.343689 0.843961 0.214859 0.378538 0.252708 0.543161 0.369091 0.407417 0.309388 0.750374 0.122573 0.70532 0.440676 0.356183 0.513765 0.47112 0.8588 0.205961 0.546585 0.851301 0.588976 0.762703 0.510351 0.252419 0.825837 0.441619 0.36091 0.682804 0.368897 0.945636 0.916305 0.758429 0.790616 0.625536 0.47513 0.255878 0.329718 0.891867 0.739892 0.325918 0.822239 0.0323158 0.360836 0.326297 0.362713 0.233334 0.298582 0.958108 0.22782 0.113793 0.326621 0.416022 
0.764596 0.758746 0.250738 0.229676 0.131416 0.412176 0.776083 0.0741711 0.672387 0.319213 0.606956 0.176901 0.389189 0.0255137 0.788423 0.486172 0.462614 0.200654 0.428704 0.47578 0.0832248 0.39016 0.43952 0.668382 0.375776 0.438653 0.785591 0.6596 0.727189 0.918877 0.904381 0.114413 0.0237246 0.129037 0.627567 0.0253384 0.910702 0.805243 0.479217 0.44862 0.50056 0.212151 0.67112 0.15508 0.712198 0.926722 0.432862 0.617055 0.945038 0.0497135 0.684677 0.000373521 0.767957 0.521031 0.255224 0.912834 0.323985 0.12549 0.842494 0.343561 0.31136 0.984195 0.39824 0.997568 
0.0656978 0.729438 0.550792 0.990832 0.291316 0.826264 0.823972 0.860917 0.891727 0.83745 0.600027 0.110906 0.405918 0.900013 0.142719 0.648378 0.800002 0.6209 0.393842 0.405374 0.0950167 0.794634 0.129506 0.40043 0.60068 0.87384 0.332342 0.875285 0.151744 0.339853 0.940945 0.577708 0.318251 0.766894 0.729044 0.917517 0.847556 0.777852 0.290205 0.358151 0.978613 0.608056 0.522285 0.913442 0.749977 0.729533 0.415134 0.754902 0.326136 0.512791 0.230416 0.350815 0.832901 0.880821 0.528147 0.00264073 0.446511 0.56344 0.708602 0.100075 0.386866 0.643435 0.480232 0.591645 
0.866822 0.454699 0.58245 0.0823302 0.203724 0.622873 0.555885 0.905914 0.156698 0.519721 0.60282 0.366649 0.989647 0.475377 0.730131 0.025521 0.111068 0.853951 0.517548 0.708581 0.0841403 0.706245 0.60373 0.676329 0.457805 0.62921 0.558825 0.613277 0.950671 0.617014 0.38536 0.55587 0.732796 0.707965 0.750736 0.583148 0.489912 0.419721 0.42929 0.14642 0.936963 0.225528 0.23887 0.678709 0.612653 0.296213 0.120445 0.673511 0.846769 0.931544 0.86827 0.947619 0.939922 0.931742 0.703407 0.581403 0.609451 0.0850822 0.85665 0.263233 0.255416 0.646859 0.332127 0.395155 
0.903684 0.518598 0.086481 0.78198 0.467363 0.337924 0.415555 0.0415504 0.043441 0.490977 0.292429 0.542805 0.572847 0.151068 0.433255 0.953423 0.0875342 0.0110887 0.30731 0.922433 0.582595 0.892039 0.685302 0.809308 0.475767 0.582226 0.429253 0.575649 0.396516 0.721862 0.660083 0.18622 0.412056 0.202771 0.290768 0.085038 0.950146 0.0230472 0.115078 0.115712 0.779428 0.23137 0.681549 0.494925 0.630504 0.468943 0.313993 0.533121 0.357473 0.0076185 0.0374969 0.0873379 0.176828 0.538751 0.00477995 0.835603 0.973412 0.704884 0.928191 0.433644 0.118232 0.704516 0.534653 0.0696731 
0.185789 0.353541 0.645552 0.0592788 0.34787 0.5624 0.46235 0.427584 0.213754 0.154607 0.816851 0.962621 0.563686 0.327667 0.714506 0.324191 0.325696 0.843838 0.933601 0.370399 0.969879 0.415683 0.877816 0.28866 0.643037 0.473604 0.63547 0.42626 0.0722848 0.994579 0.989346 0.455515 0.56247 0.514509 0.540618 0.25444 0.452353 0.00886716 0.793108 0.736791 0.973713 0.468187 0.82078 0.756636 0.512045 0.538767 0.77274 0.143517 0.285435 0.523878 0.327435 0.727565 0.882234 0.925168 0.605221 0.24748 0.95535 0.253162 0.403979 0.272326 0.221378 0.383625 0.438797 0.987335 
0.265953 0.314521 0.343477 0.474977 0.841415 0.604937 0.595014 0.32475 0.971456 0.970039 0.863345 0.987703 0.639361 0.502074 0.923028 0.222448 0.207926 0.214433 0.142868 0.828948 0.732735 0.305177 0.0912084 0.709819 0.892528 0.218985 0.402015 0.843081 0.891647 0.467772 0.0318421 0.589876 0.299935 0.386817 0.0723048 0.330228 0.183936 0.277544 0.625517 0.765287 0.455361 0.0807655 0.348908 0.693795 0.579483 0.475672 0.442068 0.91289 0.590796 0.277278 0.913104 0.157953 0.823603 0.35696 0.190488 0.611109 0.320334 0.473998 0.675311 0.200403 0.315726 0.00411284 0.831771 0.911602 
0.74158 0.188761 0.222852 0.149746 0.86506 0.915763 0.827397 0.471943 0.402217 0.647562 0.988725 0.308005 0.299899 0.0752955 0.0859445 0.716035 0.0250541 0.595767 0.0510053 0.00819946 0.794135 0.500056 0.581049 0.641209 0.305567 0.658866 0.319508 0.662839 0.66221 0.157716 0.291677 0.874012 0.986507 0.154285 0.14942 0.699601 0.669027 0.66421 0.385972 0.126288 0.129157 0.0109711 0.635721 0.134795 0.368402 0.0917783 0.113296 0.581762 0.643057 0.180892 0.0698312 0.198372 0.29606 0.373916 0.954433 0.335615 0.931399 0.306173 0.720315 0.0103984 0.321901 0.687635 0.94006 0.677503 
0.970491 0.830407 0.0742269 0.917181 0.248192 0.770583 0.557432 0.459608 0.40625 0.321668 0.416549 0.336745 0.218197 0.546769 0.199454 0.577019 0.644177 0.599479 0.724832 0.840293 0.659841 0.746918 0.424722 0.71794 0.998791 0.256899 0.20007 0.85432 0.0368001 0.033252 0.803962 0.631489 0.769011 0.847969 0.990571 0.95299 0.590907 0.615038 0.525063 0.724951 0.565228 0.0181182 0.155394 0.470418 0.931124 0.0921255 0.971161 0.777429 0.534683 0.353649 0.676149 0.0687975 0.395718 0.543748 0.407775 0.200597 0.0578291 0.531172 0.766663 0.521233 0.672257 0.989391 0.55606 0.66704 
0.625941 0.78435 0.951856 0.597656 0.807047 0.031152 0.396215 0.350918 0.590606 0.0234394 0.452004 0.31783 0.661018 0.624783 0.892299 0.404469 0.0526335 0.989803 0.902817 0.544093 0.585529 0.665825 0.655023 0.457947 0.384669 0.148858 0.00961231 0.67972 0.433605 0.517883 0.11612 0.652485 0.476498 0.246823 0.819006 0.379346 0.544785 0.823817 0.670108 0.961263 0.946825 0.554351 0.557898 0.447401 0.842072 0.389293 0.261197 0.68324 0.562225 0.922802 0.295055 0.104626 0.230535 0.132536 0.824077 0.0968108 0.350599 0.826774 0.918128 0.648813 0.297114 0.534733 0.259822 0.124348 
0.751415 0.804402 0.356574 0.706394 0.322886 0.722089 0.934113 0.406394 0.978011 0.981754 0.758565 0.244302 0.975816 0.967873 0.738323 0.0854409 0.16037 0.081598 0.909142 0.486528 0.988547 0.177832 0.211533 0.370781 0.429061 0.330013 0.919897 0.336484 0.47951 0.632449 0.260327 0.253817 0.636507 0.720723 0.0336431 0.646538 0.159382 0.178733 0.557188 0.645099 0.465411 0.328 0.82957 0.26879 0.83604 0.935501 0.272289 0.428929 0.971561 0.983662 0.730066 0.389081 0.325887 0.735584 0.107589 0.709573 0.692384 0.0803316 0.733433 0.660288 0.0430535 0.284542 0.222555 0.653488 
0.965846 0.719209 0.412212 0.304411 0.523928 0.655599 0.99899 0.671156 0.734136 0.0270524 0.782646 0.666384 0.892507 0.770646 0.495944 0.254183 0.820916 0.640298 0.0888729 0.445842 0.346811 0.374512 0.245615 0.133125 0.104726 0.0594778 0.40069 0.27959 0.768155 0.908967 0.239077 0.213809 0.71632 0.840248 0.26226 0.725856 0.223365 0.532214 0.547734 0.80185 0.0136116 0.354371 0.906593 0.681289 0.530372 0.199732 0.353272 0.0405333 0.20703 0.786097 0.834168 0.505125 0.459198 0.321755 0.500373 0.48267 0.609689 0.0915115 0.555526 0.43563 0.246098 0.365136 0.764632 0.0790653 
