20.5725 0110001000010110010100100001000100110101000011110101101111101000011011111110000101111011110001010110
77.656 0110111001001100101110000010010011001110101011001100110101010001101011001001001110011010111111100011
0.81358 0.591355 0.110986 0.818612 0.926643 0.024953 0.822298 0.719925 0.212109 0.872429 0.0324955 0.502017 0.550883 0.984445 0.422391 0.833544 0.705917 0.774646 0.116599 0.363664 0.82343 0.259154 0.0874013 0.963 0.273671 0.228017 0.477655 0.346195 0.370335 0.728315 0.350515 0.593258 0.821086 0.857222 0.588782 0.826673 0.694774 0.326034 0.133697 0.843663 0.664041 0.73304 0.588909 0.163998 0.483529 0.72926 0.782492 0.257716 0.148308 0.0522912 0.340001 0.214717 0.766476 0.463711 0.925797 0.338347 0.105344 0.869349 0.816981 0.21731 0.309768 0.622851 0.538897 0.910825 
0.280973 0.597644 0.174588 0.66153 0.551845 0.327778 0.471194 0.0645885 0.612864 0.774974 0.96417 0.995227 0.352041 0.604833 0.69715 0.233139 0.148287 0.0529411 0.939605 0.145741 0.617528 0.372483 0.655098 0.285163 0.471689 0.0483519 0.649667 0.687917 0.958871 0.109685 0.806637 0.12104 0.84157 0.19867 0.915936 0.514962 0.77584 0.629933 0.214481 0.428529 0.918602 0.691754 0.676801 0.728896 0.0857632 0.650734 0.609049 0.324086 0.168088 0.296636 0.00109263 0.248664 0.687559 0.196587 0.849741 0.856636 0.707087 0.537465 0.0246047 0.659451 0.893183 0.224079 0.659513 0.634531 
0.803653 0.994715 0.0316863 0.480214 0.691075 0.362741 0.177432 0.109237 0.0535395 0.539798 0.641607 0.951025 0.000588097 0.967177 0.275841 0.025476 0.201563 0.615052 0.713716 0.986245 0.458236 0.726585 0.916104 0.35432 0.18209 0.706086 0.552419 0.997189 0.0250664 0.954691 0.890719 0.539537 0.584467 0.616047 0.307414 0.618427 0.775139 0.943365 0.0837314 0.00386124 0.200275 0.470278 0.113732 0.516086 0.0664475 0.0838569 0.733604 0.481862 0.961237 0.752459 0.280206 0.946224 0.981746 0.261545 0.51644 0.317456 0.903861 0.525887 0.372683 0.738861 0.0112855 0.360974 0.532815 0.493828 
0.0680981 0.474882 0.616536 0.675004 0.265902 0.13801 0.884568 0.783852 0.297965 0.545677 0.862453 0.971768 0.420206 0.998427 0.369563 0.218722 0.211642 0.565254 0.129604 0.727593 0.971259 0.933395 0.172087 0.615754 0.534199 0.725049 0.709039 0.588885 0.664569 0.418329 0.860634 0.787958 0.601285 0.780264 0.251341 0.129102 0.191009 0.141749 0.202173 0.0251159 0.917214 0.584898 0.376912 0.958583 0.801792 0.626135 0.695961 0.837852 0.874266 0.257321 0.7402 0.69789 0.967999 0.427146 0.770103 0.00716661 0.730326 0.41673 0.85799 0.805231 0.643337 0.247951 0.221511 0.285809 
0.329568 0.0893199 0.443222 0.318015 0.8618 0.286958 0.0576628 0.9051 0.262847 0.946548 0.26234 0.890881 0.134423 0.720102 0.11154 0.247554 0.557094 0.64605 0.641053 0.859073 0.417377 0.858854 0.250163 0.603755 0.00691592 0.220928 0.134162 0.390564 0.583074 0.0707988 0.602442 0.157916 0.850248 0.0771515 0.101038 0.210283 0.633976 0.44426 0.615417 0.698377 0.738295 0.193057 0.587681 0.618715 0.216585 0.634177 0.47575 0.697685 0.0530787 0.532694 0.559379 0.810994 0.872884 0.328878 0.965836 0.0395623 0.031358 0.62591 0.234332 0.775878 0.255976 0.733218 0.271785 0.165758 
0.29998 0.943704 0.4648 0.25181 0.710854 0.62748 0.523087 0.644704 0.738075 0.664133 0.265232 0.215507 0.115676 0.557305 0.754473 0.741121 0.0676026 0.713231 0.137071 0.906062 0.321482 0.579683 0.740408 0.649979 0.965172 0.656015 0.484213 0.641529 0.637631 0.2274 0.376957 0.800249 0.696329 0.845089 0.511724 0.693675 0.25109 0.00630763 0.443002 0.720854 0.354791 0.0753151 0.816819 0.752279 0.960486 0.81237 0.286708 0.966323 0.590206 0.653215 0.910438 0.978476 0.00583299 0.558006 0.786638 0.151355 0.779686 0.367075 0.125101 0.671147 0.737061 0.382709 0.719354 0.788559 
0.51698 0.245248 0.695757 0.173874 0.330622 0.972235 0.248377 0.553501 0.285969 0.700281 0.608611 0.630372 0.625025 0.416668 0.919386 0.0430159 0.576995 0.632453 0.582156 0.296932 0.505766 0.112744 0.289499 0.231772 0.212608 0.053881 0.699587 0.639331 0.901143 0.797628 0.684058 0.726911 0.941526 0.0232103 0.376056 0.90725 0.861416 0.72537 0.323266 0.45017 0.783552 0.421063 0.0477412 0.985415 0.538839 0.523938 0.326279 0.364961 0.987473 0.119447 0.888433 0.791988 0.915131 0.96549 0.759157 0.513938 0.393921 0.418398 0.403255 0.398043 0.763576 0.872255 0.942574 0.26678 
0.700682 0.0438853 0.470574 0.136501 0.238294 0.858079 0.383596 0.713894 0.661248 0.639673 0.414778 0.179103 0.965363 0.580196 0.931198 0.873476 0.936563 0.866834 0.189253 0.720679 0.980294 0.90128 0.99263 0.14334 0.446663 0.661545 0.321476 0.806085 0.143325 0.476744 0.682131 0.189418 0.401061 0.224666 0.78279 0.238697 0.805005 0.678348 0.0977088 0.618011 0.789051 0.225126 0.721841 0.500407 0.596234 0.280794 0.595502 0.72969 0.0685094 0.744061 0.0197489 0.486646 0.287105 0.836577 0.350938 0.0581385 0.257656 0.224825 0.742007 0.149119 0.119887 0.620204 0.0549328 0.940377 
0.128187 0.16306 0.0828075 0.314974 0.720287 0.319081 0.827313 0.0606882 0.264267 0.0681722 0.561446 0.293271 0.595377 0.00437213 0.524217 0.277132 0.821587 0.0188424 0.186122 0.899697 0.477908 0.0491188 0.0975424 0.341296 0.333578 0.0626059 0.91738 0.177952 0.473156 0.517197 0.827648 0.309822 0.0770662 0.362444 0.876154 0.830294 0.385786 0.659584 0.754895 0.654957 0.467132 0.503446 0.405756 0.663173 0.237416 0.0585807 0.769096 0.879891 0.168551 0.0397283 0.345864 0.819372 0.0448515 0.352153 0.257525 0.00157957 0.34552 0.88731 0.167285 0.668523 0.23511 0.894654 0.626304 0.127304 
0.371082 0.510422 0.2119 0.727689 0.92432 0.0250926 0.324281 0.590774 0.967383 0.0183971 0.191126 0.0995173 0.0210991 0.967382 0.803902 0.586637 0.975928 0.918981 0.497896 0.424369 0.251547 0.44768 0.624618 0.898134 0.97487 0.15776 0.19651 0.192962 0.756521 0.657056 0.718249 0.649599 0.825567 0.136451 0.289378 0.0988804 0.732269 0.267385 0.847854 0.10171 0.667363 0.592687 0.596337 0.314773 0.519665 0.717942 0.596918 0.24783 0.840321 0.650614 0.54611 0.0758289 0.565997 0.944472 0.486702 0.677684 0.138346 0.118595 0.00508089 0.358304 0.59618 0.430036 0.858814 0.109715 
0.351074 0.225546 0.855417 0.337477 0.0740836 0.0171932 0.451674 0.5853 0.52384 0.379825 0.945769 0.904793 0.40105 0.821846 0.201018 0.378551 0.198469 0.380491 0.188407 0.589865 0.070944 0.795889 0.361806 0.608236 0.377438 0.209768 0.460098 0.877481 0.607021 0.473209 0.551219 0.330655 0.746684 0.882389 0.221711 0.914696 0.528272 0.0686076 0.55144 0.892861 0.858542 0.534423 0.726257 0.207443 0.547196 0.545441 0.583297 0.0294737 0.436494 0.433584 0.913617 0.22134 0.480675 0.738732 0.409522 0.755928 0.475605 0.852663 0.989019 0.363405 0.464111 0.818801 0.47435 0.873948 
0.230984 0.587641 0.903035 0.19981 0.452429 0.274169 0.324381 0.459268 0.291217 0.174238 0.697078 0.312149 0.314893 0.759632 0.388964 0.781045 0.336753 0.0671589 0.0342782 0.928107 0.0209605 0.901798 0.374547 0.752397 0.770886 0.931749 0.139756 0.637084 0.0559676 0.833055 0.830273 0.0833404 0.987376 0.595005 0.043231 0.798794 0.139903 0.151278 0.405784 0.709008 0.310331 0.42707 0.581212 0.406071 0.00794045 0.223197 0.000834881 0.216596 0.740666 0.605205 0.965017 0.936315 0.764631 0.196353 0.967219 0.240548 0.0293047 0.726805 0.885838 0.32491 0.484017 0.38889 0.330062 0.18553 
0.862726 0.216786 0.522256 0.62134 0.602049 0.130268 0.221579 0.730173 0.246266 0.498911 0.45556 0.996337 0.558169 0.15818 0.129354 0.949078 0.499796 0.382025 0.101485 0.0263536 0.393775 0.275674 0.900435 0.618218 0.0801838 0.206262 0.752621 0.362733 0.652015 0.172443 0.249361 0.736953 0.913567 0.687769 0.928707 0.516524 0.697389 0.19713 0.203461 0.888844 0.449731 0.412034 0.477443 0.670659 0.280068 0.431996 0.604193 0.716892 0.0373269 0.120143 0.944795 0.349885 0.216482 0.216306 0.85017 0.726423 0.347764 0.474612 0.406479 0.392339 0.927509 0.130455 0.792634 0.758695 
0.341528 0.291401 0.959882 0.486116 0.684264 0.790083 0.966797 0.68352 0.14959 0.232787 0.123291 0.75668 0.905327 0.317781 0.913817 0.47801 0.791802 0.69515 0.740845 0.70182 0.525153 0.820906 0.648182 0.741403 0.578156 0.600166 0.311038 0.332152 0.575623 0.51165 0.631039 0.218481 0.435508 0.876821 0.433787 0.671443 0.294092 0.969224 0.767219 0.677592 0.0415832 0.692899 0.248581 0.767131 0.677208 0.780977 0.475437 0.999504 0.622399 0.368525 0.242511 0.319968 0.501165 0.444253 0.963247 0.814194 0.361534 0.0940539 0.446135 0.129905 0.806066 0.96458 0.75125 0.742892 
0.804142 0.196283 0.342336 0.129033 0.491692 0.556302 0.043141 0.848217 0.721143 0.391279 0.722066 0.590091 0.768379 0.533418 0.101919 0.859154 0.300415 0.431396 0.234925 0.438303 0.0760552 0.484593 0.0246567 0.527351 0.880792 0.738606 0.0899066 0.27882 0.260832 0.3513 0.026604 0.565131 0.735525 0.277147 0.565034 0.58866 0.753988 0.180355 0.832092 0.448696 0.381207 0.41182 0.716172 0.683788 0.13857 0.108459 0.283668 0.816313 0.433383 0.477309 0.987467 0.609264 0.220519 0.649244 0.844913 0.987787 0.349596 0.757724 0.105885 0.204992 0.914637 0.465382 0.137841 0.991586 
0.185587 0.0217853 0.559029 0.328556 0.539018 0.40631 0.428455 0.323453 0.190995 0.382724 0.155616 0.0592834 0.793959 0.114458 0.59262 0.665599 0.624137 0.349299 0.628945 0.289012 0.00376919 0.452927 0.337266 0.842188 0.650394 0.277119 0.916439 0.472744 0.647889 0.299714 0.141044 0.289116 0.864764 0.301224 0.21186 0.639326 0.36491 0.303881 0.508572 0.0256194 0.575931 0.880339 0.509284 0.253994 0.844831 0.823944 0.51699 0.00919576 0.569233 0.445852 0.652979 0.108747 0.586266 0.576529 0.80286 0.310924 0.402504 0.946522 0.0579743 0.957489 0.446063 0.775827 0.382009 0.693926 
0.288898 0.821789 0.11644 0.86222 0.086888 0.319887 0.775431 0.683241 0.442277 0.0811851 0.583829 0.0627684 0.169686 0.598246 0.633064 0.66002 0.5989 0.925056 0.670547 0.924836 0.0403297 0.183706 0.0297215 0.573411 0.617466 0.731957 0.897458 0.255787 0.842571 0.347742 0.738917 0.269479 0.757476 0.310953 0.485864 0.895337 0.156466 0.0947556 0.175248 0.642817 0.372957 0.915553 0.519386 0.283663 0.399494 0.658671 0.986434 0.235065 0.22963 0.868623 0.0740432 0.392377 0.145877 0.970601 0.0431736 0.581674 0.7409 0.209276 0.664339 0.50425 0.50912 0.191112 0.460052 0.25252 
0.809091 0.886048 0.211333 0.611457 0.846635 0.0418192 0.417911 0.0452848 0.717046 0.668769 0.798257 0.00693607 0.17442 0.25 0.142925 0.305754 0.529089 0.525899 0.354157 0.693088 0.797067 0.980329 0.438138 0.448384 0.412368 0.899092 0.0187414 0.313802 0.895142 0.592097 0.124623 0.146661 0.744645 0.522395 0.522631 0.333248 0.134649 0.394598 0.368483 0.254096 0.443858 0.122884 0.955719 0.613211 0.35205 0.757863 0.549246 0.139367 0.816922 0.284991 0.120377 0.315476 0.0888009 0.834318 0.526774 0.850203 0.171607 0.0177652 0.116667 0.822726 0.944441 0.589527 0.646022 0.434402 
0.0577047 0.73749 0.315353 0.378421 0.276708 0.304619 0.473837 0.896514 0.414559 0.641894 0.400145 0.154532 0.56389 0.219358 0.120804 0.701039 0.246626 0.192853 0.0637754 0.987498 0.3129 0.862901 0.406285 0.932295 0.345239 0.977871 0.180807 0.0804318 0.588354 0.230761 0.856771 0.755878 0.460078 0.2658 0.414324 0.366935 0.372742 0.0260694 0.994765 0.399992 0.694424 0.685921 0.635566 0.468167 0.953249 0.313682 0.69692 0.893046 0.569255 0.660583 0.626523 0.00939322 0.894376 0.161093 0.610794 0.181955 0.969281 0.120097 0.345759 0.610638 0.463521 0.0389053 0.444334 0.972119 
0.562858 0.927232 0.27219 0.298917 0.825929 0.0385907 0.00829279 0.285025 0.535587 0.34196 0.0727138 0.293004 0.274538 0.588835 0.220312 0.205043 0.385707 0.252818 0.31114 0.631066 0.469715 0.0407744 0.682432 0.356738 0.352071 0.938771 0.20821 0.206692 0.493757 0.813079 0.0909193 0.114977 0.0969358 0.621088 0.60244 0.726399 0.116849 0.805539 0.694752 0.171649 0.0623108 0.332118 0.490315 0.0352682 0.309122 0.786226 0.707805 0.351501 0.275893 0.642003 0.274605 0.368916 0.0148609 0.0570442 0.6134 0.587122 0.958591 0.394617 0.707941 0.13113 0.326034 0.907074 0.339565 0.557584 
0.181129 0.906559 0.217683 0.792941 0.96013 0.210385 0.680786 0.944353 0.0195996 0.638626 0.724618 0.725511 0.577235 0.505806 0.188147 0.246227 0.923832 0.862624 0.723114 0.554849 0.964586 0.994332 0.283159 0.577058 0.637405 0.574301 0.158771 0.710771 0.271436 0.0605156 0.527704 0.349469 0.962739 0.684173 0.12791 0.428981 0.75986 0.32738 0.608127 0.885019 0.151019 0.632802 0.300687 0.293397 0.39913 0.764428 0.0545253 0.258536 0.157594 0.542348 0.274121 0.995521 0.600367 0.0739817 0.760102 0.110007 0.359949 0.664196 0.975991 0.615203 0.235616 0.041236 0.854597 0.29629 
0.968162 0.810176 0.55247 0.458864 0.937626 0.753056 0.799207 0.516578 0.0974007 0.668606 0.560111 0.435995 0.142754 0.463477 0.426712 0.803386 0.634396 0.0201368 0.742444 0.974666 0.224333 0.985072 0.468757 0.520892 0.28256 0.490324 0.475924 0.204941 0.611022 0.741007 0.897512 0.93782 0.489706 0.323034 0.577123 0.858443 0.811299 0.977362 0.676787 0.269999 0.747602 0.472986 0.255563 0.750001 0.497927 0.149151 0.910849 0.108444 0.481699 0.010239 0.957333 0.337236 0.00356461 0.752174 0.303584 0.20072 0.727428 0.327835 0.706661 0.723263 0.902246 0.331753 0.77056 0.839929 
0.816186 0.572017 0.962493 0.145931 0.219217 0.640468 0.891872 0.317328 0.633766 0.125828 0.127623 0.615286 0.708925 0.897491 0.452792 0.162748 0.417206 0.511667 0.563283 0.704165 0.576083 0.57076 0.0906349 0.101476 0.418184 0.0124799 0.188818 0.239476 0.161814 0.29203 0.655214 0.584151 0.22603 0.00801735 0.62483 0.243965 0.366353 0.878582 0.339378 0.921942 0.979828 0.95902 0.573129 0.483082 0.600654 0.619857 0.539727 0.950833 0.195722 0.579256 0.773175 0.908062 0.807697 0.205715 0.21933 0.470284 0.428282 0.296636 0.545817 0.74753 0.168201 0.544628 0.354059 0.49619 
0.922027 0.982632 0.630876 0.388872 0.971156 0.378186 0.701938 0.90782 0.126081 0.567643 0.887755 0.686511 0.691636 0.135771 0.551097 0.502499 0.358183 0.983159 0.291622 0.220163 0.279365 0.967891 0.216274 0.435969 0.194203 0.840518 0.848894 0.0857622 0.330161 0.272596 0.0870705 0.697115 0.987782 0.760045 0.04 0.0205976 0.805853 0.505428 0.300669 0.636276 0.766495 0.636782 0.218628 0.881939 0.461434 0.694323 0.111969 0.677108 0.191984 0.982281 0.345602 0.391353 0.970002 0.171857 0.889991 0.516425 0.528343 0.062892 0.296035 0.776559 0.986098 0.0218229 0.732995 0.0542518 
0.754671 0.856806 0.991734 0.628411 0.332651 0.801901 0.123031 0.46881 0.839612 0.751414 0.0707706 0.752574 0.16364 0.150934 0.384484 0.815682 0.628846 0.0142878 0.870114 0.99655 0.185087 0.430437 0.713197 0.971352 0.132858 0.933916 0.904478 0.575727 0.0183417 0.416927 0.561432 0.831337 0.328637 0.458078 0.46098 0.931401 0.272009 0.958468 0.023487 0.996452 0.641122 0.487746 0.197862 0.58851 0.137349 0.329745 0.513448 0.547524 0.0192111 0.755614 0.950549 0.475529 0.88845 0.344368 0.496284 0.0526071 0.762755 0.308384 0.405152 0.754519 0.366887 0.173584 0.915846 0.380704 
0.147983 0.179743 0.667166 0.598916 0.361238 0.462683 0.774327 0.017509 0.00167592 0.217974 0.612689 0.796334 0.601032 0.744296 0.545827 0.073396 0.165966 0.539008 0.93494 0.260352 0.0376827 0.835357 0.900845 0.975425 0.328604 0.677618 0.649562 0.311027 0.650139 0.859783 0.623102 0.831914 0.243257 0.857168 0.987162 0.336309 0.497385 0.422158 0.610373 0.463143 0.445835 0.8143 0.116003 0.53791 0.225653 0.713787 0.471986 0.388599 0.232318 0.411057 0.849833 0.588371 0.76213 0.21465 0.866894 0.0641447 0.937908 0.158695 0.273676 0.399147 0.566294 0.567611 0.0988975 0.850106 
0.323355 0.693538 0.133202 0.879558 0.360419 0.35055 0.861709 0.444193 0.789606 0.324487 0.91662 0.961472 0.199719 0.860218 0.956491 0.42197 0.641061 0.015255 0.605963 0.56353 0.803 0.339652 0.637581 0.987936 0.971306 0.97768 0.741424 0.451802 0.86577 0.968606 0.798839 0.783966 0.568207 0.0163833 0.564468 0.711925 0.89607 0.878003 0.482688 0.102118 0.059876 0.163037 0.317733 0.633817 0.728374 0.33581 0.0923348 0.321915 0.153785 0.672105 0.174735 0.186396 0.347582 0.939173 0.541353 0.501362 0.198113 0.850143 0.60876 0.369494 0.77469 0.827102 0.0513414 0.931065 
0.548292 0.35837 0.764242 0.409494 0.482838 0.569602 0.848206 0.194401 0.993851 0.716481 0.144141 0.444934 0.465003 0.0416994 0.601185 0.216104 0.180313 0.207359 0.744538 0.680355 0.951516 0.629888 0.751153 0.357969 0.0369087 0.942128 0.876902 0.19001 0.412654 0.86235 0.402689 0.570954 0.392875 0.934652 0.177962 0.0300367 0.0879555 0.605197 0.564929 0.587306 0.657229 0.991985 0.656086 0.628081 0.576022 0.997959 0.196627 0.7306 0.698559 0.17958 0.464419 0.372669 0.234671 0.616254 0.794973 0.446444 0.239802 0.799316 0.614248 0.132071 0.754366 0.253089 0.31635 0.461665 
0.400167 0.79914 0.502674 0.301213 0.254526 0.970401 0.270905 0.772635 0.223899 0.352107 0.209974 0.193564 0.992692 0.518161 0.428527 0.215693 0.0103671 0.71779 0.0647428 0.749446 0.772979 0.748356 0.3167 0.627038 0.329804 0.0340798 0.373715 0.0939578 0.748852 0.630901 0.768922 0.85167 0.847779 0.843697 0.828924 0.151177 0.630423 0.220902 0.141588 0.774738 0.866744 0.100114 0.508216 0.0818611 0.21449 0.655045 0.189783 0.726864 0.746898 0.957154 0.191123 0.839865 0.155988 0.0251401 0.125151 0.165712 0.884714 0.145323 0.502169 0.256797 0.0467113 0.971213 0.131226 0.416695 
0.885344 0.0382364 0.949798 0.126507 0.845749 0.370268 0.847843 0.631507 0.278085 0.041882 0.346549 0.236396 0.521897 0.514209 0.776923 0.328872 0.270933 0.681978 0.135768 0.533157 0.0336064 0.871829 0.200245 0.00434741 0.0160199 0.597531 0.197446 0.335392 0.741834 0.282814 0.146681 0.352603 0.724777 0.15238 0.218078 0.658493 0.943435 0.422896 0.80168 0.306036 0.795162 0.431815 0.785897 0.681357 0.152877 0.80617 0.724417 0.264566 0.0939796 0.420268 0.854635 0.0748744 0.321109 0.0299965 0.223859 0.922347 0.600995 0.161618 0.297121 0.432857 0.78633 0.0451938 0.769456 0.0167578 
0.664558 0.108364 0.803661 0.512703 0.41697 0.09045 0.895698 0.832427 0.616994 0.529058 0.546243 0.663389 0.227351 0.513008 0.178071 0.937914 0.982231 0.369765 0.749265 0.533906 0.662153 0.949246 0.646429 0.185686 0.0647778 0.683455 0.232435 0.595607 0.912331 0.120443 0.13045 0.848007 0.836314 0.101187 0.241832 0.251075 0.518205 0.714053 0.433916 0.66638 0.550226 0.794921 0.438083 0.68802 0.752114 0.0340166 0.996562 0.125411 0.0402256 0.824212 0.90105 0.275939 0.175441 0.772217 0.855472 0.988504 0.905036 0.540772 0.650096 0.807711 0.438285 0.631024 0.640322 0.729392 
0.887023 0.825899 0.806693 0.7746 0.904456 0.958096 0.988793 0.893183 0.761942 0.281705 0.0309356 0.518812 0.271293 0.647985 0.472342 0.152094 0.992498 0.680878 0.779643 0.0755073 0.14542 0.788223 0.848178 0.00286897 0.6791 0.941177 0.403953 0.646028 0.656232 0.413691 0.160473 0.776471 0.47636 0.113769 0.731702 0.207281 0.0141681 0.948286 0.0203644 0.41708 0.449703 0.0551176 0.307749 0.0292671 0.348764 0.898044 0.289415 0.0126165 0.313719 0.388997 0.951793 0.95507 0.511661 0.248036 0.964015 0.470925 0.576504 0.568018 0.111239 0.508216 0.310234 0.516311 0.515714 0.273246 
0.991151 0.70548 0.275901 0.623619 0.843813 0.735977 0.26706 0.227705 0.899289 0.673225 0.432926 0.460581 0.914679 0.307557 0.719324 0.231122 0.386058 0.954923 0.379825 0.412861 0.448563 0.700356 0.67836 0.0380883 0.918029 0.34202 0.0900845 0.263149 0.137673 0.00494624 0.417397 0.594388 0.114 0.523209 0.657662 0.431515 0.609776 0.917973 0.313941 0.273542 0.622151 0.356688 0.670551 0.308943 0.83405 0.608779 0.599027 0.901501 0.177931 0.650778 0.551086 0.729274 0.922879 0.14157 0.414619 0.0710684 0.975093 0.389937 0.0787842 0.911419 0.438867 0.936794 0.836692 0.698603 
0.980822 0.846045 0.795867 0.531089 0.630366 0.184545 0.701931 0.648837 0.676328 0.835153 0.73476 0.280552 0.833782 0.0182146 0.705322 0.362956 0.467626 0.158532 0.534902 0.7448 0.0192109 0.538649 0.0986784 0.20164 0.262979 0.606849 0.0353464 0.351255 0.113438 0.805165 0.952227 0.168261 0.264046 0.886666 0.924934 0.967425 0.0019382 0.48584 0.501188 0.79628 0.769111 0.831727 0.860403 0.305845 0.0982078 0.0105135 0.0132161 0.907121 0.669626 0.876952 0.552021 0.790783 0.113913 0.451622 0.424721 0.825613 0.15944 0.184181 0.91866 0.211433 0.509272 0.836471 0.569936 0.620886 
0.329133 0.188634 0.152806 0.295207 0.853408 0.562634 0.435586 0.286751 0.863947 0.870672 0.504146 0.846991 0.387119 0.167862 0.736794 0.459087 0.268371 0.590589 0.14268 0.315257 0.970555 0.682453 0.512513 0.650482 0.294189 0.272015 0.334742 0.049154 0.720072 0.241639 0.915572 0.991773 0.0409585 0.536193 0.837364 0.267628 0.315986 0.546203 0.810005 0.80258 0.878156 0.180102 0.316895 0.506996 0.596762 0.93225 0.584522 0.0300121 0.494229 0.580083 0.561444 0.949937 0.404502 0.00904238 0.0712452 0.822524 0.309979 0.929931 0.935658 0.050103 0.932983 0.994073 0.383532 0.362612 
0.694798 0.450161 0.450344 0.163938 0.487676 0.334306 0.700296 0.325849 0.479494 0.431548 0.520898 0.228981 0.149109 0.129758 0.971885 0.105253 0.917263 0.706834 0.132616 0.485086 0.241012 0.39277 0.739714 0.335992 0.117495 0.205078 0.0312824 0.444472 0.429784 0.966794 0.466981 0.0118652 0.124166 0.999496 0.083369 0.565608 0.446869 0.605391 0.598167 0.393232 0.994044 0.886564 0.0404001 0.305829 0.507825 0.113566 0.755474 0.268956 0.718023 0.581589 0.711171 0.78277 0.578918 0.0732197 0.360866 0.806161 0.753978 0.847542 0.573818 0.510765 0.0332002 0.657304 0.304102 0.409025 
0.809463 0.35528 0.096758 0.352719 0.365833 0.515998 0.931849 0.961809 0.480875 0.131101 0.80472 0.582886 0.589958 0.175381 0.891734 0.46915 0.158572 0.90152 0.162186 0.394178 0.34505 0.41326 0.8805 0.681374 0.526995 0.656337 0.519735 0.638993 0.196573 0.587941 0.441455 0.386277 0.428363 0.857871 0.435432 0.208101 0.1076 0.159089 0.426881 0.548269 0.111739 0.876255 0.207776 0.399368 0.555083 0.312396 0.155462 0.663308 0.26467 0.638728 0.844504 0.484666 0.521202 0.25576 0.905798 0.959906 0.52655 0.594488 0.709561 0.623972 0.514885 0.111002 0.567068 0.282657 
0.0366275 0.859931 0.902782 0.411596 0.195877 0.37641 0.448394 0.83104 0.419347 0.843242 0.91751 0.570088 0.180141 0.14768 0.0219693 0.582165 0.641669 0.233414 0.964418 0.0224418 0.317151 0.375129 0.905963 0.561463 0.136413 0.809207 0.369883 0.0636646 0.448331 0.686486 0.25146 0.388791 0.267974 0.0222931 0.586037 0.552749 0.713925 0.0363171 0.482921 0.432661 0.0361145 0.632697 0.828306 0.337778 0.718674 0.104908 0.112401 0.285422 0.720048 0.392817 0.76036 0.473191 0.976519 0.750982 0.641995 0.95846 0.617532 0.213979 0.441212 0.771623 0.566482 0.440593 0.876947 0.828783 
0.238907 0.388629 0.273138 0.249893 0.210131 0.356016 0.374575 0.754423 0.811453 0.403913 0.256962 0.262181 0.319727 0.27353 0.604932 0.894832 0.248138 0.279001 0.396337 0.34144 0.527265 0.659409 0.738264 0.469972 0.582911 0.0338772 0.833004 0.498709 0.687294 0.591902 0.0844491 0.130169 0.352561 0.196544 0.338021 0.206292 0.0740393 0.762488 0.312828 0.518811 0.0909155 0.471645 0.889689 0.599205 0.840143 0.981225 0.0672449 0.908792 0.74075 0.500215 0.896379 0.930495 0.766546 0.805766 0.731768 0.759395 0.386259 0.737648 0.0730604 0.501084 0.986724 0.994837 0.292275 0.836212 
0.717424 0.729714 0.771565 0.31334 0.995531 0.125605 0.42314 0.269147 0.964002 0.437674 0.0300039 0.0764987 0.387986 0.220334 0.379639 0.797447 0.37577 0.681786 0.958695 0.188226 0.34642 0.991542 0.262554 0.822572 0.0778441 0.395788 0.870911 0.211757 0.65349 0.316836 0.270104 0.834487 0.931571 0.217033 0.0604907 0.170277 0.0462721 0.865145 0.679627 0.0968222 0.415523 0.97956 0.222073 0.481798 0.77256 0.449491 0.147715 0.402166 0.564291 0.5561 0.056889 0.690295 0.924284 0.930958 0.169334 0.14699 0.550023 0.157063 0.766257 0.815698 0.403699 0.550526 0.927609 0.316545 
0.285981 0.539653 0.269231 0.105936 0.888063 0.672951 0.456518 0.789693 0.899181 0.129592 0.709637 0.725699 0.942352 0.178468 0.724321 0.100478 0.437537 0.470873 0.642526 0.578679 0.733615 0.938728 0.449702 0.935528 0.432728 0.536833 0.907607 0.18589 0.959523 0.0677012 0.940907 0.0889316 0.676944 0.142531 0.863135 0.883791 0.352206 0.863864 0.63867 0.229589 0.916586 0.521248 0.408305 0.913183 0.0516988 0.0293708 0.26094 0.867735 0.849981 0.437139 0.995399 0.644793 0.967484 0.888644 0.154531 0.252323 0.0236334 0.546672 0.0171293 0.914857 0.231256 0.361476 0.327075 0.669945 
0.610352 0.538192 0.936335 0.283099 0.278173 0.942083 0.436722 0.194671 0.8695 0.577218 0.916959 0.129649 0.495894 0.516557 0.695786 0.0955661 0.327804 0.0595505 0.840799 0.838618 0.0164615 0.247454 0.649961 0.403577 0.373047 0.636137 0.797552 0.016236 0.258592 0.44071 0.493978 0.0488162 0.0131721 0.957153 0.552854 0.581007 0.199897 0.974336 0.613868 0.787518 0.470252 0.0903306 0.722074 0.822759 0.00746399 0.603025 0.925356 0.159932 0.4529 0.459624 0.575555 0.428763 0.678861 0.402161 0.452426 0.716899 0.507036 0.552811 0.272776 0.273099 0.0938028 0.739668 0.660431 0.405563 
0.246692 0.865032 0.195423 0.526048 0.20805 0.0451294 0.488649 0.434412 0.449595 0.665117 0.816325 0.623611 0.936845 0.721399 0.420059 0.677335 0.553686 0.0717895 0.524161 0.956335 0.477589 0.720438 0.33604 0.343189 0.268355 0.358964 0.717039 0.804512 0.972004 0.420466 0.975185 0.637116 0.825328 0.016794 0.239255 0.303255 0.0747804 0.930672 0.320227 0.41223 0.0691955 0.92529 0.829575 0.977602 0.937086 0.305463 0.936896 0.614718 0.320219 0.753332 0.64725 0.536108 0.243927 0.849204 0.566702 0.595053 0.792765 0.766301 0.499221 0.343428 0.585313 0.180832 0.130162 0.0539514 
0.678015 0.55318 0.542624 0.769267 0.94112 0.276401 0.760683 0.0103078 0.981247 0.317936 0.730206 0.832257 0.829498 0.983065 0.733035 0.599083 0.836046 0.258983 0.556968 0.985972 0.0906209 0.955197 0.594761 0.600551 0.653009 0.99363 0.47535 0.267489 0.757371 0.446943 0.0239814 0.0842091 0.511867 0.100929 0.450213 0.341805 0.675606 0.833283 0.708675 0.491198 0.557021 0.3248 0.208634 0.18216 0.665298 0.90254 0.934765 0.175507 0.97415 0.264858 0.357409 0.849437 0.534874 0.0236322 0.288968 0.833829 0.900694 0.560165 0.54968 0.140322 0.98662 0.792089 0.294995 0.349897 
0.521466 0.497328 0.334191 0.880102 0.809065 0.95476 0.853033 0.538593 0.398352 0.684207 0.233985 0.44542 0.759025 0.809924 0.103434 0.943501 0.629533 0.988274 0.683189 0.846454 0.0287766 0.657649 0.412277 0.551024 0.0995757 0.806034 0.0300912 0.399064 0.655226 0.303021 0.174119 0.715302 0.777665 0.375783 0.652877 0.0837044 0.396349 0.323453 0.999408 0.557169 0.803855 0.515201 0.529552 0.587165 0.879741 0.506124 0.906216 0.455393 0.401994 0.0594005 0.149894 0.432811 0.529519 0.875716 0.0481896 0.989065 0.632228 0.561838 0.868124 0.626775 0.524957 0.493908 0.899026 0.254101 
0.682867 0.704997 0.630855 0.762706 0.974244 0.727416 0.30136 0.615114 0.100929 0.456453 0.724841 0.432098 0.190161 0.945699 0.836638 0.271045 0.77489 0.765024 0.0190504 0.49887 0.230462 0.941753 0.969066 0.298775 0.535637 0.161171 0.46966 0.72348 0.365777 0.257191 0.816649 0.402088 0.109789 0.574679 0.0963304 0.249726 0.891276 0.141706 0.94099 0.141214 0.781757 0.0545004 0.346088 0.387005 0.74199 0.644013 0.173762 0.24803 0.130249 0.853536 0.23834 0.447013 0.72589 0.837728 0.688672 0.881542 0.0380073 0.129145 0.208752 0.666745 0.603021 0.864364 0.420486 0.0592692 
0.342315 0.0239481 0.970146 0.183361 0.842086 0.583766 0.126043 0.909464 0.529434 0.85323 0.322898 0.150436 0.8169 0.0419004 0.539549 0.0655566 0.706058 0.628832 0.58531 0.77916 0.292967 0.706782 0.250581 0.775902 0.9464 0.25117 0.20837 0.718425 0.913914 0.783559 0.942336 0.397437 0.95615 0.972231 0.158136 0.614677 0.979293 0.0117199 0.300366 0.041861 0.00507663 0.0398379 0.2588 0.409056 0.257353 0.112422 0.822373 0.758559 0.245289 0.205093 0.691872 0.249647 0.570095 0.317183 0.35761 0.119013 0.371964 0.732398 0.143166 0.712725 0.723329 0.601873 0.249577 0.648317 
0.678882 0.61377 0.487554 0.0190884 0.216734 0.669125 0.450436 0.142883 0.142371 0.531667 0.0181616 0.0746255 0.73343 0.298824 0.823919 0.884309 0.836464 0.144786 0.291064 0.835976 0.640652 0.207969 0.0160666 0.152154 0.550307 0.599439 0.142044 0.609794 0.979068 0.030901 0.37489 0.610959 0.278921 0.134159 0.202435 0.633816 0.649627 0.546132 0.862951 0.935923 0.172857 0.723927 0.672443 0.20923 0.582135 0.413895 0.0383462 0.235849 0.72956 0.859178 0.664202 0.718519 0.553058 0.45646 0.750044 0.258253 0.42163 0.418983 0.173345 0.960568 0.298165 0.148704 0.326632 0.0419697 
0.727955 0.417058 0.0683111 0.36239 0.955321 0.00138802 0.877415 0.487492 0.0476731 0.763295 0.489187 0.733169 0.943906 0.164162 0.0630264 0.134586 0.566646 0.220731 0.730403 0.252576 0.173715 0.38358 0.043068 0.562432 0.973265 0.266858 0.576827 0.827564 0.179821 0.643154 0.885764 0.729656 0.955105 0.469858 0.217596 0.70623 0.620251 0.726402 0.166491 0.978782 0.127418 0.567651 0.688661 0.888026 0.336562 0.986929 0.786947 0.145456 0.0738227 0.452282 0.827759 0.517272 0.131943 0.536719 0.615081 0.485537 0.304618 0.345132 0.122483 0.392005 0.687741 0.967225 0.524967 0.563594 
0.848439 0.749042 0.614773 0.180012 0.548593 0.690206 0.453592 0.398479 0.958876 0.693533 0.577961 0.224927 0.577382 0.522696 0.00525555 0.537682 0.822395 0.982761 0.233953 0.879703 0.331802 0.881061 0.0608545 0.64196 0.0206479 0.10177 0.316728 0.0979377 0.208303 0.199733 0.0138777 0.896988 0.853257 0.38365 0.570948 0.363988 0.646306 0.359544 0.476144 0.485586 0.394132 0.694554 0.596566 0.204543 0.951497 0.237019 0.00705687 0.953641 0.484846 0.699767 0.335186 0.423947 0.632855 0.143124 0.486876 0.416559 0.523424 0.81213 0.0539417 0.696222 0.33002 0.493645 0.852456 0.720792 
0.219253 0.70675 0.181323 0.100772 0.378983 0.21607 0.797491 0.754759 0.996072 0.499884 0.939218 0.712259 0.865529 0.836713 0.172327 0.0222324 0.0659486 0.716013 0.772486 0.988337 0.933423 0.253038 0.644252 0.0624946 0.712765 0.0212046 0.91457 0.0166447 0.129497 0.421386 0.306315 0.533719 0.703412 0.213871 0.186027 0.43543 0.00986837 0.64384 0.91483 0.809287 0.530693 0.273642 0.356722 0.992565 0.151971 0.560521 0.925153 0.333915 0.583114 0.846327 0.298151 0.0462983 0.819867 0.153833 0.910388 0.272572 0.0819296 0.249367 0.327204 0.261466 0.35525 0.210079 0.251505 0.0996306 
0.0540619 0.359251 0.64484 0.742951 0.904805 0.994572 0.635181 0.824872 0.0825886 0.162329 0.261373 0.135506 0.766587 0.241555 0.075071 0.436931 0.212364 0.503418 0.0849145 0.760879 0.270762 0.778297 0.463284 0.448063 0.373255 0.306211 0.950051 0.395008 0.573085 0.541869 0.547597 0.473196 0.129578 0.603519 0.974197 0.851771 0.847094 0.884512 0.429172 0.00407419 0.374163 0.139913 0.175384 0.0593573 0.694213 0.985583 0.701429 0.257174 0.623127 0.675474 0.629351 0.735547 0.551297 0.331844 0.886663 0.33572 0.766177 0.394461 0.257405 0.853772 0.169708 0.390524 0.725533 0.248709 
0.745512 0.629509 0.769087 0.761627 0.221658 0.83775 0.494904 0.897934 0.026017 0.82466 0.91306 0.276966 0.23369 0.82265 0.794281 0.0645571 0.153753 0.361527 0.842597 0.0782312 0.540211 0.150436 0.967126 0.597154 0.873495 0.873297 0.120944 0.0194413 0.199416 0.169458 0.140415 0.465428 0.648919 0.0571875 0.0934722 0.0548478 0.479981 0.521299 0.143662 0.872534 0.550954 0.133833 0.00706625 0.344872 0.305268 0.794883 0.375193 0.0377191 0.289501 0.190868 0.125379 0.625829 0.964875 0.932177 0.48251 0.674651 0.940452 0.159218 0.350338 0.324853 0.736171 0.245096 0.781585 0.320211 
0.293908 0.182907 0.515105 0.540763 0.162 0.598124 0.924482 0.49511 0.984823 0.675251 0.0628832 0.1545 0.869346 0.767153 0.530142 0.558291 0.147909 0.510065 0.828342 0.335345 0.702812 0.767031 0.613696 0.472574 0.867004 0.464991 0.23028 0.585167 0.98476 0.483206 0.452773 0.361131 0.119405 0.20283 0.100189 0.602556 0.216371 0.103253 0.782443 0.511483 0.752234 0.657776 0.948249 0.818825 0.0966145 0.916075 0.455826 0.25346 0.125635 0.90668 0.634784 0.987638 0.615244 0.776575 0.366231 0.773286 0.272829 0.402131 0.109507 0.363418 0.636376 0.186115 0.368359 0.451068 
0.00861008 0.0422731 0.580456 0.333802 0.753188 0.23443 0.566426 0.593398 0.108013 0.336657 0.351324 0.453254 0.696339 0.848876 0.203084 0.953838 0.741227 0.530604 0.463865 0.494747 0.662636 0.831913 0.125149 0.220698 0.0446996 0.432246 0.484193 0.774472 0.724925 0.156354 0.526804 0.176903 0.800263 0.0180489 0.304658 0.792374 0.0799912 0.367212 0.76896 0.744818 0.0195516 0.00678801 0.290081 0.0355669 0.777385 0.344241 0.181239 0.204342 0.432705 0.869114 0.263233 0.363093 0.871631 0.901854 0.575705 0.347389 0.315141 0.0506559 0.948408 0.412478 0.908577 0.345421 0.0125805 0.294152 
0.840009 0.508677 0.984677 0.606523 0.362678 0.115516 0.0203322 0.613228 0.466194 0.354099 0.257744 0.854227 0.336759 0.40514 0.278127 0.432209 0.0342411 0.102736 0.212646 0.20512 0.796831 0.267195 0.789439 0.937882 0.892442 0.799046 0.494881 0.276727 0.345061 0.11587 0.640483 0.941274 0.689862 0.867394 0.646649 0.512583 0.555934 0.719888 0.691149 0.547826 0.964526 0.566796 0.677536 0.829149 0.525658 0.136644 0.31404 0.0604093 0.939261 0.37922 0.856962 0.378418 0.802766 0.157639 0.263917 0.893461 0.308436 0.766373 0.112519 0.416881 0.824845 0.187261 0.28724 0.806275 
0.373016 0.542044 0.995028 0.453477 0.641762 0.825926 0.797984 0.569866 0.22615 0.312773 0.843667 0.343363 0.500013 0.513562 0.356893 0.498372 0.240823 0.568199 0.227064 0.183109 0.603567 0.741327 0.874043 0.336633 0.129791 0.390611 0.420989 0.98811 0.192787 0.505359 0.197021 0.106549 0.410361 0.921963 0.476326 0.0142968 0.103508 0.392 0.307834 0.804054 0.918964 0.385766 0.476796 0.364452 0.189999 0.95034 0.499078 0.688586 0.650035 0.838097 0.221892 0.192969 0.0210357 0.784303 0.999467 0.463808 0.622753 0.566974 0.104941 0.371117 0.0713694 0.754451 0.177942 0.645521 
0.758109 0.35044 0.810529 0.284885 0.49219 0.738934 0.696362 0.0419682 0.0233115 0.819884 0.614491 0.175646 0.283227 0.0624335 0.999214 0.715371 0.615074 0.558476 0.392455 0.909318 0.555065 0.409603 0.263529 0.800668 0.852634 0.916788 0.748949 0.280055 0.855284 0.7661 0.311998 0.315791 0.764975 0.248303 0.685881 0.326959 0.243813 0.164587 0.0267553 0.556137 0.50161 0.855191 0.090697 0.0430279 0.145361 0.392122 0.576685 0.181786 0.184837 0.35208 0.939474 0.835623 0.450175 0.112148 0.126024 0.20006 0.950132 0.231632 0.343667 0.620662 0.470155 0.0748723 0.621198 0.866013 
0.604954 0.778547 0.131344 0.436719 0.190488 0.135261 0.836447 0.368988 0.269832 0.427464 0.208439 0.292536 0.400439 0.7356 0.720439 0.585919 0.686434 0.991071 0.48051 0.644797 0.899868 0.735004 0.288208 0.222027 0.494662 0.305833 0.640319 0.202797 0.0292599 0.0482736 0.815806 0.946296 0.955243 0.119368 0.681345 0.775372 0.839692 0.271519 0.933373 0.733797 0.16845 0.667215 0.252285 0.078157 0.422752 0.488494 0.0893273 0.608989 0.384503 0.635609 0.82736 0.0247497 0.416946 0.606493 0.655622 0.591695 0.303866 0.207051 0.280378 0.942758 0.319121 0.070935 0.248679 0.369993 
0.660477 0.98136 0.722035 0.144342 0.318598 0.180583 0.795888 0.743598 0.927806 0.619571 0.337912 0.418561 0.176149 0.675287 0.196642 0.0992306 0.0728187 0.958174 0.303036 0.191632 0.652136 0.697395 0.0866616 0.675292 0.439343 0.672574 0.952654 0.635564 0.986227 0.0517818 0.655222 0.0563136 0.139076 0.0518455 0.784006 0.612985 0.487732 0.998228 0.0341473 0.414013 0.994573 0.572597 0.56426 0.356162 0.476981 0.993662 0.279195 0.147913 0.571315 0.161303 0.185917 0.000625977 0.424176 0.819192 0.855712 0.545294 0.846552 0.167947 0.537713 0.553242 0.673498 0.248341 0.455634 0.049914 
0.261325 0.371854 0.282114 0.0413783 0.471916 0.849277 0.9911 0.993215 0.0810457 0.0625572 0.441645 0.419754 0.049971 0.557789 0.314394 0.943297 0.527151 0.403932 0.741787 0.946003 0.393485 0.407663 0.201847 0.918879 0.544171 0.346034 0.163868 0.484801 0.486733 0.545024 0.528166 0.0949882 0.0137892 0.155695 0.168872 0.732659 0.104687 0.0505089 0.600782 0.225795 0.958049 0.691562 0.351931 0.352697 0.0813785 0.892878 0.785441 0.129262 0.253937 0.118443 0.864789 0.31439 0.174831 0.103408 0.0445915 0.0806413 0.591224 0.597686 0.728179 0.734054 0.779123 0.945517 0.235662 0.485017 
0.928938 0.123004 0.0672167 0.0705818 0.157063 0.526711 0.0359778 0.41619 0.474361 0.0556119 0.648218 0.448367 0.876833 0.941316 0.543455 0.936315 0.422705 0.000815309 0.593748 0.207635 0.802224 0.0223383 0.0334938 0.459281 0.606158 0.191791 0.791729 0.905948 0.645649 0.0250086 0.202057 0.51582 0.621796 0.723577 0.668124 0.0331356 0.878047 0.142792 0.988842 0.207536 0.669556 0.355767 0.0133293 0.279442 0.144632 0.938532 0.149052 0.000816354 0.964147 0.866922 0.374263 0.376426 0.7046 0.556596 0.330253 0.879205 0.406817 0.695497 0.41197 0.733162 0.884532 0.850843 0.355275 0.748385 
0.00693332 0.484532 0.0666083 0.416439 0.828296 0.354466 0.113891 0.388563 0.340409 0.789887 0.485782 0.820774 0.340409 0.464049 0.215322 0.479228 0.173077 0.539585 0.945782 0.505813 0.693332 0.773795 0.328909 0.553605 0.377944 0.130187 0.667541 0.715146 0.784475 0.716215 0.20892 0.791186 0.000488149 0.306001 0.853539 0.140578 0.927444 0.533844 0.982316 0.0233479 0.298021 0.0240634 0.301544 0.757833 0.531446 0.21594 0.87023 0.0895977 0.532954 0.158223 0.53811 0.672537 0.490088 0.740955 0.393892 0.506432 0.0902878 0.3735 0.298508 0.489763 0.451525 0.118052 0.566773 0.453474 
0.00729679 0.46978 0.501774 0.134944 0.828123 0.0447581 0.121361 0.717307 0.176083 0.713354 0.708726 0.271366 0.587999 0.0830204 0.951154 0.574713 0.428058 0.272851 0.530097 0.914576 0.981634 0.470964 0.59557 0.426149 0.221935 0.122529 0.883301 0.0442474 0.685707 0.141223 0.0947659 0.871569 0.230203 0.751951 0.378118 0.740649 0.660421 0.798161 0.568927 0.819166 0.186971 0.0501662 0.543085 0.475872 0.3497 0.660617 0.665616 0.802865 0.432669 0.992719 0.77809 0.677282 0.249171 0.742831 0.273172 0.792498 0.383959 0.904844 0.534266 0.677537 0.609812 0.418536 0.372098 0.198529 
0.978741 0.103823 0.419465 0.154163 0.461864 0.0976846 0.646087 0.195112 0.211636 0.907178 0.788645 0.734556 0.808675 0.385282 0.96104 0.366904 0.562749 0.0666393 0.566325 0.736102 0.361213 0.650341 0.449346 0.262546 0.373307 0.168617 0.780875 0.238354 0.848678 0.417761 0.671776 0.0645613 0.384767 0.271147 0.809292 0.505746 0.600168 0.15162 0.396784 0.929653 0.288728 0.74193 0.868561 0.514231 0.204823 0.00615661 0.114076 0.319216 0.0906962 0.741453 0.469187 0.041867 0.213706 0.170126 0.174221 0.120837 0.0671718 0.604263 0.349698 0.914559 0.646596 0.799455 0.123738 0.127187 
0.978371 0.823343 0.591271 0.355125 0.536616 0.506676 0.493206 0.108956 0.336458 0.444084 0.844114 0.899661 0.530901 0.44717 0.61888 0.605185 0.689633 0.460365 0.65926 0.22966 0.329624 0.183024 0.872221 0.860957 0.781516 0.28858 0.501776 0.842613 0.726711 0.014236 0.690093 0.728428 0.65478 0.654474 0.40776 0.938088 0.355438 0.696446 0.84112 0.506936 0.173596 0.741326 0.00737567 0.189146 0.396933 0.523033 0.591252 0.327306 0.091808 0.514223 0.955315 0.820356 0.602151 0.868315 0.870294 0.436468 0.620836 0.597412 0.110692 0.894099 0.335293 0.529616 0.923147 0.552278 
0.496142 0.365614 0.434034 0.7355 0.0673092 0.545566 0.861556 0.114031 0.739069 0.43614 0.79283 0.00217941 0.491194 0.097669 0.705622 0.0986005 0.106681 0.945056 0.116468 0.561708 0.245511 0.642567 0.794643 0.0519743 0.0240016 0.296207 0.517609 0.709694 0.112539 0.387428 0.304963 0.324373 0.255458 0.788364 0.812261 0.27369 0.719825 0.498865 0.721822 0.354566 0.128132 0.0477946 0.485735 0.710608 0.535172 0.820656 0.853832 0.152978 0.724368 0.84671 0.881352 0.646439 0.49498 0.98142 0.745353 0.557762 0.808374 0.0627128 0.488389 0.703225 0.113135 0.555406 0.396872 0.244834 
0.631074 0.953194 0.844444 0.143062 0.380598 0.518095 0.675744 0.694901 0.0347144 0.9709 0.943736 0.996068 0.287501 0.93666 0.624509 0.180874 0.131681 0.816131 0.918956 0.349504 0.288367 0.720217 0.872632 0.530619 0.935231 0.677197 0.581831 0.0311807 0.417091 0.231689 0.759692 0.436092 0.881259 0.707184 0.52222 0.649451 0.756556 0.533682 0.811786 0.0466359 0.535473 0.391238 0.886014 0.759176 0.458611 0.713784 0.686661 0.340674 0.194842 0.0444824 0.430557 0.458077 0.0129897 0.0857826 0.981884 0.83565 0.151064 0.787657 0.57072 0.966781 0.0320993 0.90271 0.574546 0.0491917 
0.866915 0.869296 0.608935 0.0705718 0.220864 0.931839 0.924776 0.757354 0.185246 0.466329 0.0583014 0.738305 0.1303 0.063195 0.15069 0.477734 0.718643 0.380713 0.421536 0.341626 0.389577 0.0982947 0.423421 0.518748 0.678699 0.971983 0.346195 0.069036 0.272871 0.855986 0.311604 0.770965 0.853761 0.476759 0.976913 0.0927276 0.5061 0.912067 0.119151 0.851832 0.607705 0.627278 0.598412 0.276469 0.663018 0.156123 0.278148 0.20838 0.741696 0.0394136 0.878977 0.833037 0.12438 0.798077 0.0876046 0.0957932 0.347972 0.514966 0.415839 0.144413 0.515635 0.49005 0.551405 0.656209 
0.452542 0.470062 0.557358 0.793708 0.0691134 0.686757 0.103234 0.866307 0.923874 0.0690193 0.164142 0.160737 0.740378 0.00871499 0.575265 0.244006 0.467429 0.382092 0.828302 0.0681427 0.317199 0.329727 0.366278 0.287059 0.856511 0.970873 0.282131 0.311 0.310809 0.346097 0.689732 0.407759 0.596164 0.552304 0.676912 0.288334 0.460144 0.545265 0.392474 0.0977366 0.316107 0.533853 0.551224 0.587726 0.687636 0.701637 0.482704 0.578811 0.894918 0.296656 0.0167134 0.529531 0.585105 0.61432 0.649437 0.259309 0.486509 0.432868 0.175718 0.103899 0.782189 0.890836 0.885089 0.0214788 
0.0499059 0.525292 0.511501 0.1719 0.173903 0.176868 0.142684 0.756115 0.0645507 0.987638 0.0341172 0.340121 0.212116 0.330209 0.924693 0.0959446 0.590459 0.806284 0.0981625 0.687566 0.126364 0.538047 0.329122 0.726657 0.271285 0.695678 0.783427 0.377155 0.75709 0.98589 0.859079 0.0614457 0.800972 0.298074 0.840175 0.507285 0.530364 0.676879 0.837398 0.305584 0.571823 0.767386 0.375973 0.471339 0.783012 0.0395402 0.871174 0.674392 0.646376 0.679097 0.730665 0.527047 0.447791 0.0475025 0.68429 0.321169 0.437164 0.62662 0.286487 0.969125 0.36721 0.800944 0.0171239 0.803212 
0.193824 0.299983 0.142319 0.847695 0.680607 0.0902525 0.821074 0.0613748 0.0490474 0.0309128 0.303384 0.778599 0.628443 0.319933 0.658295 0.00213789 0.592831 0.109806 0.923888 0.723731 0.375689 0.574048 0.97531 0.196428 0.0770441 0.567581 0.359759 0.376953 0.568582 0.202794 0.354019 0.138988 0.0907915 0.0276521 0.800861 0.221495 0.525866 0.448052 0.583522 0.335599 0.664347 0.938413 0.348369 0.819977 0.0453261 0.509151 0.0235437 0.752307 0.311666 0.696233 0.445362 0.306272 0.0237183 0.515069 0.485603 0.0606014 0.111356 0.176588 0.801573 0.533011 0.125246 0.108818 0.725244 0.529514 
0.778716 0.871011 0.921586 0.65259 0.406875 0.133884 0.637951 0.144937 0.570604 0.429632 0.00279984 0.284622 0.193112 0.78435 0.111656 0.23668 0.759712 0.435069 0.358686 0.436631 0.886308 0.531943 0.875567 0.297225 0.94373 0.382556 0.115246 0.317899 0.11755 0.84292 0.429893 0.107275 0.406081 0.679734 0.961582 0.674582 0.992398 0.940579 0.388306 0.340149 0.056859 0.964637 0.973004 0.678691 0.664457 0.833395 0.0870764 0.246702 0.684338 0.869111 0.553291 0.523623 0.370309 0.506534 0.73535 0.0908257 0.0770531 0.677165 0.659001 0.978666 0.0012563 0.961355 0.476967 0.944807 
0.125502 0.0490477 0.450421 0.38963 0.738678 0.547903 0.762618 0.0725932 0.368003 0.85682 0.875851 0.568801 0.344618 0.242101 0.792598 0.316683 0.652734 0.628401 0.226238 0.767652 0.709634 0.670195 0.338613 0.857647 0.100683 0.667736 0.775671 0.864324 0.535703 0.22182 0.471987 0.668043 0.208947 0.204932 0.181541 0.152371 0.389389 0.598149 0.291091 0.479872 0.380074 0.0221142 0.134479 0.868563 0.203543 0.367605 0.561386 0.622111 0.107792 0.0160145 0.662036 0.119286 0.595354 0.894123 0.836314 0.645574 0.406177 0.657162 0.279846 0.756731 0.653352 0.99495 0.108169 0.618784 
0.852272 0.0532693 0.310787 0.788254 0.525438 0.559977 0.254743 0.0375674 0.307415 0.0286758 0.862984 0.800542 0.124951 0.814591 0.633749 0.345262 0.874894 0.842169 0.450186 0.725251 0.354543 0.624817 0.626326 0.612626 0.643761 0.972842 0.270903 0.848478 0.132542 0.317897 0.860161 0.512485 0.474371 0.0208482 0.683017 0.206092 0.874792 0.993889 0.679757 0.89018 0.371246 0.186277 0.900875 0.553541 0.960137 0.474354 0.423257 0.876261 0.385964 0.454923 0.0505574 0.333656 0.18203 0.635758 0.567811 0.296634 0.501705 0.362354 0.128317 0.133285 0.297873 0.763706 0.780168 0.42149 
0.264125 0.261305 0.198771 0.0119948 0.650131 0.875291 0.61214 0.0297564 0.0218676 0.947974 0.517688 0.69959 0.513464 0.305635 0.493358 0.76252 0.429106 0.0144058 0.0718137 0.579845 0.941011 0.0161376 0.999727 0.584528 0.271599 0.814084 0.290927 0.0695655 0.86414 0.635921 0.355768 0.667692 0.946848 0.0360695 0.0595317 0.639973 0.0646229 0.293973 0.257963 0.234428 0.548254 0.94074 0.508873 0.295988 0.452647 0.609212 0.721512 0.435606 0.767422 0.821639 0.0471183 0.0992047 0.739442 0.0975788 0.844881 0.763454 0.722055 0.383327 0.19782 0.318509 0.255102 0.34203 0.154533 0.486589 
0.802305 0.622641 0.945887 0.910052 0.461089 0.370507 0.466024 0.791548 0.193859 0.349995 0.222158 0.703055 0.501013 0.558931 0.779014 0.581778 0.990892 0.917313 0.191364 0.662612 0.374657 0.374814 0.278014 0.252637 0.952292 0.0755707 0.510733 0.627768 0.230415 0.709079 0.0205397 0.264291 0.2238 0.930725 0.710138 0.645815 0.166767 0.700598 0.567829 0.745411 0.201494 0.14124 0.907599 0.399158 0.568005 0.44192 0.525108 0.387206 0.817644 0.370687 0.724895 0.616629 0.852632 0.498958 0.15512 0.720468 0.432825 0.72658 0.12806 0.256752 0.605656 0.16956 0.785091 0.904452 
0.647743 0.980471 0.550328 0.616291 0.0463179 0.505579 0.00940583 0.6084 0.299142 0.324494 0.952237 0.781154 0.407455 0.386875 0.866357 0.107769 0.823704 0.948474 0.548728 0.814579 0.905578 0.166818 0.166719 0.332322 0.951046 0.495497 0.602014 0.810438 0.763461 0.426424 0.822098 0.217689 0.0761794 0.813837 0.360328 0.40982 0.18931 0.348564 0.66459 0.697091 0.0162162 0.116847 0.0600767 0.547776 0.267701 0.955044 0.501594 0.00397972 0.735707 0.757802 0.415118 0.948989 0.219042 0.684071 0.454487 0.650614 0.869645 0.425436 0.28523 0.646733 0.828863 0.675696 0.0208867 0.630661 
0.156974 0.480489 0.232565 0.379709 0.419172 0.249738 0.84708 0.541124 0.777851 0.538087 0.0137311 0.317834 0.293664 0.410179 0.127029 0.499331 0.478413 0.225625 0.881165 0.457083 0.656569 0.942502 0.737589 0.152033 0.481551 0.0876926 0.223965 0.57554 0.729933 0.881711 0.279028 0.650138 0.412514 0.724533 0.306655 0.310569 0.391613 0.880543 0.294608 0.968465 0.370228 0.892901 0.981289 0.597252 0.778297 0.76471 0.309456 0.752152 0.563429 0.693655 0.527208 0.450367 0.704627 0.094095 0.816749 0.513988 0.680143 0.772012 0.729113 0.597853 0.184451 0.571975 0.0509114 0.685783 
0.576935 0.995499 0.364795 0.672637 0.610163 0.498016 0.19709 0.818916 0.902859 0.242165 0.418198 0.613158 0.0702075 0.148773 0.0531232 0.91837 0.726393 0.599676 0.532259 0.203765 0.286204 0.825288 0.773393 0.455883 0.137422 0.361532 0.493214 0.358555 0.810231 0.280105 0.0685833 0.741233 0.177029 0.8757 0.0798089 0.397941 0.908435 0.860007 0.390786 0.331879 0.0896539 0.324671 0.821765 0.0468383 0.645992 0.327036 0.608434 0.164973 0.775569 0.258308 0.711267 0.927634 0.766438 0.548819 0.245132 0.132692 0.711217 0.304543 0.212426 0.625355 0.321578 0.0374867 0.17836 0.919684 
0.57385 0.0900131 0.37407 0.916463 0.735417 0.203682 0.180138 0.686874 0.649456 0.962709 0.609458 0.457008 0.754252 0.433482 0.116509 0.540366 0.577261 0.724991 0.869352 0.018545 0.206096 0.542851 0.459514 0.556808 0.233223 0.661898 0.824622 0.281111 0.525278 0.085111 0.0530218 0.471063 0.248994 0.0227158 0.2667 0.614657 0.407238 0.0462625 0.849632 0.501446 0.760723 0.990071 0.485623 0.0669719 0.371157 0.114074 0.132608 0.363173 0.627459 0.549562 0.474949 0.700349 0.855394 0.0590651 0.0913385 0.315388 0.917324 0.477226 0.636203 0.777925 0.367991 0.3372 0.401517 0.538274 
0.673551 0.641746 0.32473 0.897741 0.59433 0.814407 0.638414 0.292163 0.69436 0.427828 0.768192 0.945002 0.404868 0.706972 0.798492 0.428548 0.108619 0.283067 0.988339 0.950811 0.75252 0.685207 0.300802 0.718025 0.076035 0.687803 0.554603 0.106032 0.0888139 0.137485 0.819177 0.630243 0.552444 0.616697 0.110002 0.740747 0.964288 0.794319 0.139467 0.408723 0.845982 0.64037 0.624047 0.130654 0.237529 0.192823 0.800402 0.980073 0.538252 0.247753 0.276722 0.139994 0.378609 0.341416 0.567687 0.712623 0.941785 0.949357 0.381375 0.633315 0.347352 0.0113567 0.613271 0.73959 
0.465956 0.185888 0.0407575 0.68521 0.335012 0.115 0.906158 0.453083 0.933759 0.576027 0.389252 0.392901 0.630283 0.390938 0.635544 0.531573 0.789083 0.400748 0.343753 0.813522 0.626974 0.100988 0.784152 0.330693 0.227602 0.837986 0.789476 0.146388 0.213412 0.176776 0.125102 0.976085 0.910533 0.631621 0.221882 0.605014 0.618417 0.482281 0.960185 0.893696 0.0857671 0.652079 0.278789 0.902576 0.0401855 0.00346817 0.489471 0.354812 0.0392476 0.352101 0.673037 0.00471262 0.928945 0.40729 0.435523 0.33483 0.0700434 0.524589 0.963279 0.0341449 0.84183 0.250835 0.311707 0.263788 
0.828136 0.598159 0.960362 0.655063 0.0272425 0.962444 0.246113 0.408341 0.260748 0.638388 0.303354 0.528806 0.135844 0.376046 0.0280831 0.0336497 0.0388533 0.56189 0.798053 0.802789 0.428066 0.174948 0.927476 0.30607 0.53314 0.169338 0.496126 0.730259 0.719104 0.728367 0.0480026 0.259662 0.231439 0.225471 0.651017 0.626672 0.256132 0.983548 0.487895 0.37995 0.176815 0.0636785 0.6668 0.869305 0.766721 0.517014 0.0253648 0.96087 0.479853 0.206112 0.835461 0.467404 0.0131969 0.891937 0.502303 0.41983 0.41209 0.23132 0.459794 0.197385 0.119981 0.911556 0.457282 0.989923 
0.338449 0.965812 0.714675 0.560478 0.707406 0.787173 0.832671 0.354354 0.223802 0.121108 0.469764 0.158642 0.792453 0.0773038 0.293928 0.626707 0.0263821 0.477472 0.689278 0.989551 0.982532 0.428436 0.619221 0.651046 0.509235 0.46216 0.47565 0.538222 0.211662 0.599435 0.508663 0.508284 0.500659 0.985816 0.431352 0.231336 0.0683335 0.510472 0.438403 0.2271 0.155637 0.923355 0.854406 0.95971 0.0513874 0.188112 0.252875 0.7178 0.548978 0.464011 0.429085 0.791377 0.630687 0.349743 0.3776 0.620486 0.496088 0.531419 0.38722 0.719364 0.403266 0.673424 0.511476 0.789983 
0.200481 0.397708 0.716308 0.173197 0.127673 0.419408 0.117868 0.231061 0.768077 0.092687 0.487306 0.14128 0.0460681 0.62981 0.0802151 0.249483 0.292155 0.621246 0.677544 0.855215 0.588244 0.506258 0.304134 0.0525173 0.495344 0.840725 0.663937 0.0831573 0.011836 0.102547 0.0637503 0.722282 0.498293 0.956221 0.478836 0.931753 0.582044 0.71884 0.256831 0.326984 0.515964 0.912005 0.272277 0.316783 0.862998 0.532267 0.362701 0.809612 0.334409 0.464848 0.786865 0.643112 0.847869 0.0676149 0.71391 0.397711 0.42524 0.629641 0.376381 0.833842 0.129122 0.618561 0.920132 0.208488 
0.835165 0.811136 0.423243 0.812539 0.660664 0.742887 0.57805 0.965238 0.706593 0.933437 0.791195 0.94787 0.939284 0.444819 0.341342 0.257449 0.537662 0.753042 0.225653 0.862737 0.0491727 0.909717 0.30396 0.343287 0.000208528 0.545935 0.229785 0.687363 0.389056 0.131218 0.496766 0.0176932 0.137049 0.785946 0.252073 0.157064 0.372473 0.458516 0.357669 0.469177 0.468628 0.0428764 0.0116014 0.308386 0.581968 0.166587 0.85574 0.94914 0.199673 0.500916 0.404996 0.320855 0.213429 0.917644 0.291629 0.744074 0.929786 0.576399 0.738119 0.110922 0.0243033 0.39585 0.683577 0.893123 
0.401239 0.479559 0.0456033 0.515931 0.492777 0.0179211 0.501692 0.595097 0.948867 0.0716257 0.490045 0.582297 0.910746 0.166375 0.861184 0.219722 0.677271 0.70848 0.40299 0.33083 0.953228 0.873098 0.363978 0.125651 0.0873785 0.972327 0.881427 0.341959 0.926388 0.27234 0.0594702 0.962188 0.345072 0.933084 0.494558 0.660727 0.0288096 0.375066 0.212806 0.176425 0.26077 0.377666 0.975252 0.0988284 0.289428 0.87541 0.277592 0.341195 0.645452 0.915623 0.392544 0.20844 0.060683 0.349315 0.801577 0.741454 0.0396947 0.781908 0.300154 0.409206 0.65246 0.743095 0.847632 0.460867 
0.773391 0.86362 0.847961 0.940915 0.725174 0.524164 0.387191 0.648087 0.266672 0.621939 0.14103 0.746998 0.702373 0.420819 0.618802 0.325199 0.679249 0.737827 0.337895 0.4543 0.295509 0.414426 0.676897 0.932208 0.278831 0.00381501 0.125651 0.171382 0.755635 0.705627 0.925426 0.187931 0.437354 0.00184852 0.00662604 0.59419 0.979689 0.893401 0.181898 0.384081 0.87653 0.721461 0.0617089 0.0653087 0.265483 0.815736 0.0917655 0.488942 0.600573 0.305042 0.784753 0.795138 0.560388 0.368753 0.494188 0.81614 0.404426 0.116223 0.518129 0.542231 0.969233 0.990009 0.941367 0.825495 
0.79219 0.822998 0.829174 0.987239 0.37145 0.776903 0.907525 0.0246924 0.423566 0.357229 0.368866 0.883693 0.52841 0.0553376 0.971582 0.879518 0.296268 0.799214 0.403837 0.282692 0.312658 0.129595 0.528404 0.876275 0.330777 0.251975 0.591162 0.183654 0.0943679 0.399664 0.260764 0.847103 0.377169 0.605316 0.00554848 0.275554 0.541116 0.626453 0.876286 0.365977 0.476182 0.0584263 0.37989 0.984744 0.654457 0.971118 0.396911 0.0745845 0.773682 0.395645 0.584455 0.745512 0.796932 0.81497 0.439221 0.352748 0.84938 0.24003 0.736989 0.716816 0.210034 0.169915 0.0913464 0.805822 
0.821039 0.658295 0.8124 0.268098 0.431887 0.181388 0.493156 0.637087 0.294164 0.780438 0.348016 0.624611 0.320417 0.677384 0.923892 0.262876 0.79063 0.942945 0.614754 0.83207 0.146771 0.463575 0.366641 0.635956 0.766678 0.70124 0.383824 0.0464408 0.308589 0.134122 0.585376 0.105385 0.529229 0.120641 0.396295 0.433726 0.692225 0.132279 0.624554 0.835489 0.324729 0.277144 0.451736 0.847565 0.518456 0.274799 0.379308 0.404489 0.890415 0.385982 0.579457 0.331943 0.611931 0.631736 0.780696 0.503807 0.563061 0.735372 0.481541 0.644108 0.0993929 0.540921 0.83539 0.805673 
0.127339 0.411702 0.749437 0.122456 0.498215 0.489118 0.0303239 0.279931 0.181858 0.713171 0.361954 0.798288 0.748047 0.338327 0.943547 0.0999769 0.87581 0.213373 0.0539922 0.316587 0.779545 0.349439 0.587467 0.179881 0.269541 0.672333 0.935368 0.472559 0.0820661 0.761765 0.385889 0.323765 0.718153 0.648631 0.922161 0.722135 0.120603 0.582166 0.0200879 0.262278 0.683343 0.00454449 0.188383 0.777391 0.573271 0.297929 0.773905 0.509096 0.322248 0.114287 0.279259 0.589147 0.604681 0.410686 0.928793 0.256006 0.573936 0.676581 0.951339 0.147388 0.833154 0.119746 0.557438 0.608522 
0.620776 0.152821 0.269515 0.653115 0.109581 0.955887 0.617604 0.172746 0.0314446 0.141707 0.607832 0.924325 0.89157 0.848395 0.33845 0.11168 0.0988922 0.136293 0.0992945 0.668789 0.0858431 0.318058 0.054066 0.649641 0.728357 0.718807 0.657857 0.315443 0.369717 0.585871 0.866917 0.450731 0.635002 0.541427 0.0324313 0.268278 0.996548 0.454942 0.941935 0.0869609 0.623834 0.3339 0.123059 0.689365 0.0699173 0.089611 0.950601 0.647062 0.736501 0.419611 0.218722 0.355449 0.123604 0.493771 0.0543366 0.383957 0.711767 0.644715 0.981574 0.960205 0.397852 0.328878 0.693127 0.0111221 
0.844478 0.26483 0.981796 0.534228 0.302412 0.317252 0.567083 0.492242 0.147204 0.376513 0.422607 0.573349 0.0415897 0.621929 0.874938 0.517878 0.0838669 0.182437 0.571844 0.497247 0.566821 0.020174 0.882625 0.0114729 0.505466 0.265736 0.384598 0.647039 0.405469 0.0809768 0.656811 0.272234 0.908307 0.689983 0.855795 0.952162 0.0250336 0.203825 0.466607 0.498562 0.675056 0.730684 0.90013 0.211194 0.729018 0.0798806 0.278409 0.605812 0.120605 0.997324 0.45121 0.39373 0.171177 0.178792 0.054113 0.960562 0.964387 0.902287 0.383694 0.720607 0.277013 0.721926 0.133304 0.0288218 
0.708513 0.0123554 0.592699 0.294235 0.767628 0.208319 0.186849 0.122789 0.504596 0.46847 0.687293 0.34164 0.521254 0.232205 0.618487 0.238814 0.8037 0.973613 0.618787 0.179365 0.00892583 0.390205 0.248408 0.786868 0.910979 0.819736 0.817416 0.0137522 0.427553 0.374032 0.890555 0.986706 0.104732 0.991168 0.54019 0.964539 0.525869 0.238301 0.822951 0.578228 0.0886016 0.703943 0.272904 0.756407 0.61114 0.980472 0.591328 0.419198 0.0743345 0.0644199 0.641855 0.156501 0.442509 0.0660187 0.182162 0.533827 0.965483 0.234552 0.8766 0.632341 0.24909 0.374757 0.523338 0.384334 
0.63829 0.376305 0.167431 0.692848 0.0979004 0.573293 0.476396 0.155269 0.990645 0.119267 0.418419 0.743244 0.582555 0.53174 0.78868 0.232481 0.622904 0.210505 0.495894 0.764596 0.824301 0.406041 0.0402288 0.837812 0.249915 0.855626 0.297789 0.0835769 0.222476 0.381457 0.0794465 0.923247 0.17268 0.0526281 0.13247 0.176802 0.943251 0.938011 0.632336 0.619887 0.48077 0.119168 0.475482 0.179131 0.438608 0.822147 0.715424 0.203099 0.337546 0.475282 0.407108 0.0968483 0.30037 0.422447 0.501292 0.799155 0.265106 0.101058 0.666219 0.160203 0.190645 0.230601 0.796797 0.980651 
0.633239 0.40494 0.424672 0.594011 0.888071 0.000919209 0.650566 0.76245 0.398224 0.36492 0.304723 0.244257 0.704623 0.833083 0.657415 0.119147 0.461225 0.685069 0.196713 0.21609 0.4048 0.85753 0.720825 0.956645 0.202109 0.158738 0.377019 0.612335 0.792554 0.025718 0.236649 0.283942 0.610041 0.841998 0.00466631 0.387735 0.470238 0.104868 0.952358 0.433576 0.132752 0.401177 0.338196 0.820026 0.596295 0.153989 0.217578 0.141295 0.799838 0.850447 0.317776 0.118087 0.368042 0.138701 0.205396 0.280443 0.537853 0.627454 0.824433 0.1739 0.467189 0.852681 0.291699 0.0140247 
0.316934 0.622049 0.227733 0.913546 0.669264 0.133383 0.222321 0.933882 0.182788 0.0506569 0.351799 0.625299 0.175991 0.490033 0.213985 0.767088 0.542371 0.56169 0.987313 0.0153538 0.0150749 0.252851 0.0678134 0.113541 0.196319 0.688773 0.590073 0.840083 0.341382 0.743335 0.940155 0.0790917 0.427395 0.449021 0.0666932 0.803569 0.0659568 0.290214 0.735369 0.35593 0.416637 0.844635 0.597067 0.997719 0.177359 0.380941 0.879933 0.977064 0.0134018 0.670244 0.38546 0.357604 0.0980943 0.395108 0.77785 0.890685 0.94454 0.181874 0.807822 0.190851 0.368976 0.492507 0.288339 0.652696 
0.0316813 0.412293 0.746781 0.425391 0.766053 0.0360834 0.669065 0.628839 0.551356 0.124091 0.0242694 0.473501 0.0141649 0.00738424 0.415199 0.310781 0.723211 0.214495 0.490534 0.812162 0.939649 0.0148789 0.610459 0.0401386 0.842552 0.808145 0.0867595 0.516843 0.939918 0.58856 0.00134572 0.0795517 0.496499 0.88897 0.0429488 0.486095 0.775373 0.624532 0.0529192 0.909369 0.881065 0.329762 0.157334 0.0440516 0.994934 0.261497 0.0628269 0.741134 0.334453 0.438469 0.00167699 0.151996 0.560986 0.0913051 0.604218 0.0968274 0.655758 0.163576 0.80614 0.682921 0.489973 0.902732 0.191849 0.931524 
0.936517 0.196533 0.0259039 0.814077 0.304743 0.391202 0.735194 0.0759765 0.0985927 0.654874 0.682156 0.171198 0.135751 0.4533 0.870972 0.632656 0.679712 0.956206 0.002872 0.797222 0.425756 0.815802 0.367777 0.304174 0.461289 0.109658 0.157743 0.19735 0.0146175 0.096062 0.193329 0.191563 0.0624366 0.348598 0.0960726 0.315848 0.851889 0.717576 0.666784 0.504197 0.0289545 0.0459082 0.592766 0.884947 0.427985 0.872749 0.662606 0.636345 0.42825 0.533712 0.558766 0.578209 0.745052 0.0260669 0.491115 0.0471228 0.475175 0.777749 0.941049 0.690909 0.708129 0.778698 0.866226 0.579895 
