20.5744 1100111110010100011100101010000011101000000011011010010110101011010001110010010100101101101100101101
78.2711 1001001010111000000010110001010000000101101001010101000000110001011101010101111100011010000001010001
0.669097 0.184988 0.78168 0.573908 0.441914 0.183995 0.0998201 0.219653 0.833339 0.426765 0.754573 0.996866 8.3094e-05 0.975955 0.419121 0.681557 0.75263 0.578859 0.394941 0.479574 0.39094 0.667162 0.756127 0.833681 0.172184 0.212153 0.874715 0.43273 0.876078 0.470606 0.302428 0.767322 0.0103438 0.676243 0.471681 0.634165 0.920427 0.131682 0.839397 0.70486 0.967892 0.904225 0.292806 0.147436 0.141255 0.954299 0.000423552 0.290712 0.48877 0.0299374 0.878425 0.110643 0.704792 0.0271999 0.189782 0.771205 0.778651 0.970985 0.41255 0.795813 0.468711 0.442966 0.377332 0.823279 
0.564856 0.139979 0.96591 0.0311676 0.928447 0.522347 0.0437534 0.696172 0.247593 0.989086 0.783308 0.496989 0.587992 0.420941 0.387266 0.489014 0.410941 0.29208 0.646018 0.871962 0.936199 0.736293 0.292029 0.7818 0.31936 0.0999665 0.551668 0.738008 0.3056 0.497693 0.851174 0.758269 0.330623 0.546061 0.666165 0.979667 0.46738 0.575363 0.132279 0.267007 0.845842 0.243837 0.501066 0.205562 0.26985 0.702655 0.597992 0.20624 0.876222 0.205322 0.216838 0.0246754 0.0280301 0.495973 0.406533 0.0573736 0.827224 0.042233 0.0451794 0.363531 0.141211 0.413578 0.693933 0.163428 
0.305127 0.105613 0.989137 0.146306 0.104107 0.127405 0.783559 0.164265 0.0212942 0.312238 0.00191367 0.0457812 0.202007 0.547461 0.888515 0.0755264 0.79348 0.804166 0.626305 0.768079 0.614447 0.770168 0.234813 0.699105 0.670378 0.766922 0.495076 0.297156 0.370507 0.514516 0.906268 0.785825 0.764592 0.821176 0.718385 0.711268 0.409485 0.692426 0.441642 0.51666 0.470351 0.103128 0.290984 0.94168 0.184258 0.332311 0.642636 0.685064 0.919382 0.989617 0.215046 0.61777 0.2 0.812185 0.340115 0.0337482 0.590739 0.964302 0.472972 0.839032 0.20388 0.150986 0.488898 0.982438 
0.840668 0.0283468 0.446875 0.385475 0.969291 0.198989 0.821482 0.357958 0.00879182 0.829952 0.422076 0.105574 0.264559 0.184452 0.227147 0.741617 0.957662 0.838579 0.483932 0.14468 0.654261 0.618726 0.931509 0.560785 0.0407723 0.144047 0.48604 0.985476 0.201642 0.660327 0.0152189 0.0404457 0.381029 0.932775 0.247187 0.755525 0.448492 0.666729 0.405287 0.738153 0.214247 0.214814 0.642873 0.552301 0.274688 0.0900033 0.522806 0.936958 0.906812 0.10991 0.960039 0.491982 0.0956153 0.697983 0.699308 0.794795 0.585388 0.0723108 0.734408 0.499915 0.561327 0.0919686 0.991452 0.874347 
0.270437 0.843 0.850575 0.997387 0.717616 0.750276 0.844408 0.236782 0.105972 0.20851 0.799376 0.411558 0.518169 0.991751 0.557609 0.720016 0.208008 0.463925 0.805144 0.671989 0.770138 0.952689 0.0105352 0.840563 0.384285 0.68423 0.446887 0.711908 0.773652 0.577353 0.425043 0.643177 0.951745 0.874722 0.0823311 0.655861 0.23849 0.664287 0.944504 0.574708 0.259022 0.397063 0.530185 0.0609608 0.483674 0.791987 0.173359 0.130939 0.130611 0.402202 0.376609 0.0346947 0.726244 0.751666 0.911372 0.0837163 0.999548 0.208553 0.455113 0.64775 0.983444 0.596798 0.0908848 0.618874 
0.140809 0.4386 0.546347 0.423502 0.203841 0.665041 0.880555 0.58836 0.339061 0.699179 0.877499 0.257125 0.291478 0.436988 0.87356 0.480231 0.985369 0.1646 0.194645 0.216844 0.271568 0.531209 0.336528 0.0404511 0.973829 0.866433 0.766073 0.0939583 0.60983 0.559275 0.374325 0.308891 0.996228 0.438271 0.0837277 0.117474 0.606989 0.970535 0.0300674 0.827135 0.489768 0.958139 0.468996 0.292072 0.657476 0.254332 0.436292 0.758419 0.0210941 0.491397 0.241601 0.525924 0.117748 0.300326 0.439066 0.89834 0.686928 0.0835978 0.378462 0.0218449 0.131356 0.489315 0.209347 0.459469 
0.849848 0.730308 0.314372 0.370927 0.156303 0.837255 0.591905 0.586847 0.37254 0.593935 0.93027 0.152762 0.34403 0.224046 0.133477 0.893119 0.527938 0.476967 0.317884 0.125548 0.503372 0.239912 0.291068 0.608752 0.600428 0.90552 0.898938 0.934895 0.471036 0.459806 0.162637 0.421647 0.975769 0.281216 0.674137 0.383708 0.12982 0.449942 0.89778 0.767333 0.22698 0.933465 0.917152 0.660532 0.484367 0.220218 0.773852 0.382877 0.100848 0.245781 0.690453 0.0959718 0.635787 0.515059 0.723197 0.107511 0.283691 0.226743 0.195117 0.60484 0.860668 0.560085 0.991533 0.0317634 
0.543029 0.507088 0.100663 0.383772 0.0521735 0.220556 0.363081 0.283758 0.288262 0.525302 0.28102 0.834782 0.508526 0.527152 0.42765 0.764481 0.182111 0.2774 0.182285 0.645676 0.159283 0.685012 0.978522 0.858577 0.0877219 0.119935 0.90057 0.388664 0.637287 0.989045 0.914401 0.607822 0.206117 0.983316 0.268985 0.349339 0.339423 0.0530864 0.950956 0.857211 0.227305 0.671234 0.656388 0.719977 0.486935 0.678124 0.477639 0.0610315 0.992314 0.84927 0.0859518 0.935987 0.402909 0.244065 0.453945 0.537864 0.173459 0.100398 0.898631 0.101978 0.883065 0.670811 0.495486 0.0471209 
0.618919 0.458411 0.233705 0.416469 0.496537 0.982534 0.285951 0.822777 0.756826 0.353515 0.0250219 0.0995362 0.437816 0.040399 0.113367 0.671463 0.9966 0.733586 0.921079 0.215102 0.770543 0.610933 0.199458 0.0881396 0.63887 0.535034 0.125158 0.679793 0.704532 0.13447 0.0115687 0.609442 0.580661 0.00243462 0.800531 0.353404 0.563544 0.0363311 0.63259 0.238148 0.854723 0.820721 0.593249 0.700762 0.109519 0.20249 0.836019 0.602028 0.153073 0.412019 0.48926 0.962429 0.73241 0.714053 0.417804 0.347676 0.380041 0.374994 0.249097 0.0095058 0.237992 0.679681 0.157831 0.739812 
0.665647 0.82551 0.748256 0.168409 0.876182 0.807665 0.158001 0.996705 0.025347 0.171181 0.260143 0.48565 0.463172 0.818231 0.275958 0.683794 0.646252 0.8513 0.118206 0.493349 0.26314 0.242464 0.996182 0.996107 0.657508 0.325785 0.824749 0.0362732 0.987399 0.641553 0.699008 0.614219 0.358919 0.990314 0.944028 0.80493 0.35755 0.954473 0.429056 0.691266 0.835026 0.0547665 0.315007 0.338177 0.454123 0.0792533 0.430405 0.936215 0.362495 0.68294 0.0713832 0.831915 0.0450544 0.0395009 0.22328 0.877395 0.574416 0.338723 0.153636 0.274591 0.196405 0.137945 0.902633 0.25733 
0.00807983 0.0472066 0.740844 0.0675788 0.067885 0.925591 0.385718 0.0946593 0.138182 0.660281 0.469477 0.670565 0.690861 0.292528 0.098458 0.437566 0.628579 0.0299621 0.306173 0.354007 0.00250757 0.727535 0.360365 0.393424 0.875197 0.712393 0.319882 0.15729 0.375708 0.888942 0.234149 0.626323 0.455537 0.657716 0.0553506 0.130891 0.738432 0.204315 0.0416181 0.115583 0.761062 0.316738 0.251423 0.575793 0.800249 0.975009 0.727723 0.822927 0.472015 0.27815 0.22902 0.365756 0.173168 0.26884 0.0504858 0.91596 0.960442 0.901627 0.0534878 0.524391 0.249252 0.603255 0.519212 0.70486 
0.987196 0.299517 0.219011 0.989853 0.0853516 0.656103 0.211709 0.881511 0.197331 0.990315 0.239853 0.848964 0.991892 0.96479 0.949274 0.180766 0.495026 0.486099 0.878848 0.98776 0.998583 0.569215 0.980438 0.170739 0.121125 0.881664 0.457851 0.0818735 0.755135 0.409934 0.146784 0.390224 0.599712 0.286806 0.990115 0.26624 0.221508 0.0178854 0.387312 0.585615 0.228245 0.684559 0.600902 0.226833 0.180813 0.315391 0.206011 0.0571455 0.996452 0.11711 0.585492 0.296074 0.620402 0.791123 0.240181 0.476503 0.910823 0.863072 0.696086 0.769037 0.544327 0.145362 0.506333 0.0563 
0.486111 0.989054 0.122291 0.998885 0.054733 0.605456 0.691685 0.644024 0.420973 0.662872 0.324896 0.780689 0.962299 0.596523 0.793926 0.482936 0.197141 0.0662955 0.307621 0.100717 0.0382345 0.476451 0.712112 0.713685 0.940012 0.841483 0.623853 0.264514 0.0590064 0.533081 0.476596 0.246009 0.553355 0.261812 0.675934 0.511735 0.328608 0.590737 0.549664 0.848909 0.155298 0.031763 0.399328 0.577849 0.689258 0.18946 0.530569 0.460895 0.591736 0.570578 0.527408 0.844568 0.164399 0.334361 0.601618 0.405707 0.585006 0.680039 0.532394 0.538563 0.526766 0.274172 0.855232 0.919391 
0.879376 0.225532 0.487887 0.844667 0.815816 0.636701 0.973825 0.762498 0.601506 0.0459717 0.67519 0.0882583 0.638753 0.858314 0.203922 0.745823 0.163596 0.984236 0.531945 0.345495 0.371585 0.976722 0.248985 0.644138 0.106475 0.0299485 0.381637 0.466426 0.228193 0.984096 0.120747 0.562795 0.699668 0.0478496 0.0214181 0.142007 0.360552 0.7575 0.625013 0.912102 0.151075 0.239666 0.57561 0.389941 0.276158 0.308948 0.300849 0.114808 0.101247 0.198793 0.826432 0.08048 0.208498 0.285684 0.215 0.255954 0.287841 0.48105 0.837538 0.350433 0.813594 0.506534 0.249509 0.374094 
0.588929 0.298703 0.0636041 0.345268 0.121414 0.74318 0.535507 0.477377 0.181653 0.543416 0.256248 0.343045 0.0922519 0.19005 0.602698 0.676831 0.436004 0.297399 0.500398 0.0611845 0.0413115 0.108393 0.734536 0.360184 0.14314 0.957028 0.10734 0.877603 0.410345 0.105098 0.100899 0.607773 0.470656 0.450106 0.678803 0.150727 0.14822 0.606479 0.523416 0.361296 0.987585 0.796648 0.3867 0.156401 0.138528 0.0528148 0.321487 0.80797 0.697948 0.377498 0.402383 0.477722 0.0410179 0.941162 0.208699 0.275671 0.84198 0.0475457 0.745533 0.960349 0.520118 0.324154 0.617181 0.912438 
0.979074 0.994133 0.548578 0.710708 0.539268 0.729841 0.637358 0.696215 0.707015 0.249904 0.554556 0.0117059 0.770079 0.320896 0.138904 0.595035 0.00804187 0.0668778 0.18333 0.618538 0.366422 0.498394 0.854196 0.640563 0.435955 0.270476 0.923613 0.0874115 0.485673 0.480918 0.0436835 0.341313 0.446936 0.199833 0.838249 0.672131 0.822933 0.862266 0.510053 0.953764 0.504132 0.671788 0.386647 0.634449 0.690815 0.864442 0.959987 0.49776 0.60516 0.872342 0.955415 0.993144 0.609612 0.745645 0.960237 0.829504 0.222956 0.625937 0.340922 0.517198 0.0276041 0.995791 0.367083 0.144241 
0.552774 0.999702 0.509147 0.438763 0.691224 0.0234245 0.0191916 0.949146 0.11901 0.182751 0.950991 0.84585 0.135258 0.400114 0.153738 0.631083 0.0137309 0.71247 0.561907 0.068011 0.648049 0.897305 0.0713898 0.617728 0.18239 0.0941004 0.349554 0.186127 0.0662183 0.395985 0.270424 0.73155 0.917908 0.447105 0.250708 0.386723 0.138325 0.943444 0.276553 0.529655 0.170408 0.578675 0.167493 0.517261 0.615441 0.0446541 0.396884 0.28158 0.205256 0.412783 0.861678 0.860893 0.530152 0.992296 0.385976 0.885093 0.804396 0.690525 0.118108 0.402775 0.34349 0.354476 0.889161 0.999829 
0.296912 0.758445 0.867558 0.129046 0.050441 0.965925 0.177454 0.0509836 0.739075 0.709773 0.362032 0.29409 0.233928 0.98817 0.292155 0.393667 0.54883 0.854008 0.670626 0.897845 0.554034 0.0142065 0.775253 0.305224 0.802517 0.595848 0.43037 0.000538017 0.425197 0.733015 0.371412 0.732505 0.565579 0.859688 0.916346 0.594915 0.423879 0.977063 0.544515 0.532337 0.507742 0.759213 0.862549 0.224868 0.801412 0.703691 0.161699 0.938341 0.385066 0.211125 0.374867 0.633718 0.751957 0.67112 0.741755 0.155787 0.819503 0.236447 0.205792 0.161223 0.192635 0.627176 0.420093 0.619948 
0.279392 0.810171 0.171087 0.292383 0.258265 0.319032 0.658743 0.203685 0.95498 0.644238 0.383125 0.858493 0.460703 0.406177 0.883065 0.358926 0.3339 0.0112813 0.896039 0.389199 0.748308 0.844334 0.744404 0.686201 0.454627 0.426267 0.464083 0.860292 0.201208 0.394626 0.633106 0.160674 0.795288 0.341769 0.613295 0.0530806 0.233035 0.11796 0.0499041 0.795852 0.524058 0.345305 0.667203 0.335499 0.859409 0.0318819 0.0710126 0.914269 0.953337 0.162153 0.388172 0.759261 0.0815267 0.142648 0.824494 0.449033 0.923541 0.897349 0.373435 0.278158 0.671123 0.86011 0.825663 0.304355 
0.691986 0.207972 0.831337 0.716329 0.650192 0.671247 0.692257 0.23206 0.503934 0.71122 0.83841 0.705434 0.40474 0.397496 0.954822 0.625913 0.540479 0.85864 0.854194 0.778236 0.264526 0.998031 0.469886 0.484596 0.552934 0.25138 0.988424 0.798975 0.301352 0.412681 0.518942 0.876752 0.750613 0.165462 0.0680455 0.645294 0.237972 0.0137286 0.897046 0.680389 0.385587 0.975688 0.102249 0.364377 0.746371 0.0364619 0.380672 0.592792 0.265832 0.984285 0.664483 0.640863 0.305777 0.497113 0.753588 0.627371 0.0738663 0.699639 0.138287 0.0896003 0.0805729 0.747467 0.47836 0.282494 
0.848875 0.650153 0.441868 0.132915 0.11955 0.76731 0.0958111 0.868688 0.388573 0.41483 0.170845 0.25868 0.902617 0.227442 0.178799 0.651861 0.521001 0.952012 0.127737 0.891975 0.826214 0.360727 0.863024 0.293683 0.737478 0.63727 0.00959839 0.377309 0.719877 0.495122 0.708472 0.899886 0.327321 0.487033 0.847031 0.51037 0.201366 0.844043 0.856568 0.908663 0.11296 0.697697 0.0184708 0.687809 0.986497 0.542639 0.569485 0.334501 0.623782 0.641789 0.77782 0.642872 0.83313 0.717522 0.290851 0.0948182 0.167187 0.652468 0.890951 0.258789 0.771227 0.25599 0.163654 0.441218 
0.206262 0.367768 0.892694 0.0755675 0.501149 0.562241 0.97633 0.251428 0.217942 0.452215 0.74812 0.650778 0.72585 0.0348103 0.306728 0.168668 0.594682 0.314474 0.617399 0.641287 0.545695 0.0160203 0.395765 0.187966 0.995377 0.179354 0.637606 0.989319 0.824992 0.134263 0.104674 0.779005 0.469578 0.142343 0.787845 0.778957 0.525262 0.257529 0.67698 0.636896 0.892253 0.983263 0.288949 0.0543864 0.732918 0.410793 0.456485 0.255593 0.0786374 0.107631 0.328615 0.114481 0.351479 0.982446 0.859906 0.604643 0.712538 0.638383 0.692788 0.554213 0.877053 0.371877 0.813311 0.570158 
0.517172 0.381323 0.359067 0.10145 0.0288476 0.55417 0.773237 0.276018 0.666008 0.525666 0.686518 0.345189 0.0925745 0.756552 0.29366 0.611912 0.816841 0.939313 0.860417 0.0850773 0.843561 0.61967 0.769511 0.408471 0.652993 0.499442 0.426337 0.0689907 0.79483 0.94386 0.0778174 0.316798 0.186791 0.734092 0.711856 0.288166 0.269895 0.829496 0.587238 0.696148 0.474139 0.747773 0.309113 0.899121 0.656455 0.532979 0.00404197 0.412005 0.716117 0.898437 0.362814 0.568093 0.254124 0.972646 0.786689 0.766077 0.208698 0.559406 0.28572 0.0732838 0.426364 0.893216 0.502533 0.30934 
0.530909 0.0263324 0.295637 0.568503 0.447241 0.0915704 0.34646 0.0222371 0.127573 0.561549 0.585607 0.853406 0.345699 0.117817 0.238901 0.846293 0.480738 0.156208 0.251868 0.894539 0.210194 0.146836 0.648783 0.493639 0.398998 0.309484 0.504565 0.140814 0.107455 0.651065 0.0319225 0.198444 0.709752 0.0234999 0.932872 0.932501 0.136161 0.791461 0.277396 0.183943 0.333256 0.163188 0.531901 0.456861 0.00639883 0.700017 0.928331 0.417638 0.687394 0.958458 0.556408 0.759811 0.0588945 0.434673 0.521572 0.609064 0.870586 0.462212 0.440193 0.286164 0.658294 0.411759 0.246425 0.32444 
0.885687 0.879702 0.788285 0.575705 0.364778 0.767825 0.0975622 0.453936 0.776726 0.66217 0.605542 0.0471262 0.766043 0.431357 0.880297 0.94884 0.784493 0.829918 0.469841 0.627743 0.842317 0.349219 0.124193 0.826044 0.593331 0.837184 0.0230856 0.432467 0.0644664 0.85306 0.564325 0.401221 0.100246 0.596529 0.352838 0.0777664 0.225925 0.183231 0.896954 0.572854 0.115933 0.737502 0.782618 0.674251 0.242989 0.745314 0.920315 0.923077 0.287459 0.464324 0.426516 0.884487 0.835355 0.516792 0.946608 0.95496 0.591437 0.697666 0.675921 0.834014 0.974275 0.378643 0.6164 0.482521 
0.177351 0.00787006 0.665292 0.722023 0.312632 0.403334 0.296932 0.818457 0.745906 0.576294 0.891808 0.0023393 0.443251 0.976922 0.620685 0.994959 0.0295248 0.878186 0.0528751 0.321318 0.437126 0.609736 0.718399 0.735749 0.441618 0.52108 0.238585 0.541147 0.276061 0.438028 0.437685 0.438654 0.126051 0.42949 0.810907 0.810829 0.951691 0.786066 0.349082 0.0567435 0.836682 0.259638 0.645138 0.656701 0.0690643 0.733371 0.0158942 0.844241 0.645451 0.10454 0.284638 0.280978 0.384146 0.955913 0.444197 0.572061 0.874474 0.438992 0.808076 0.0653152 0.399411 0.776918 0.671488 0.0254044 
0.992295 0.681006 0.0337092 0.0417009 0.780477 0.706425 0.820582 0.0268942 0.94569 0.089232 0.770582 0.0195246 0.852013 0.574155 0.208825 0.295739 0.580511 0.354251 0.608903 0.254117 0.928677 0.16619 0.151385 0.243393 0.942402 0.371349 0.562253 0.408581 0.632478 0.800237 0.0826352 0.530414 0.243876 0.831573 0.183468 0.713923 0.0767232 0.696427 0.93413 0.748606 0.476881 0.215935 0.282998 0.0254513 0.220927 0.156852 0.447598 0.485598 0.138147 0.0445826 0.698322 0.210176 0.786111 0.76538 0.982863 0.410814 0.954828 0.501224 0.0118548 0.00521096 0.794972 0.264243 0.958977 0.0126942 
0.343464 0.231722 0.334266 0.286273 0.768084 0.875597 0.857843 0.105516 0.285017 0.190901 0.559457 0.459167 0.0743524 0.206466 0.684489 0.432434 0.0287714 0.118623 0.210785 0.855192 0.435316 0.081562 0.379499 0.422259 0.664306 0.0971272 0.917926 0.88938 0.582642 0.720982 0.985328 0.35585 0.0659345 0.13192 0.606042 0.54457 0.67867 0.177176 0.178298 0.387603 0.940137 0.107482 0.0946685 0.960089 0.962641 0.166362 0.675075 0.371292 0.672094 0.191569 0.669877 0.846068 0.00964355 0.533457 0.301618 0.316262 0.909038 0.740992 0.909898 0.396439 0.356202 0.00326976 0.629085 0.497812 
0.599645 0.746437 0.879111 0.158958 0.287579 0.173389 0.173915 0.437972 0.250223 0.982401 0.094592 0.166924 0.567062 0.990446 0.182257 0.232797 0.679877 0.322994 0.485949 0.502302 0.0342454 0.847445 0.021486 0.42486 0.799779 0.203219 0.418193 0.892139 0.681792 0.433231 0.86094 0.256371 0.860543 0.341906 0.171534 0.187817 0.426292 0.182936 0.570605 0.543992 0.977779 0.866266 0.299271 0.388934 0.24844 0.152356 0.771898 0.443041 0.268331 0.35228 0.574013 0.347833 0.592966 0.307988 0.18518 0.584758 0.676768 0.613263 0.593907 0.413154 0.320651 0.347357 0.315164 0.586542 
0.323803 0.186781 0.222543 0.584475 0.0115229 0.40279 0.300867 0.130516 0.932616 0.791673 0.858546 0.465774 0.634936 0.640266 0.194588 0.284454 0.823033 0.85064 0.761388 0.667918 0.835359 0.302768 0.217668 0.651988 0.138694 0.0224154 0.408882 0.130641 0.37553 0.94813 0.604161 0.896748 0.759609 0.731356 0.0228237 0.789212 0.0451346 0.102123 0.352798 0.912909 0.203213 0.523182 0.901553 0.613852 0.401874 0.526782 0.884175 0.819499 0.595085 0.902979 0.336741 0.922446 0.140285 0.562924 0.734621 0.579854 0.0619947 0.816798 0.342222 0.312234 0.298516 0.12249 0.395302 0.262218 
0.761624 0.671481 0.352674 0.164254 0.378524 0.956112 0.300676 0.415759 0.658882 0.59362 0.839579 0.786827 0.642994 0.365465 0.740828 0.707012 0.147682 0.870811 0.936794 0.24738 0.629851 0.314023 0.97822 0.180581 0.564899 0.0988947 0.581134 0.20785 0.409391 0.449418 0.446174 0.868303 0.967549 0.148279 0.217334 0.276109 0.183211 0.563855 0.140399 0.0313553 0.599621 0.928731 0.931156 0.78804 0.401308 0.839681 0.481644 0.293025 0.55541 0.192145 0.747037 0.748556 0.585662 0.712575 0.47183 0.0803883 0.961723 0.766427 0.368693 0.418915 0.478783 0.351519 0.782258 0.829761 
0.0660538 0.391214 0.703415 0.0225473 0.813506 0.518253 0.850914 0.818655 0.255253 0.0246374 0.670174 0.725925 0.00245194 0.421369 0.193514 0.681349 0.398912 0.72388 0.0347578 0.54496 0.187446 0.975177 0.149753 0.807903 0.61734 0.183863 0.609027 0.907232 0.31277 0.1777 0.76833 0.170702 0.687238 0.0617759 0.274519 0.183191 0.625467 0.966516 0.919261 0.735029 0.48174 0.988739 0.586687 0.561532 0.808926 0.551557 0.649586 0.204793 0.440134 0.74089 0.508908 0.0672073 0.79326 0.607158 0.547964 0.0379027 0.988261 0.911699 0.800937 0.447447 0.5 0.975625 0.105241 0.876249 
0.38286 0.950184 0.081249 0.352728 0.787527 0.555221 0.66443 0.953659 0.172518 0.266355 0.808285 0.820646 0.224882 0.646196 0.585425 0.0518067 0.113775 0.714968 0.475369 0.141593 0.347785 0.483047 0.59004 0.734449 0.122717 0.106685 0.953732 0.237722 0.738682 0.0247018 0.0764001 0.945877 0.798603 0.176046 0.461646 0.754547 0.886105 0.265154 0.697342 0.239658 0.481956 0.190209 0.65055 0.359563 0.150021 0.200682 0.688369 0.0510432 0.625149 0.228045 0.97452 0.501112 0.841112 0.97489 0.588911 0.440102 0.254232 0.0707643 0.158552 0.85094 0.466077 0.641354 0.890945 0.431654 
0.0400203 0.0992727 0.848127 0.770191 0.314878 0.233314 0.0102676 0.3756 0.466567 0.015277 0.452916 0.170339 0.320273 0.958107 0.831634 0.585398 0.110361 0.630928 0.954849 0.930177 0.893179 0.168051 0.571014 0.166 0.409578 0.0176946 0.497421 0.715435 0.125669 0.970579 0.234227 0.194418 0.370708 0.736429 0.542315 0.0711635 0.0220516 0.576081 0.454527 0.735155 0.389919 0.119167 0.954431 0.996382 0.707171 0.802766 0.0740375 0.841349 0.932883 0.345925 0.736054 0.0501425 0.254269 0.867494 0.0887503 0.487395 0.44187 0.844445 0.125005 0.393033 0.29206 0.572592 0.0581044 0.683651 
0.692395 0.235818 0.533568 0.401847 0.722379 0.785977 0.372524 0.849811 0.952453 0.84169 0.276897 0.602583 0.0469735 0.246156 0.761218 0.860859 0.0214833 0.317324 0.3299 0.347148 0.920747 0.119367 0.270846 0.970181 0.563861 0.257811 0.138233 0.412074 0.735217 0.782497 0.276771 0.353995 0.859046 0.772145 0.907811 0.0768246 0.663006 0.888273 0.882755 0.421793 0.239918 0.546923 0.217684 0.944026 0.467118 0.134512 0.341659 0.365842 0.704285 0.353649 0.974524 0.295959 0.473288 0.48208 0.0620619 0.165574 0.901803 0.7691 0.674675 0.380581 0.0567147 0.591212 0.735598 0.2078 
0.447637 0.413799 0.12103 0.365672 0.209502 0.183337 0.294869 0.348028 0.73902 0.106498 0.897391 0.449244 0.31213 0.958731 0.263768 0.123761 0.160713 0.432424 0.221091 0.181184 0.394824 0.963117 0.609084 0.0161901 0.885201 0.295862 0.657381 0.568541 0.939079 0.611474 0.810997 0.632188 0.705514 0.374954 0.716562 0.927752 0.859148 0.542137 0.637085 0.677067 0.201304 0.916856 0.950705 0.729979 0.0298517 0.705749 0.674987 0.492811 0.543127 0.738315 0.0926184 0.188768 0.149225 0.179148 0.94376 0.620987 0.244279 0.0364737 0.40642 0.755792 0.742793 0.0450911 0.300578 0.147094 
0.953444 0.511388 0.315564 0.374179 0.16802 0.90025 0.22609 0.916867 0.905973 0.421791 0.402665 0.576741 0.202436 0.667802 0.489885 0.797075 0.0174899 0.452356 0.352696 0.80409 0.905904 0.113799 0.877764 0.780296 0.526277 0.814137 0.586972 0.458011 0.185994 0.680278 0.0170448 0.186344 0.0625126 0.534537 0.44877 0.550283 0.3256 0.555217 0.56384 0.226416 0.921193 0.222927 0.0670814 0.8397 0.94343 0.842957 0.125178 0.405211 0.0111744 0.124272 0.20016 0.0726409 0.680185 0.0105 0.325586 0.138912 0.720199 0.216371 0.627218 0.398448 0.107148 0.442863 0.884193 0.851929 
0.0515597 0.280615 0.737294 0.43916 0.779061 0.747598 0.487725 0.12825 0.0537522 0.650601 0.656371 0.863346 0.63448 0.940641 0.76439 0.900435 0.380436 0.981462 0.825845 0.980643 0.188191 0.972614 0.00875999 0.37765 0.611603 0.901701 0.418449 0.645205 0.889877 0.917638 0.772456 0.813149 0.601026 0.110453 0.935726 0.127085 0.0564035 0.233756 0.899264 0.0773322 0.40363 0.334415 0.946875 0.0878759 0.138154 0.404549 0.447829 0.0371918 0.95851 0.719974 0.747463 0.248125 0.840997 0.059954 0.990947 0.745033 0.433951 0.0920634 0.627692 0.50963 0.0380725 0.108054 0.15632 0.222188 
0.0304595 0.916341 0.975922 0.314444 0.816484 0.128707 0.431861 0.943566 0.676841 0.399159 0.399324 0.656725 0.162444 0.370791 0.52442 0.0248444 0.526959 0.840971 0.121989 0.589277 0.608166 0.931079 0.363341 0.199296 0.038322 0.0691852 0.870577 0.584704 0.0232759 0.645705 0.317828 0.841079 0.939777 0.721592 0.258144 0.161864 0.548459 0.122142 0.414048 0.457898 0.907836 0.6683 0.370778 0.346459 0.954346 0.368186 0.587603 0.322515 0.123763 0.0878704 0.0789471 0.630768 0.674946 0.957141 0.277913 0.996459 0.222522 0.0402182 0.186667 0.551698 0.99029 0.316543 0.756388 0.330729 
0.43622 0.220673 0.358206 0.739293 0.476907 0.919202 0.741621 0.338171 0.139601 0.249836 0.620193 0.675956 0.688328 0.59146 0.723682 0.607679 0.287603 0.0387991 0.398245 0.698138 0.0902318 0.798013 0.134777 0.0205951 0.257437 0.120023 0.440922 0.639197 0.342945 0.0285626 0.0484941 0.632196 0.862652 0.153 0.50908 0.11267 0.146599 0.00964805 0.207366 0.792665 0.699157 0.310072 0.61858 0.817054 0.807507 0.696511 0.351071 0.0392248 0.574506 0.726799 0.972053 0.234296 0.798404 0.767009 0.0873368 0.967547 0.445772 0.986943 0.7102 0.0807524 0.823282 0.239827 0.190819 0.868248 
0.643863 0.0826637 0.307833 0.147429 0.115196 0.599148 0.168463 0.0362177 0.378174 0.861909 0.945148 0.545645 0.531241 0.0939929 0.343726 0.261638 0.172567 0.584932 0.371608 0.0289708 0.412098 0.255122 0.270908 0.648216 0.687696 0.0112343 0.907114 0.526626 0.30692 0.43443 0.380442 0.000944084 0.650589 0.320807 0.584831 0.547693 0.182554 0.0416465 0.377114 0.115708 0.657466 0.874845 0.419786 0.684383 0.756887 0.312033 0.202917 0.369126 0.485391 0.0809087 0.267593 0.870494 0.342082 0.70911 0.552279 0.87479 0.121829 0.509774 0.272838 0.560528 0.948918 0.616849 0.801374 0.946555 
0.162563 0.254874 0.632935 0.572064 0.842339 0.3001 0.241537 0.674251 0.0296188 0.647727 0.214612 0.318832 0.170857 0.349923 0.536132 0.7318 0.989396 0.033971 0.981837 0.247691 0.47583 0.405647 0.501015 0.0199041 0.946696 0.897823 0.925111 0.788466 0.073701 0.409123 0.294208 0.0528015 0.185436 0.954457 0.884746 0.25946 0.896137 0.861269 0.259036 0.398708 0.121471 0.839169 0.664755 0.698887 0.39255 0.0611741 0.872767 0.516972 0.570356 0.509913 0.783334 0.723966 0.161525 0.514601 0.911098 0.516064 0.709219 0.100613 0.898542 0.503047 0.357389 0.0215657 0.445509 0.230624 
0.0944027 0.744056 0.285119 0.199502 0.96627 0.850787 0.268105 0.0146332 0.638439 0.943193 0.45421 0.753977 0.88239 0.607961 0.20289 0.744142 0.0618427 0.279585 0.281159 0.657194 0.676 0.0680895 0.204142 0.27496 0.835362 0.631606 0.810404 0.27876 0.824362 0.314557 0.780893 0.263892 0.211878 0.0578067 0.377679 0.196744 0.389112 0.849412 0.370523 0.817885 0.496038 0.588816 0.533344 0.341888 0.100615 0.979741 0.918706 0.670494 0.977295 0.388083 0.307502 0.94513 0.643678 0.299417 0.410142 0.0870761 0.649217 0.207024 0.283369 0.393698 0.586296 0.0182898 0.375544 0.583543 
0.283377 0.597623 0.334548 0.904104 0.68894 0.518037 0.962852 0.258072 0.21895 0.672795 0.979327 0.203688 0.624385 0.950469 0.18213 0.12768 0.525843 0.251627 0.853538 0.624265 0.392012 0.236023 0.869189 0.851914 0.929234 0.40046 0.228816 0.313117 0.605599 0.160038 0.427724 0.53917 0.584737 0.405896 0.137494 0.507188 0.631909 0.118727 0.848041 0.0740812 0.634653 0.175587 0.644575 0.172002 0.404205 0.402324 0.864176 0.0345492 0.14663 0.0488944 0.983361 0.532517 0.975108 0.908217 0.299632 0.492848 0.254983 0.926451 0.385044 0.954617 0.163753 0.605459 0.9379 0.138676 
0.791411 0.994124 0.336386 0.608984 0.807598 0.943826 0.0297588 0.305089 0.0730765 0.981044 0.634184 0.321859 0.963912 0.0496333 0.821009 0.858666 0.918094 0.907569 0.111598 0.0146598 0.112718 0.969746 0.6297 0.422152 0.111212 0.282517 0.438337 0.669152 0.309786 0.409692 0.505904 0.599702 0.330063 0.0708156 0.422446 0.702436 0.0549864 0.370448 0.339591 0.0967866 0.497877 0.849168 0.377783 0.676285 0.421931 0.431072 0.226382 0.189309 0.454348 0.540845 0.653518 0.231229 0.686267 0.557504 0.0479879 0.276049 0.131702 0.114883 0.12283 0.27631 0.0294397 0.998911 0.532033 0.772964 
0.215589 0.0125234 0.034598 0.436159 0.431133 0.957299 0.197791 0.245227 0.484668 0.915494 0.979516 0.525726 0.246255 0.62826 0.795052 0.546253 0.316773 0.67508 0.0636667 0.650052 0.0481267 0.715505 0.742891 0.571052 0.899968 0.0283178 0.629557 0.279456 0.00799465 0.0769969 0.832395 0.991194 0.870308 0.715005 0.628018 0.103821 0.53323 0.469858 0.532879 0.404923 0.781481 0.202475 0.328466 0.5453 0.642911 0.606279 0.83003 0.832012 0.785778 0.644441 0.878835 0.2839 0.298193 0.90903 0.138057 0.378977 0.382202 0.307635 0.265186 0.807979 0.336938 0.879379 0.399392 0.307016 
0.675499 0.25555 0.911033 0.28099 0.515494 0.962363 0.0557107 0.394788 0.188232 0.793245 0.515025 0.131314 0.458533 0.880618 0.000834273 0.118806 0.633313 0.79933 0.887586 0.295261 0.697742 0.840389 0.285636 0.0435021 0.365684 0.954235 0.195815 0.277845 0.6091 0.311372 0.766913 0.725752 0.308581 0.820182 0.11208 0.584532 0.885968 0.034536 0.942087 0.635391 0.0148468 0.31448 0.568948 0.156787 0.279689 0.902118 0.802109 0.908618 0.908293 0.582076 0.222297 0.180206 0.447615 0.827859 0.453285 0.128232 0.555109 0.692098 0.918218 0.604298 0.0209463 0.6644 0.0658817 0.464927 
0.0596101 0.228861 0.432548 0.263201 0.138948 0.96532 0.511859 0.558489 0.677088 0.509715 0.361728 0.186801 0.550922 0.618591 0.385035 0.861365 0.711791 0.111336 0.595359 0.564559 0.716442 0.460425 0.808091 0.349035 0.179261 0.147334 0.0848855 0.432771 0.284071 0.58603 0.907167 0.5162 0.229028 0.467861 0.345417 0.398472 0.429635 0.66695 0.716465 0.950667 0.915662 0.20316 0.83895 0.445755 0.141951 0.538997 0.505634 0.36314 0.635149 0.493849 0.930909 0.790225 0.248745 0.0916818 0.94704 0.586322 0.907612 0.960953 0.820763 0.873697 0.854891 0.975754 0.581433 0.824057 
0.0455075 0.58257 0.430333 0.144327 0.873197 0.477262 0.216883 0.401861 0.578165 0.579801 0.619654 0.559479 0.343373 0.120806 0.509605 0.571385 0.455034 0.177137 0.046711 0.280149 0.851325 0.795119 0.545576 0.460006 0.551856 0.209315 0.342908 0.725095 0.759138 0.698421 0.50581 0.498523 0.472062 0.34152 0.0281029 0.654471 0.733308 0.146159 0.341869 0.926975 0.28385 0.21231 0.57512 0.861331 0.123395 0.974361 0.347786 0.712532 0.957202 0.804325 0.828589 0.543836 0.277611 0.641951 0.990014 0.096912 0.375388 0.97377 0.652427 0.0410789 0.626394 0.0628946 0.123437 0.38296 
0.549931 0.149519 0.0740358 0.517485 0.799677 0.728248 0.83649 0.428444 0.408409 0.125673 0.560577 0.988026 0.519998 0.803325 0.604228 0.84169 0.822732 0.931702 0.00571713 0.808975 0.699608 0.0477847 0.668694 0.205014 0.793222 0.644411 0.81699 0.349688 0.978938 0.133441 0.120852 0.792734 0.19244 0.929621 0.83479 0.577104 0.243432 0.445961 0.999519 0.278836 0.793219 0.80113 0.622675 0.162484 0.128211 0.413859 0.855982 0.119215 0.552844 0.805741 0.227035 0.392249 0.973382 0.517237 0.0984907 0.655993 0.670783 0.3208 0.272777 0.894281 0.940179 0.665838 0.0365367 0.615714 
0.398149 0.816317 0.588338 0.898289 0.830918 0.214993 0.183646 0.710334 0.998831 0.262657 0.231317 0.293337 0.208812 0.368353 0.687831 0.623391 0.769298 0.411989 0.394579 0.468399 0.4454 0.291371 0.0425703 0.605357 0.912559 0.744343 0.70659 0.158005 0.770593 0.406081 0.475555 0.750545 0.00215403 0.867307 0.962142 0.0573448 0.849217 0.109648 0.7361 0.0572434 0.285719 0.164526 0.0748059 0.0539216 0.249099 0.888278 0.5529 0.286083 0.0908589 0.618519 0.392848 0.978039 0.740326 0.866005 0.25923 0.379513 0.195407 0.114965 0.239257 0.350423 0.186151 0.166099 0.160534 0.774186 
0.897477 0.00322342 0.0232268 0.317005 0.575589 0.621188 0.767739 0.60169 0.302269 0.145407 0.49375 0.298503 0.335351 0.604842 0.760628 0.447955 0.920539 0.885388 0.738153 0.295179 0.694318 0.677129 0.0103337 0.166035 0.901176 0.208558 0.497922 0.0281982 0.0555328 0.746302 0.0949275 0.634899 0.926314 0.682211 0.226032 0.579344 0.892314 0.795835 0.76694 0.451666 0.898374 0.316293 0.145159 0.0365377 0.894247 0.164317 0.950662 0.936514 0.333568 0.674047 0.246331 0.316967 0.53205 0.246881 0.204463 0.80002 0.560412 0.626691 0.323819 0.482241 0.737324 0.0381184 0.419559 0.648391 
0.485178 0.492855 0.884262 0.288728 0.025556 0.575353 0.256361 0.503622 0.281357 0.0738351 0.186767 0.316678 0.524248 0.284677 0.93882 0.381647 0.468198 0.00347273 0.225761 0.826977 0.651749 0.217738 0.0419624 0.449365 0.278666 0.755948 0.402738 0.253686 0.113126 0.293653 0.773959 0.621846 0.118569 0.313607 0.181173 0.889176 0.442972 0.536498 0.375446 0.928843 0.0690763 0.216823 0.840946 0.581304 0.644641 0.950914 0.692298 0.809197 0.67748 0.333316 0.612224 0.431891 0.374595 0.210558 0.950328 0.137256 0.359127 0.596936 0.899071 0.0734034 0.753481 0.540691 0.515167 0.0422963 
0.09153 0.851933 0.429158 0.173493 0.213183 0.76051 0.58191 0.146272 0.864382 0.872816 0.137719 0.991163 0.118189 0.244546 0.766628 0.17301 0.559313 0.604337 0.59913 0.111709 0.768955 0.950727 0.578788 0.329217 0.595872 0.551768 0.78818 0.127422 0.190075 0.98648 0.908091 0.266468 0.129981 0.618716 0.0103427 0.136534 0.763404 0.365736 0.598394 0.918021 0.996777 0.00558016 0.134861 0.118835 0.726762 0.396332 0.711847 0.275765 0.714493 0.349286 0.232848 0.875336 0.866338 0.150921 0.495498 0.722599 0.244224 0.710555 0.299768 0.653597 0.843577 0.947818 0.404418 0.350658 
0.45478 0.713111 0.964483 0.995367 0.520512 0.564276 0.0249893 0.337188 0.665357 0.629875 0.108801 0.207931 0.198175 0.781623 0.908877 0.802289 0.550718 0.966992 0.0539301 0.253452 0.0856901 0.761624 0.695293 0.615171 0.542808 0.458586 0.703379 0.0788928 0.524453 0.15615 0.0725887 0.947757 0.652805 0.285297 0.620429 0.191875 0.327602 0.391916 0.218329 0.9493 0.673527 0.712466 0.379784 0.678754 0.830104 0.0691597 0.0100443 0.58403 0.757965 0.251872 0.895459 0.499813 0.346918 0.988484 0.815199 0.695394 0.260031 0.809203 0.479668 0.361754 0.971734 0.107341 0.529141 0.254481 
0.0618338 0.294944 0.968861 0.602088 0.629534 0.713772 0.196409 0.481568 0.444849 0.0743668 0.492152 0.500369 0.95116 0.390736 0.464294 0.386451 0.186266 0.555576 0.85673 0.316087 0.74742 0.107639 0.380353 0.908165 0.973163 0.703885 0.491773 0.364917 0.779301 0.49099 0.884996 0.459405 0.89502 0.568101 0.879816 0.471449 0.622334 0.216399 0.113624 0.0779456 0.0875233 0.46107 0.935054 0.154182 0.496207 0.845671 0.228254 0.193548 0.681269 0.954146 0.825098 0.710284 0.430197 0.00970689 0.0374611 0.885958 0.207442 0.812497 0.327934 0.62491 0.105659 0.900236 0.183827 0.534863 
0.650697 0.925884 0.52446 0.260536 0.873995 0.0634252 0.857794 0.739181 0.439391 0.205708 0.530652 0.0812851 0.854749 0.80069 0.64603 0.805095 0.00654882 0.715224 0.382585 0.478791 0.287746 0.906361 0.466185 0.816891 0.298737 0.893643 0.227709 0.737981 0.486044 0.853024 0.657737 0.91948 0.493839 0.303729 0.419588 0.166701 0.60237 0.0972143 0.847623 0.0590977 0.675247 0.260856 0.373129 0.277187 0.0287301 0.62708 0.207476 0.477071 0.379767 0.932307 0.627687 0.24394 0.911832 0.723249 0.363146 0.666424 0.589496 0.982874 0.229703 0.8625 0.219848 0.45628 0.862832 0.147341 
0.91268 0.793936 0.877751 0.42309 0.73223 0.0279216 0.927423 0.841646 0.017295 0.105774 0.916991 0.406408 0.471087 0.497757 0.0524452 0.895522 0.129062 0.733437 0.847934 0.943644 0.505912 0.0329309 0.0216527 0.482275 0.607969 0.944387 0.943604 0.575793 0.78077 0.663913 0.0786032 0.163525 0.148924 0.653287 0.660825 0.292173 0.670672 0.668107 0.965394 0.764543 0.0923199 0.351026 0.566707 0.365641 0.43688 0.372967 0.899334 0.386064 0.656505 0.316631 0.127053 0.542732 0.507637 0.114204 0.597821 0.94047 0.890929 0.210881 0.131419 0.58808 0.547666 0.90177 0.639926 0.760099 
0.544707 0.523233 0.603853 0.346348 0.226788 0.422233 0.247037 0.197032 0.264824 0.545249 0.457859 0.406754 0.25857 0.0529032 0.0680918 0.298482 0.969841 0.102614 0.865259 0.773888 0.67316 0.482602 0.784791 0.308766 0.276018 0.124631 0.958128 0.590193 0.998914 0.250938 0.383747 0.685495 0.0535571 0.235019 0.131848 0.93549 0.239201 0.0980676 0.602275 0.692802 0.811911 0.921469 0.532783 0.230156 0.885394 0.839015 0.493991 0.278679 0.323176 0.970315 0.769668 0.68607 0.639053 0.661579 0.83052 0.88911 0.427142 0.0992418 0.929412 0.518495 0.384041 0.849214 0.949512 0.890627 
0.72429 0.357714 0.569622 0.574149 0.183873 0.514861 0.442848 0.440588 0.186172 0.793707 0.197101 0.795505 0.843906 0.936888 0.227544 0.312317 0.877252 0.552451 0.0176571 0.79819 0.995184 0.0457904 0.0701555 0.0276119 0.987861 0.439178 0.151142 0.396655 0.349824 0.482076 0.697974 0.657868 0.728711 0.748951 0.496962 0.426159 0.615248 0.711616 0.33471 0.460841 0.799471 0.154899 0.0023138 0.419877 0.673472 0.956013 0.539836 0.439746 0.782014 0.0618783 0.909724 0.327681 0.178126 0.796825 0.462823 0.46051 0.402331 0.212934 0.75664 0.571264 0.46163 0.0334866 0.808154 0.213238 
0.0222495 0.559459 0.683906 0.415426 0.341201 0.939903 0.986053 0.651266 0.2278 0.367781 0.568061 0.498986 0.566656 0.351929 0.205366 0.856117 0.9654 0.345208 0.508204 0.235397 0.950471 0.0117336 0.959123 0.0916144 0.224018 0.380488 0.837546 0.435062 0.321572 0.357626 0.578578 0.87541 0.194854 0.0186505 0.929674 0.278916 0.381431 0.733142 0.0341791 0.368378 0.34467 0.1126 0.748096 0.75878 0.468184 0.622129 0.99665 0.138607 0.143452 0.652262 0.530319 0.215341 0.427284 0.863571 0.275304 0.741465 0.644677 0.450094 0.17181 0.445215 0.0801356 0.36384 0.881141 0.611073 
0.865426 0.320357 0.373969 0.710021 0.752058 0.791521 0.891131 0.388021 0.537953 0.878291 0.778774 0.76097 0.782437 0.886049 0.0114833 0.620118 0.575538 0.503559 0.966568 0.386485 0.304564 0.716052 0.664691 0.696298 0.659083 0.692124 0.00688566 0.994125 0.0408575 0.694724 0.176347 0.400921 0.765166 0.70316 0.302293 0.575924 0.974582 0.322179 0.535796 0.233515 0.613349 0.236098 0.851846 0.886072 0.119031 0.446992 0.871946 0.320549 0.441493 0.355695 0.825636 0.871644 0.721379 0.938918 0.0368335 0.232811 0.838174 0.796188 0.589352 0.668716 0.957448 0.803311 0.413061 0.345426 
0.773422 0.137209 0.639724 0.869317 0.366165 0.682062 0.444104 0.314562 0.288389 0.974996 0.113807 0.383854 0.295012 0.117402 0.484437 0.530892 0.0439208 0.98155 0.339421 0.855934 0.246674 0.621135 0.524624 0.495346 0.00862014 0.379213 0.944239 0.0539202 0.0341643 0.586622 0.153241 0.072923 0.722325 0.919488 0.938326 0.401267 0.160711 0.628104 0.399441 0.698784 0.114177 0.19258 0.300742 0.855634 0.185921 0.887544 0.17348 0.115262 0.0923784 0.185011 0.174053 0.00312373 0.0464203 0.899622 0.359903 0.546576 0.382401 0.481931 0.516617 0.795133 0.397945 0.5471 0.0386374 0.555805 
0.0396685 0.565541 0.78073 0.361862 0.194094 0.692532 0.271094 0.246118 0.319873 0.0971083 0.852977 0.0364479 0.19214 0.176247 0.137331 0.228841 0.930824 0.339889 0.652079 0.926584 0.448763 0.551386 0.599198 0.332898 0.543409 0.369939 0.0369879 0.285934 0.48647 0.449408 0.183339 0.687036 0.708607 0.313574 0.301233 0.419146 0.488878 0.586202 0.733604 0.372912 0.241062 0.242369 0.584549 0.652383 0.0492464 0.744241 0.960644 0.642165 0.310668 0.639811 0.126084 0.434017 0.21343 0.246184 0.139054 0.795315 0.623732 0.840874 0.758035 0.277643 0.367966 0.862387 0.582375 0.946123 
0.388402 0.555906 0.878364 0.55933 0.686353 0.168097 0.101885 0.263777 0.927075 0.94422 0.765132 0.90048 0.86774 0.857494 0.73287 0.214457 0.568616 0.16324 0.564631 0.819763 0.0704751 0.404221 0.294629 0.898447 0.588818 0.216825 0.71428 0.926056 0.956022 0.949822 0.59688 0.221505 0.883691 0.6325 0.569483 0.956526 0.198196 0.418348 0.899321 0.778951 0.6589 0.243237 0.941374 0.00861004 0.215721 0.00130382 0.904828 0.57792 0.0193115 0.111096 0.824971 0.0793052 0.937903 0.984229 0.950738 0.301823 0.289309 0.773038 0.920815 0.0208754 0.583275 0.771283 0.500945 0.531487 
0.138151 0.528188 0.343343 0.726774 0.0669575 0.137397 0.22761 0.0266196 0.598444 0.708146 0.75722 0.174446 0.200573 0.593769 0.253159 0.897219 0.609192 0.815837 0.70047 0.214377 0.572775 0.809607 0.0867192 0.894965 0.988587 0.805167 0.662727 0.468463 0.505495 0.477861 0.0513084 0.152482 0.285471 0.989727 0.917349 0.0463189 0.412895 0.484726 0.647581 0.401786 0.800599 0.52343 0.66675 0.590511 0.129692 0.260974 0.212927 0.0265768 0.298591 0.821222 0.277962 0.401523 0.581371 0.626102 0.391978 0.110251 0.543884 0.0689849 0.78621 0.223359 0.847273 0.986793 0.365449 0.842446 
0.586861 0.405022 0.549347 0.138623 0.425655 0.455649 0.681284 0.815899 0.708882 0.258142 0.092265 0.341144 0.991546 0.482585 0.0516117 0.113885 0.503831 0.215339 0.804985 0.192012 0.108767 0.442336 0.714497 0.348968 0.622861 0.873176 0.88606 0.858171 0.879878 0.908245 0.930548 0.795176 0.626076 0.591008 0.473574 0.576796 0.774218 0.717563 0.791938 0.446176 0.983051 0.425797 0.0987914 0.160283 0.250438 0.149924 0.688901 0.583064 0.451824 0.85406 0.479682 0.209556 0.0447976 0.940769 0.701832 0.595624 0.188433 0.20709 0.601882 0.694155 0.860551 0.112627 0.270436 0.193585 
0.517382 0.945136 0.315996 0.54718 0.108665 0.916396 0.06259 0.0842906 0.143795 0.855288 0.171274 0.102889 0.195942 0.052563 0.0582059 0.698204 0.28412 0.339788 0.666932 0.782179 0.995696 0.510527 0.96492 0.789516 0.140408 0.369651 0.967287 0.592969 0.764339 0.168062 0.334007 0.156101 0.8792 0.462634 0.303866 0.736747 0.0947961 0.394472 0.0882446 0.883167 0.775544 0.637492 0.554196 0.84712 0.0239457 0.120092 0.40382 0.55874 0.387203 0.641834 0.82618 0.196508 0.0244561 0.247246 0.622982 0.504066 0.653773 0.184945 0.771924 0.0996482 0.77751 0.312861 0.446858 0.183861 
0.901439 0.454036 0.527384 0.0754121 0.997245 0.973944 0.719383 0.510506 0.906636 0.750196 0.606429 0.0202062 0.368791 0.910505 0.353291 0.881294 0.540518 0.918602 0.804044 0.690151 0.329104 0.867218 0.799559 0.568796 0.0587857 0.177534 0.693421 0.981175 0.233379 0.598874 0.0474356 0.476274 0.6491 0.266905 0.299785 0.525094 0.928177 0.710649 0.850532 0.527235 0.403879 0.615021 0.962852 0.164148 0.971017 0.796264 0.879496 0.506421 0.378879 0.123802 0.614013 0.120728 0.997709 0.435487 0.175876 0.477735 0.246675 0.165423 0.0947817 0.849462 0.854028 0.688677 0.113181 0.306805 
0.261834 0.111054 0.916828 0.457994 0.702362 0.368644 0.779912 0.618814 0.0765948 0.756204 0.0473588 0.514662 0.310944 0.385612 0.625819 0.158588 0.511513 0.484382 0.80226 0.939616 0.511866 0.683072 0.170453 0.201416 0.142904 0.198182 0.162322 0.624077 0.450518 0.694224 0.976398 0.742305 0.216798 0.773926 0.68444 0.72848 0.37088 0.810876 0.463038 0.175006 0.881626 0.044552 0.805315 0.581559 0.87024 0.773245 0.530819 0.0674868 0.769831 0.652326 0.348046 0.508781 0.126355 0.104546 0.175517 0.0312389 0.0988122 0.0767093 0.61449 0.325374 0.751377 0.200764 0.387331 0.879568 
0.80278 0.359364 0.217047 0.502812 0.122326 0.218928 0.570845 0.899466 0.293346 0.719039 0.943972 0.206954 0.316762 0.622715 0.581182 0.867523 0.147609 0.77355 0.0113911 0.590107 0.995364 0.868686 0.208513 0.470097 0.337294 0.306693 0.468414 0.700843 0.895166 0.0961929 0.017205 0.950792 0.307353 0.767049 0.782449 0.369904 0.536188 0.101999 0.360997 0.588691 0.677752 0.802859 0.804146 0.464559 0.0650207 0.784307 0.756562 0.165296 0.0185986 0.00731684 0.00256635 0.0564453 0.74565 0.583787 0.0707283 0.443666 0.452788 0.754597 0.148985 0.169997 0.0380613 0.882446 0.984269 0.171789 
0.51794 0.908416 0.945329 0.25662 0.383716 0.276893 0.925439 0.030024 0.212088 0.708905 0.361644 0.180649 0.411569 0.375246 0.859101 0.683579 0.165047 0.120481 0.912318 0.258475 0.636279 0.699733 0.358063 0.256912 0.373318 0.0891089 0.833324 0.458835 0.885535 0.491819 0.993833 0.858003 0.822746 0.860143 0.992964 0.0509233 0.37946 0.584099 0.844405 0.109584 0.648979 0.0505101 0.220479 0.788129 0.889315 0.267427 0.124886 0.125404 0.337684 0.182344 0.808179 0.57197 0.00148253 0.138128 0.762781 0.657218 0.856434 0.987998 0.965845 0.234484 0.694535 0.98259 0.0805067 0.400884 
0.810802 0.21076 0.272404 0.333466 0.715221 0.957164 0.725165 0.660097 0.186226 0.242293 0.725309 0.653333 0.851901 0.498946 0.780658 0.520006 0.888639 0.021248 0.454402 0.0403279 0.721711 0.280802 0.962914 0.313825 0.33435 0.225272 0.891862 0.670789 0.00908635 0.870043 0.660431 0.563924 0.49818 0.551798 0.82324 0.34403 0.494028 0.485308 0.932639 0.802798 0.881637 0.324907 0.903297 0.612082 0.38699 0.302008 0.370853 0.051657 0.418047 0.85552 0.0456904 0.709118 0.0427374 0.731536 0.281977 0.516186 0.0197099 0.123168 0.0936184 0.405874 0.354415 0.999302 0.27505 0.235131 
0.468665 0.940889 0.812558 0.822542 0.820513 0.438493 0.10673 0.812659 0.549763 0.375025 0.972225 0.0142988 0.279431 0.319558 0.0356994 0.541418 0.925386 0.259902 0.197164 0.871042 0.901223 0.295502 0.744822 0.427063 0.880937 0.692196 0.397139 0.690208 0.37867 0.713544 0.727118 0.122785 0.624753 0.418139 0.972291 0.848617 0.736421 0.0432606 0.477072 0.521619 0.929301 0.885399 0.760805 0.482751 0.609855 0.196854 0.653894 0.99256 0.559582 0.878853 0.250665 0.388635 0.747571 0.717337 0.248244 0.94605 0.405915 0.667906 0.640087 0.210841 0.816241 0.787111 0.676336 0.748939 
0.0821424 0.916466 0.231304 0.751952 0.796365 0.783862 0.944267 0.946184 0.54837 0.0660517 0.272127 0.655331 0.306103 0.482422 0.718937 0.679858 0.878082 0.263902 0.66461 0.585285 0.144076 0.494373 0.624814 0.550194 0.815085 0.756953 0.825157 0.650639 0.834038 0.0116397 0.791087 0.991027 0.676165 0.43151 0.66106 0.380594 0.567592 0.267965 0.923842 0.792569 0.761936 0.709117 0.590825 0.607384 0.759529 0.847652 0.842008 0.0721779 0.809758 0.391539 0.595745 0.530524 0.729217 0.338038 0.969229 0.90294 0.604579 0.654272 0.391102 0.720426 0.677138 0.804229 0.581165 0.388987 
0.986844 0.463413 0.16196 0.734446 0.974903 0.730838 0.63922 0.0686279 0.91687 0.373917 0.0437266 0.29143 0.269095 0.796319 0.510892 0.53597 0.0336788 0.878348 0.389452 0.669842 0.285008 0.713134 0.926472 0.472416 0.415746 0.868785 0.49892 0.710831 0.367844 0.00479907 0.195752 0.797208 0.431863 0.0813324 0.0164767 0.822496 0.718472 0.467844 0.183731 0.508671 0.172686 0.878295 0.372567 0.633768 0.241985 0.0454262 0.0861021 0.490031 0.630207 0.642866 0.653902 0.4233 0.206704 0.341545 0.0934299 0.805482 0.172718 0.734732 0.416517 0.747412 0.0918662 0.542028 0.977786 0.388594 
0.339651 0.258364 0.227475 0.44868 0.245051 0.17116 0.284533 0.384434 0.463469 0.823407 0.934612 0.862211 0.401238 0.745002 0.161021 0.411891 0.0118393 0.714734 0.741207 0.298354 0.580701 0.691478 0.651813 0.497568 0.585605 0.818135 0.739947 0.168893 0.917439 0.392586 0.114135 0.372586 0.807028 0.742685 0.453008 0.481641 0.358829 0.952427 0.215655 0.0327234 0.426306 0.122862 0.0745519 0.471602 0.567074 0.760249 0.512506 0.0481724 0.888568 0.103234 0.163566 0.474303 0.823151 0.769006 0.22455 0.444017 0.496232 0.0279108 0.525529 0.374728 0.794949 0.394703 0.60152 0.221422 
0.444373 0.0787015 0.132709 0.396234 0.954482 0.236291 0.639703 0.864062 0.657166 0.960948 0.539547 0.514622 0.074965 0.825896 0.581375 0.789775 0.176408 0.624352 0.839151 0.90612 0.267234 0.680022 0.786555 0.493327 0.520909 0.0586702 0.637656 0.241119 0.713988 0.842452 0.09432 0.484279 0.06604 0.142427 0.660197 0.115591 0.0563573 0.144771 0.0397857 0.194722 0.385772 0.357514 0.600607 0.657864 0.538351 0.0427006 0.026147 0.632774 0.467644 0.286656 0.618827 0.353139 0.406423 0.81036 0.0489534 0.300448 0.811597 0.345014 0.591377 0.691986 0.891447 0.406887 0.873952 0.728421 
0.524459 0.442184 0.0803363 0.966417 0.747431 0.657129 0.436506 0.303198 0.859296 0.729758 0.512735 0.689267 0.855298 0.987601 0.700506 0.173262 0.309966 0.144533 0.367735 0.190971 0.960077 0.761706 0.547422 0.302009 0.839476 0.915267 0.990318 0.0176836 0.778732 0.967925 0.516398 0.271349 0.714721 0.275442 0.759763 0.745032 0.756716 0.934687 0.948334 0.00330594 0.91408 0.808084 0.375402 0.24057 0.555244 0.0709833 0.538955 0.0250556 0.931569 0.58038 0.328387 0.751315 0.743815 0.5465 0.81452 0.85436 0.257858 0.351571 0.803077 0.972773 0.317391 0.431867 0.857759 0.451655 
0.504489 0.115421 0.460865 0.026267 0.969584 0.478359 0.254684 0.635736 0.522763 0.0787003 0.811732 0.559633 0.741987 0.962455 0.23437 0.465582 0.117357 0.736011 0.606079 0.366244 0.783805 0.3881 0.765093 0.217053 0.168724 0.132919 0.410143 0.619955 0.642749 0.0871837 0.376193 0.25366 0.0579047 0.435828 0.612939 0.895589 0.419712 0.0888288 0.571771 0.132042 0.382408 0.508444 0.282088 0.791459 0.297549 0.785922 0.155256 0.16944 0.109196 0.958406 0.241057 0.691981 0.909999 0.898533 0.0880736 0.46457 0.489352 0.045736 0.183939 0.410005 0.212886 0.25377 0.135807 0.421929 
0.4455 0.775004 0.0901046 0.0164928 0.116294 0.691093 0.783644 0.453243 0.205825 0.504551 0.575877 0.572788 0.19681 0.828568 0.504213 0.0674991 0.156766 0.841292 0.506961 0.325038 0.0411292 0.534 0.431223 0.00979401 0.265906 0.542897 0.596351 0.928431 0.32395 0.123459 0.55155 0.0938115 0.418284 0.909655 0.14731 0.731937 0.434055 0.479152 0.962726 0.961549 0.878512 0.271757 0.677258 0.17705 0.298393 0.636093 0.393672 0.539741 0.384051 0.723559 0.100181 0.598551 0.671381 0.568987 0.113475 0.00180645 0.852753 0.849011 0.690434 0.0463122 0.255384 0.13667 0.975662 0.731062 
0.0157986 0.320369 0.470989 0.877351 0.28854 0.896393 0.206153 0.504226 0.0289589 0.053911 0.113146 0.647759 0.454776 0.999365 0.699519 0.487232 0.244857 0.984287 0.276127 0.462536 0.210751 0.203045 0.0996195 0.446402 0.63868 0.552168 0.420109 0.820017 0.736208 0.757442 0.0552036 0.204937 0.580188 0.791483 0.674651 0.510878 0.924619 0.678785 0.0823546 0.708144 0.75871 0.176958 0.593957 0.138069 0.18784 0.751703 0.0900226 0.0840466 0.8427 0.796486 0.693443 0.220357 0.401713 0.409649 0.511014 0.551427 0.422709 0.436867 0.879156 0.996568 0.571843 0.291727 0.732293 0.972943 
0.608206 0.626474 0.0943558 0.548107 0.017299 0.236226 0.615064 0.992735 0.239688 0.879803 0.10481 0.68087 0.656624 0.690119 0.456787 0.6373 0.227864 0.809995 0.864696 0.897929 0.295398 0.093368 0.138028 0.72828 0.572715 0.65026 0.876622 0.796515 0.752802 0.396702 0.274675 0.476148 0.681713 0.94692 0.583681 0.452735 0.086511 0.306808 0.250348 0.71356 0.344495 0.688303 0.722554 0.367273 0.0333319 0.0100464 0.0955136 0.179931 0.170925 0.171868 0.63064 0.998068 0.811915 0.728146 0.307178 0.459416 0.492043 0.427512 0.840304 0.612098 0.754941 0.834963 0.893157 0.832866 
0.300389 0.314781 0.0350889 0.52636 0.222479 0.314603 0.411831 0.152185 0.240716 0.414986 0.024685 0.552409 0.0622039 0.419516 0.69063 0.850119 0.515612 0.00549652 0.144784 0.726157 0.200945 0.699644 0.523054 0.995229 0.0406894 0.713868 0.680269 0.0707428 0.966198 0.781123 0.238797 0.24769 0.11217 0.343298 0.513288 0.378192 0.256124 0.121074 0.888882 0.751987 0.0280797 0.21186 0.999723 0.280105 0.0245717 0.046471 0.913296 0.274976 0.280412 0.319829 0.101324 0.492369 0.429314 0.320209 0.167751 0.454544 0.600871 0.835839 0.122177 0.347673 0.933814 0.854883 0.452702 0.689807 
0.353328 0.156371 0.525165 0.224798 0.513052 0.101782 0.73115 0.947268 0.935641 0.556835 0.17148 0.772591 0.422442 0.955505 0.992889 0.855862 0.807528 0.871129 0.86068 0.478268 0.363749 0.530501 0.527386 0.535496 0.855129 0.124134 0.956525 0.24193 0.590541 0.450868 0.935409 0.679671 0.539361 0.89594 0.607167 0.314412 0.469164 0.0319167 0.951283 0.810013 0.92751 0.54004 0.782514 0.398283 0.825077 0.0265287 0.074319 0.812766 0.314929 0.411564 0.862997 0.0646016 0.212814 0.60096 0.196899 0.821443 0.578054 0.190252 0.16386 0.923689 0.614585 0.963857 0.522568 0.682547 
0.573019 0.533499 0.9891 0.445489 0.947042 0.0276531 0.495282 0.751396 0.0717422 0.256843 0.781334 0.521351 0.30818 0.103302 0.296404 0.42662 0.998327 0.379525 0.577639 0.538415 0.62859 0.418068 0.0310992 0.611252 0.984617 0.898379 0.774443 0.412629 0.342321 0.382258 0.248151 0.603756 0.753424 0.971704 0.590688 0.728129 0.106915 0.461287 0.820357 0.940838 0.460729 0.259621 0.787024 0.776012 0.585783 0.388165 0.16891 0.0109739 0.0280525 0.0145343 0.413616 0.881626 0.0323326 0.523039 0.418816 0.289155 0.195984 0.0187247 0.393773 0.20628 0.0133863 0.788309 0.448866 0.481058 
0.20203 0.918371 0.503392 0.951943 0.365822 0.838816 0.455495 0.313027 0.493381 0.0385031 0.629165 0.0338724 0.739733 0.979926 0.737359 0.75575 0.948326 0.843936 0.270532 0.710291 0.189873 0.426215 0.290239 0.0204738 0.702888 0.675005 0.328616 0.122371 0.588435 0.185069 0.945383 0.870198 0.532018 0.941222 0.364597 0.70889 0.0627836 0.209272 0.87516 0.96412 0.440068 0.491847 0.430676 0.533036 0.0707438 0.0766373 0.563618 0.0515761 0.0459648 0.800512 0.764723 0.275957 0.474275 0.685815 0.674552 0.98375 0.232224 0.0767751 0.738819 0.888104 0.210668 0.391084 0.000248893 0.726826 
0.930234 0.992414 0.0299693 0.767659 0.946175 0.280023 0.422719 0.883284 0.582242 0.0647746 0.612054 0.576174 0.311693 0.386614 0.475534 0.75686 0.279043 0.534497 0.498879 0.948467 0.156486 0.110652 0.602337 0.441036 0.61889 0.283657 0.717334 0.47733 0.10401 0.085367 0.806895 0.799721 0.183842 0.595539 0.748233 0.616834 0.639128 0.418625 0.172604 0.291561 0.14885 0.934764 0.283373 0.525601 0.493576 0.976095 0.281439 0.417592 0.52171 0.292723 0.880284 0.687856 0.553161 0.815424 0.0188846 0.115577 0.480652 0.334993 0.859038 0.963761 0.108679 0.174307 0.0984003 0.144755 
0.817153 0.554502 0.587287 0.0493741 0.968765 0.996771 0.127736 0.192397 0.909499 0.862352 0.43854 0.0400292 0.472925 0.135487 0.688385 0.783187 0.545168 0.274459 0.409524 0.454528 0.0391568 0.313073 0.243158 0.752953 0.382379 0.324706 0.260136 0.993237 0.531148 0.112554 0.35443 0.781184 0.587191 0.0649441 0.632442 0.831281 0.74114 0.629916 0.991501 0.397931 0.309157 0.858417 0.908137 0.045918 0.253365 0.682647 0.368466 0.212847 0.95922 0.560356 0.667897 0.159714 0.995141 0.512895 0.0267412 0.905909 0.0224059 0.812886 0.508519 0.934974 0.00588265 0.761094 0.13543 0.705757 
0.741143 0.538293 0.596918 0.764772 0.950426 0.508108 0.999428 0.433111 0.358802 0.607509 0.677796 0.671249 0.122622 0.501822 0.260284 0.961334 0.175641 0.266278 0.509061 0.988408 0.229147 0.882736 0.362252 0.763795 0.326779 0.074229 0.998111 0.667731 0.222163 0.609006 0.699991 0.967802 0.465912 0.57894 0.731807 0.0815737 0.566785 0.964767 0.498488 0.0950064 0.109094 0.646078 0.733916 0.393559 0.51525 0.626135 0.0630255 0.584793 0.68749 0.169951 0.176774 0.190499 0.679518 0.725991 0.742444 0.54521 0.366489 0.731085 0.880209 0.0142481 0.522822 0.539392 0.438683 0.24663 
0.257662 0.0619278 0.786697 0.447436 0.403581 0.612956 0.15601 0.845767 0.216275 0.0933444 0.847038 0.376969 0.60808 0.243368 0.754925 0.183585 0.380441 0.399308 0.383191 0.058103 0.375037 0.48793 0.122309 0.193963 0.00404447 0.835015 0.139609 0.0650568 0.653576 0.0603223 0.21218 0.669619 0.921309 0.563839 0.993127 0.863581 0.0386691 0.81601 0.746938 0.324572 0.165323 0.718726 0.919174 0.107724 0.893197 0.752482 0.719925 0.045098 0.00227467 0.851639 0.355659 0.00738814 0.647237 0.210447 0.707101 0.211716 0.363173 0.0840635 0.945095 0.282981 0.148254 0.679735 0.732101 0.87001 
0.729782 0.521212 0.0986675 0.0663066 0.490967 0.998159 0.559814 0.612599 0.630842 0.899124 0.994742 0.251667 0.664254 0.954883 0.337369 0.530312 0.728717 0.0325926 0.21022 0.465638 0.236596 0.161213 0.679497 0.430175 0.0039334 0.425932 0.196596 0.6772 0.610707 0.964616 0.200103 0.602921 0.263354 0.168042 0.618394 0.1703 0.400873 0.0843041 0.764574 0.011864 0.407203 0.715481 0.869142 0.649543 0.548835 0.0302562 0.281818 0.156698 0.521859 0.54845 0.589513 0.783689 0.359572 0.0200489 0.652067 0.0279995 0.315382 0.771653 0.786351 0.140403 0.966452 0.402039 0.691002 0.130003 
0.0320656 0.586551 0.811392 0.196066 0.0476659 0.325473 0.801849 0.657013 0.0155381 0.247747 0.365469 0.0306185 0.599112 0.688105 0.9735 0.211974 0.153465 0.305971 0.223956 0.969029 0.648458 0.515746 0.152514 0.11107 0.672562 0.0729523 0.948792 0.645981 0.526821 0.875076 0.648195 0.464808 0.0950324 0.96531 0.958954 0.562308 0.912581 0.29074 0.816171 0.865916 0.805661 0.312637 0.826103 0.496477 0.0652408 0.846499 0.565521 0.658719 0.268839 0.375004 0.632645 0.110528 0.402098 0.50489 0.96152 0.821401 0.0928929 0.455649 0.948878 0.413981 0.103698 0.848082 0.556945 0.567128 
0.468691 0.627989 0.954394 0.512644 0.73573 0.158198 0.845228 0.890963 0.956091 0.481158 0.886761 0.202281 0.680148 0.316924 0.117256 0.0734271 0.103272 0.855437 0.856724 0.813084 0.818171 0.863076 0.0650651 0.22347 0.406474 0.83673 0.585129 0.862568 0.279128 0.967919 0.313582 0.0218437 0.631097 0.375027 0.979259 0.107421 0.707149 0.983391 0.258634 0.0513752 0.864392 0.855999 0.0509042 0.841395 0.183988 0.65024 0.263609 0.701967 0.486117 0.600369 0.532724 0.50508 0.0600629 0.606428 0.479188 0.483496 0.866752 0.510426 0.673653 0.892463 0.432346 0.205614 0.705721 0.183302 
0.167741 0.817637 0.0137861 0.221652 0.0271144 0.853434 0.464853 0.162329 0.0240816 0.427362 0.693493 0.966544 0.299569 0.412493 0.278625 0.0781798 0.781768 0.770334 0.11338 0.582064 0.150224 0.94241 0.946963 0.00502301 0.719806 0.92129 0.202251 0.185397 0.304486 0.448547 0.615677 0.504739 0.605888 0.0454531 0.633401 0.497271 0.39424 0.317134 0.857991 0.115889 0.958597 0.723205 0.59032 0.222262 0.704908 0.358968 0.411138 0.329365 0.549408 0.308493 0.509596 0.543909 0.173671 0.607296 0.821266 0.229881 0.55493 0.799273 0.589467 0.691053 0.224219 0.394843 0.552416 0.220381 
0.512225 0.352687 0.813201 0.0901334 0.912355 0.50187 0.243613 0.408007 0.641653 0.615883 0.752246 0.224112 0.248698 0.689467 0.926676 0.934245 0.806012 0.191729 0.28108 0.885588 0.643735 0.848013 0.0489821 0.60431 0.220116 0.966315 0.262341 0.323528 0.8314 0.532122 0.173564 0.875152 0.634833 0.664794 0.451442 0.923317 0.886356 0.752917 0.927909 0.719431 0.711221 0.844607 0.243269 0.355008 0.138141 0.37617 0.474914 0.876349 0.699493 0.603903 0.742194 0.199405 0.102347 0.527146 0.636897 0.360411 0.334478 0.431646 0.806695 0.856307 0.408867 0.708395 0.95103 0.947465 
0.393205 0.791102 0.283684 0.796556 0.75499 0.139532 0.888837 0.983039 0.765641 0.448566 0.397853 0.527996 0.638167 0.669774 0.0244757 0.21314 0.280157 0.156515 0.800773 0.797452 0.951657 0.884399 0.133365 0.950952 0.170111 0.591756 0.420212 0.315022 0.732696 0.525515 0.551644 0.523828 0.940113 0.0476933 0.213115 0.216842 0.748661 0.564204 0.430997 0.792656 0.680575 0.126553 0.190112 0.883131 0.103367 0.737228 0.13174 0.670087 0.304211 0.0435594 0.156664 0.256835 0.228293 0.941264 0.590716 0.201075 0.491088 0.206565 0.290398 0.155607 0.886721 0.642457 0.533 0.251922 
0.568858 0.896923 0.590849 0.639898 0.542885 0.425715 0.665541 0.748929 0.481751 0.1801 0.562009 0.153097 0.787296 0.997652 0.341803 0.0621429 0.240438 0.36939 0.632271 0.249128 0.456503 0.0871218 0.548253 0.0206189 0.564403 0.763571 0.778612 0.546182 0.948141 0.660505 0.551212 0.702111 0.0984034 0.0426203 0.00401625 0.347568 0.692826 0.34892 0.429491 0.0559341 0.483659 0.728879 0.181592 0.625188 0.763386 0.967448 0.36824 0.306903 0.0326085 0.288126 0.318565 0.306066 0.223415 0.705615 0.297466 0.0283232 0.135307 0.603664 0.778393 0.26182 0.568847 0.956418 0.70663 0.228837 
0.831424 0.0992372 0.271988 0.119926 0.947599 0.326501 0.733059 0.873268 0.779822 0.331476 0.674563 0.306475 0.532859 0.273428 0.0750789 0.95485 0.747641 0.33166 0.497292 0.473069 0.9524 0.490154 0.441779 0.756846 0.914863 0.864562 0.283095 0.0386696 0.323989 0.123484 0.993385 0.561013 0.0323101 0.831746 0.536581 0.23257 0.751843 0.577322 0.697848 0.00120099 0.547493 0.516133 0.66314 0.76715 0.168131 0.612142 0.559719 0.971926 0.966859 0.558478 0.4361 0.62975 0.499038 0.294881 0.190573 0.161913 0.0148037 0.866623 0.0238152 0.568499 0.616099 0.124348 0.110144 0.580267 
0.66639 0.968764 0.664206 0.84156 0.272051 0.967235 0.374455 0.660945 0.607927 0.649463 0.0315073 0.507431 0.264762 0.383473 0.736218 0.167755 0.353965 0.372224 0.0922403 0.501324 0.515417 0.168894 0.109191 0.648078 0.745939 0.583764 0.198767 0.194353 0.581255 0.027243 0.501081 0.207128 0.894724 0.338925 0.0794273 0.366706 0.400627 0.733456 0.227083 0.198478 0.845664 0.604013 0.64578 0.298826 0.675972 0.453649 0.210228 0.658717 0.783104 0.918836 0.505424 0.0147995 0.433026 0.156076 0.377875 0.389382 0.260492 0.126041 0.28699 0.58571 0.224525 0.65757 0.371214 0.426883 
