22.6806 0111010010001010000010100001101001000100111011000111000000011111011001111110011110010100001011001001
78.1085 1011000101111000101110111110000010011011001000011110000011011010001100100010001101101010100100110110
0.446222 0.873387 0.0864343 0.723602 0.350478 0.0339642 0.295437 0.0825244 0.725954 0.372834 0.675998 0.983647 0.48153 0.912539 0.189876 0.147974 0.907267 0.684325 0.957729 0.456051 0.563141 0.801265 0.943178 0.223359 0.70294 0.499945 0.202661 0.629365 0.144299 0.0529515 0.164368 0.866227 0.0374287 0.217642 0.986561 0.172842 0.121604 0.545464 0.421724 0.608258 0.789426 0.926741 0.268576 0.304234 0.737563 0.928916 0.0205724 0.936152 0.570751 0.152321 0.263903 0.817586 0.725861 0.0144986 0.4432 0.568726 0.500697 0.80479 0.410221 0.0485885 0.571325 0.264087 0.693527 0.909839 
0.573393 0.63653 0.580768 0.313782 0.526338 0.645739 0.233219 0.0611349 0.591843 0.551988 0.848016 0.76154 0.373991 0.543315 0.954491 0.129396 0.017976 0.562737 0.349346 0.644109 0.281786 0.425256 0.37945 0.129392 0.603327 0.0720046 0.36187 0.454688 0.902707 0.269474 0.0912192 0.695674 0.688809 0.0475762 0.318611 0.91485 0.875246 0.525605 0.236172 0.131895 0.54706 0.873713 0.648228 0.430732 0.409332 0.786279 0.262988 0.280515 0.023048 0.672463 0.143181 0.0823538 0.671132 0.738363 0.60096 0.053039 0.285266 0.748052 0.414925 0.136758 0.500239 0.154432 0.0763177 0.922351 
0.171778 0.509069 0.195147 0.539562 0.800468 0.185828 0.313364 0.0819898 0.613104 0.332259 0.902943 0.562331 0.413506 0.247475 0.852373 0.573429 0.642933 0.912846 0.600218 0.592859 0.642183 0.478358 0.814594 0.50483 0.000422233 0.0293581 0.914591 0.162572 0.2288 0.901299 0.964666 0.680373 0.425578 0.915631 0.987534 0.610379 0.170412 0.26135 0.0979862 0.523941 0.115123 0.89723 0.224257 0.511639 0.306249 0.0880153 0.0998917 0.00908118 0.649605 0.989582 0.01182 0.382143 0.249102 0.198876 0.935666 0.0514799 0.76449 0.159623 0.299898 0.337883 0.352999 0.15567 0.9739 0.902837 
0.545873 0.176522 0.366221 0.90991 0.295189 0.362481 0.58324 0.75682 0.196832 0.424056 0.458412 0.0850952 0.493552 0.409608 0.343758 0.323559 0.668604 0.844778 0.578217 0.212696 0.603391 0.775571 0.776722 0.774307 0.193738 0.720301 0.857426 0.331578 0.48443 0.721185 0.291719 0.463758 0.772458 0.747091 0.796256 0.291107 0.757474 0.963638 0.67843 0.66889 0.175898 0.177813 0.595483 0.174738 0.544858 0.70777 0.755616 0.55045 0.624482 0.341702 0.544356 0.203751 0.842233 0.415412 0.13894 0.619933 0.997159 0.313504 0.569284 0.517473 0.348834 0.373809 0.704962 0.489308 
0.358464 0.269856 0.987287 0.110004 0.509363 0.73263 0.14443 0.433384 0.27239 0.742779 0.89989 0.0811751 0.719618 0.538102 0.956143 0.0030429 0.710815 0.733662 0.175823 0.550247 0.976778 0.665911 0.164396 0.699406 0.508231 0.801833 0.245894 0.0808661 0.421394 0.378158 0.555354 0.372738 0.620004 0.18617 0.230327 0.949601 0.489784 0.669564 0.0966495 0.547982 0.872133 0.106841 0.693698 0.318943 0.584869 0.464603 0.630212 0.915854 0.858742 0.459942 0.315734 0.784513 0.710909 0.478961 0.264785 0.101611 0.582545 0.0213643 0.134145 0.844161 0.0150961 0.444818 0.345528 0.121472 
0.0487738 0.55446 0.46205 0.569007 0.372148 0.86241 0.880564 0.529213 0.686355 0.91255 0.394677 0.844351 0.349738 0.0942455 0.217658 0.910317 0.202017 0.806294 0.115601 0.85411 0.680244 0.13139 0.505115 0.173331 0.701429 0.905083 0.235799 0.19056 0.302151 0.176472 0.626185 0.911308 0.0092143 0.555179 0.0636046 0.961415 0.150782 0.739605 0.391036 0.488659 0.7285 0.758946 0.259649 0.738697 0.667658 0.42929 0.12328 0.297756 0.871673 0.723711 0.735113 0.427345 0.983714 0.293418 0.989077 0.235819 0.82401 0.670802 0.671234 0.155969 0.543163 0.0862227 0.799506 0.860363 
0.287368 0.148573 0.208161 0.120399 0.211633 0.945728 0.600385 0.766072 0.276815 0.255144 0.159136 0.781476 0.175233 0.589588 0.0997933 0.322678 0.738463 0.283859 0.852669 0.834933 0.512799 0.963176 0.411624 0.663342 0.790589 0.972435 0.38628 0.318349 0.375935 0.641591 0.819849 0.410794 0.0556942 0.721871 0.748458 0.0825851 0.965201 0.698555 0.27508 0.0210575 0.223071 0.636173 0.901032 0.60782 0.311547 0.139528 0.251464 0.0775355 0.212005 0.429351 0.540811 0.533666 0.285775 0.830145 0.377178 0.443581 0.758423 0.420958 0.190105 0.535932 0.0542707 0.206003 0.249968 0.971388 
0.801947 0.427824 0.133005 0.681888 0.474252 0.394405 0.798775 0.0959124 0.794684 0.442233 0.0515952 0.801837 0.190245 0.209719 0.18635 0.344848 0.00811618 0.129649 0.596319 0.208557 0.334537 0.908138 0.379115 0.866771 0.018645 0.886777 0.349528 0.201765 0.968423 0.330472 0.876413 0.859544 0.0681357 0.660741 0.385332 0.381319 0.448286 0.365497 0.617806 0.361816 0.721814 0.309164 0.40154 0.125482 0.840018 0.733749 0.288476 0.515807 0.688148 0.807134 0.478231 0.793381 0.671009 0.951993 0.312483 0.786593 0.70554 0.399961 0.0964307 0.0867692 0.626888 0.199177 0.555771 0.958386 
0.759392 0.428614 0.687799 0.485127 0.82287 0.3391 0.624026 0.129986 0.133118 0.976875 0.552389 0.458037 0.609219 0.685855 0.0548386 0.965908 0.687788 0.72002 0.252291 0.591844 0.798381 0.804661 0.75665 0.0880554 0.295272 0.937818 0.470601 0.726667 0.418197 0.241937 0.749602 0.369171 0.217901 0.239776 0.263028 0.482535 0.580212 0.917302 0.911756 0.0433257 0.430004 0.306937 0.14321 0.892887 0.692037 0.507556 0.385703 0.0711471 0.359749 0.163244 0.177197 0.128259 0.968974 0.66242 0.725289 0.479854 0.383917 0.288815 0.195321 0.932045 0.838925 0.156517 0.52481 0.60812 
0.724919 0.451517 0.151531 0.360745 0.937578 0.0242965 0.298868 0.695659 0.726736 0.445262 0.292337 0.492613 0.974014 0.356469 0.791774 0.137943 0.668613 0.638266 0.366324 0.795971 0.394426 0.780919 0.223827 0.638388 0.910778 0.7521 0.743294 0.091562 0.863513 0.0649502 0.126717 0.471909 0.141407 0.712391 0.4813 0.165616 0.0893617 0.0462009 0.69283 0.197383 0.983208 0.648759 0.7445 0.464349 0.275153 0.0450396 0.742576 0.904256 0.261737 0.405643 0.320537 0.20883 0.29888 0.0273011 0.154141 0.829582 0.322153 0.262316 0.676941 0.992676 0.879251 0.571171 0.776403 0.737228 
0.339903 0.539679 0.556448 0.365828 0.92436 0.395341 0.46616 0.758001 0.47588 0.403733 0.0207726 0.529189 0.808167 0.852608 0.398016 0.355544 0.714035 0.208698 0.36562 0.240642 0.18887 0.604492 0.82102 0.358592 0.351768 2.3291e-05 0.210529 0.280183 0.795355 0.630861 0.887623 0.91032 0.0807215 0.853487 0.929912 0.961013 0.0504166 0.947057 0.147461 0.946659 0.780619 0.0673281 0.206912 0.0230334 0.534192 0.201924 0.663524 0.220388 0.489613 0.436337 0.197526 0.499538 0.824886 0.93803 0.6486 0.40356 0.689579 0.341957 0.739947 0.497907 0.62054 0.575152 0.474699 0.26187 
0.288657 0.514567 0.212931 0.658819 0.20628 0.709766 0.52116 0.835008 0.986774 0.0110927 0.14577 0.726516 0.456344 0.387869 0.235171 0.0751484 0.685368 0.42409 0.687127 0.936072 0.0445394 0.974557 0.224611 0.319195 0.659679 0.123125 0.678321 0.88193 0.407088 0.0415112 0.784261 0.860922 0.28261 0.208534 0.400828 0.463274 0.476676 0.932309 0.522678 0.9862 0.56676 0.355874 0.581471 0.513932 0.639508 0.791996 0.912343 0.75284 0.334672 0.895051 0.493965 0.761599 0.929211 0.359415 0.459526 0.950522 0.184922 0.979485 0.981882 0.46812 0.176072 0.200769 0.547078 0.604389 
0.827311 0.675916 0.449002 0.419961 0.490651 0.347776 0.227704 0.979936 0.630056 0.0492948 0.682366 0.362406 0.155241 0.781349 0.55204 0.170995 0.633278 0.186458 0.902656 0.0489842 0.634199 0.384895 0.0262743 0.504154 0.74527 0.623965 0.0698827 0.0645093 0.439405 0.0288526 0.603279 0.586736 0.866823 0.612439 0.848948 0.374194 0.579602 0.129876 0.161002 0.970086 0.42075 0.548096 0.0563322 0.994162 0.107786 0.986972 0.371757 0.996573 0.280383 0.0458819 0.944446 0.549862 0.732687 0.281043 0.926819 0.720971 0.682827 0.253052 0.831589 0.791766 0.466795 0.276784 0.908799 0.94598 
0.539382 0.314778 0.89997 0.217555 0.599209 0.647192 0.65983 0.463174 0.994196 0.708868 0.182537 0.96329 0.645187 0.767277 0.665379 0.403722 0.225855 0.173105 0.523698 0.254608 0.32142 0.665534 0.0349907 0.459005 0.338085 0.467273 0.387234 0.205043 0.626329 0.819723 0.0822086 0.0892067 0.19608 0.91143 0.222669 0.0904839 0.561024 0.449521 0.52585 0.722431 0.416747 0.880242 0.596609 0.0801026 0.342563 0.281987 0.552004 0.872181 0.00177195 0.707457 0.969434 0.623418 0.911211 0.729148 0.440784 0.00238056 0.435498 0.182336 0.433655 0.233655 0.946517 0.646287 0.165738 0.52436 
0.826558 0.864674 0.309703 0.487857 0.436218 0.934533 0.003698 0.994777 0.154627 0.467609 0.125348 0.549616 0.209676 0.891544 0.896702 0.499715 0.123415 0.835354 0.183407 0.660824 0.786283 0.85604 0.813827 0.6471 0.600419 0.193264 0.666971 0.00398569 0.194303 0.926157 0.368375 0.0925291 0.0185619 0.51494 0.507931 0.907101 0.565055 0.0462616 0.957958 0.528908 0.519996 0.794535 0.188012 0.518114 0.348584 0.436688 0.623367 0.112392 0.554629 0.211819 0.439227 0.523175 0.872447 0.829147 0.027281 0.170297 0.0863687 0.812604 0.862954 0.26833 0.0967823 0.137231 0.155548 0.52095 
0.524197 0.303948 0.971764 0.424399 0.72333 0.731519 0.490191 0.695929 0.537956 0.352119 0.0233881 0.896753 0.124085 0.966819 0.810373 0.566707 0.179247 0.748746 0.131898 0.293663 0.23264 0.187813 0.395649 0.756981 0.538623 0.170734 0.215546 0.549371 0.989836 0.710607 0.115242 0.222438 0.133699 0.81658 0.554266 0.428255 0.23151 0.303071 0.438579 0.187558 0.534104 0.646188 0.703384 0.125559 0.120081 0.725758 0.195624 0.843072 0.921263 0.893486 0.749074 0.694411 0.113998 0.50184 0.686551 0.532406 0.722504 0.159499 0.213628 0.646096 0.0492939 0.234833 0.0472636 0.987096 
0.193931 0.718475 0.479026 0.985866 0.692954 0.392899 0.746936 0.956742 0.2416 0.450977 0.554487 0.539195 0.172205 0.180834 0.128467 0.971646 0.794686 0.177732 0.568484 0.0780089 0.432723 0.648487 0.440289 0.279182 0.697892 0.716458 0.112186 0.674559 0.80771 0.681628 0.507526 0.858262 0.519655 0.984073 0.710005 0.460567 0.810698 0.883278 0.87495 0.39539 0.23206 0.680038 0.681196 0.886035 0.497926 0.892988 0.995408 0.424568 0.830428 0.489774 0.398018 0.881779 0.515531 0.504741 0.824391 0.995521 0.0626423 0.48717 0.980941 0.672918 0.269045 0.21609 0.197999 0.299488 
0.386364 0.442594 0.547149 0.0184482 0.834253 0.132935 0.0531627 0.832226 0.123389 0.0853575 0.768951 0.24746 0.487535 0.781887 0.123822 0.938858 0.440339 0.222386 0.789452 0.14956 0.639628 0.59077 0.820407 0.922124 0.492345 0.7314 0.428706 0.43338 0.143249 0.896386 0.414877 0.6287 0.174461 0.442563 0.868747 0.37561 0.44507 0.632746 0.0943628 0.919416 0.725208 0.278644 0.0342935 0.394202 0.143177 0.977555 0.500791 0.719575 0.950879 0.593245 0.553966 0.0424774 0.859928 0.0244423 0.971575 0.942906 0.996356 0.989425 0.555769 0.798605 0.12489 0.304643 0.861368 0.133873 
0.935235 0.725287 0.183085 0.911513 0.00382122 0.0625022 0.129544 0.111182 0.912202 0.533057 0.407467 0.244887 0.7973 0.0144679 0.128009 0.684126 0.105751 0.991038 0.910416 0.84855 0.884025 0.0520632 0.825741 0.299037 0.236244 0.0609966 0.578581 0.5284 0.241572 0.794309 0.907441 0.758736 0.0862698 0.712951 0.930126 0.761459 0.988661 0.987697 0.897037 0.314962 0.0977916 0.924392 0.0687044 0.566439 0.210623 0.353073 0.610526 0.443432 0.496189 0.557799 0.15087 0.0788111 0.454901 0.538537 0.422761 0.515323 0.149035 0.636383 0.996806 0.748974 0.160593 0.654318 0.174149 0.0619402 
0.577943 0.579505 0.264745 0.367929 0.56098 0.895678 0.205288 0.653995 0.230768 0.542971 0.0946648 0.645566 0.879398 0.998032 0.682251 0.529755 0.66988 0.623823 0.822448 0.39896 0.213629 0.143135 0.476694 0.139185 0.0457062 0.49489 0.64167 0.404982 0.19441 0.158597 0.313792 0.866541 0.233526 0.403336 0.764445 0.28596 0.295804 0.487073 0.717149 0.494517 0.135609 0.657335 0.41557 0.832977 0.105991 0.161387 0.937592 0.692925 0.366402 0.564569 0.358757 0.884601 0.423551 0.893314 0.484488 0.661604 0.271831 0.41554 0.0978136 0.147055 0.946983 0.715138 0.631835 0.0393794 
0.295582 0.555034 0.47762 0.321728 0.271752 0.607224 0.0870226 0.25174 0.742778 0.9123 0.497655 0.846328 0.0606858 0.198409 0.375034 0.00106133 0.465305 0.238293 0.174463 0.467707 0.341488 0.75574 0.604868 0.138935 0.889575 0.826596 0.294352 0.144557 0.265556 0.550022 0.881446 0.44028 0.211144 0.857737 0.617455 0.595593 0.310219 0.621811 0.503159 0.760454 0.243477 0.800383 0.500829 0.338594 0.11674 0.746884 0.608316 0.742389 0.267837 0.889566 0.821842 0.110773 0.58081 0.813635 0.4684 0.566131 0.514409 0.329915 0.629775 0.365649 0.488032 0.434268 0.777935 0.48315 
0.530396 0.690681 0.790953 0.219877 0.493179 0.114183 0.241673 0.782555 0.537127 0.298671 0.0849527 0.0659319 0.917585 0.763113 0.0747357 0.850945 0.2368 0.999854 0.125869 0.0227958 0.00948173 0.496338 0.495737 0.553795 0.490562 0.883514 0.455779 0.00625484 0.63962 0.904334 0.954646 0.768068 0.883266 0.478403 0.542309 0.855296 0.514916 0.872087 0.779723 0.895024 0.492903 0.381259 0.47727 0.457759 0.908264 0.173902 0.447386 0.0438057 0.472581 0.386021 0.382048 0.313762 0.35287 0.825607 0.250895 0.777714 0.970205 0.67406 0.937064 0.702577 0.909587 0.156022 0.207794 0.389436 
0.811216 0.729881 0.091182 0.747326 0.434309 0.589936 0.998328 0.934244 0.621448 0.869572 0.0802072 0.844483 0.22327 0.652641 0.481884 0.899988 0.336743 0.931848 0.948837 0.041124 0.665367 0.979349 0.180243 0.964883 0.281595 0.675705 0.842105 0.844715 0.474347 0.862376 0.381679 0.457661 0.0549864 0.191269 0.965409 0.426035 0.597809 0.519297 0.23112 0.285726 0.552023 0.804463 0.871886 0.550429 0.716617 0.258254 0.871702 0.344504 0.657209 0.354272 0.43012 0.516131 0.951615 0.539582 0.112036 0.427045 0.625417 0.0335444 0.785334 0.899741 0.408476 0.686088 0.829985 0.465151 
0.856457 0.626253 0.747863 0.206359 0.82117 0.0878616 0.554864 0.775013 0.503729 0.656714 0.85123 0.23853 0.541038 0.0121144 0.599811 0.551193 0.239875 0.368715 0.236146 0.136542 0.911182 0.526939 0.99687 0.228874 0.810922 0.559647 0.160908 0.248664 0.391045 0.742312 0.397204 0.134378 0.527912 0.17366 0.626685 0.104268 0.407399 0.08518 0.168084 0.210994 0.809718 0.400334 0.129566 0.612592 0.946013 0.546762 0.30177 0.355146 0.240204 0.52983 0.483143 0.415969 0.331065 0.659187 0.591816 0.704517 0.172158 0.835762 0.0286244 0.96587 0.809826 0.334799 0.358145 0.375789 
0.0804418 0.693292 0.0933241 0.647064 0.00342982 0.275884 0.0949464 0.278094 0.0114061 0.562891 0.557106 0.230507 0.163898 0.787124 0.925775 0.38164 0.876957 0.79293 0.644094 0.278758 0.61248 0.00618089 0.823436 0.340551 0.988084 0.176829 0.326409 0.389913 0.835938 0.487909 0.543705 0.448593 0.266732 0.554403 0.77478 0.681519 0.32545 0.41687 0.0375818 0.716097 0.726407 0.740182 0.765787 0.231055 0.435547 0.937521 0.67186 0.406757 0.0301936 0.166143 0.171492 0.935285 0.917086 0.0879475 0.497977 0.227348 0.643798 0.409898 0.392624 0.413572 0.426798 0.282529 0.000913306 0.0316239 
0.575682 0.934287 0.258972 0.308396 0.35618 0.638632 0.765293 0.500881 0.661974 0.817614 0.852042 0.265831 0.770197 0.569599 0.187955 0.200832 0.187959 0.339407 0.0266776 0.738508 0.487412 0.488851 0.397988 0.473097 0.122836 0.457139 0.834207 0.0400239 0.504035 0.0919504 0.520762 0.707807 0.368012 0.93637 0.474887 0.473289 0.395111 3.92024e-05 0.67821 0.243948 0.397322 0.738391 0.054537 0.870449 0.443629 0.251631 0.703435 0.77318 0.943406 0.019512 0.700026 0.563109 0.649957 0.904673 0.156991 0.42441 0.876443 0.750249 0.113084 0.302477 0.524275 0.843277 0.948209 0.86575 
0.836533 0.891884 0.652354 0.583897 0.912046 0.152764 0.808854 0.747893 0.590397 0.265463 0.179007 0.350513 0.740853 0.466549 0.568305 0.127393 0.720193 0.504965 0.284795 0.88349 0.0892789 0.177505 0.000386983 0.018126 0.653944 0.210468 0.134697 0.693981 0.900838 0.798637 0.464011 0.308882 0.916859 0.919307 0.154883 0.270395 0.633686 0.25802 0.961949 0.151818 0.727539 0.863208 0.234431 0.625285 0.960915 0.868916 0.25068 0.955717 0.16308 0.367869 0.438078 0.499692 0.121086 0.81002 0.183702 0.452034 0.333129 0.887707 0.574706 0.203445 0.706988 0.89671 0.0758703 0.645103 
0.465341 0.949336 0.597382 0.967042 0.122365 0.02644 0.802436 0.411027 0.810184 0.64412 0.0587765 0.114581 0.308367 0.0592292 0.802777 0.0542497 0.897765 0.548572 0.302649 0.344874 0.292133 0.408265 0.183273 0.0386911 0.141024 0.168422 0.298224 0.858409 0.105388 0.0154307 0.920471 0.79648 0.955418 0.265549 0.313272 0.711395 0.211846 0.782928 0.184646 0.281187 0.808655 0.812843 0.886086 0.958158 0.621196 0.559962 0.914522 0.287805 0.293733 0.415547 0.127042 0.704655 0.149477 0.845737 0.742711 0.290428 0.0247962 0.218204 0.602189 0.845482 0.85069 0.963759 0.826276 0.515366 
0.837579 0.0246626 0.76414 0.0741006 0.20058 0.231032 0.259943 0.808029 0.0802136 0.381577 0.602746 0.294141 0.569031 0.987943 0.789195 0.446285 0.941373 0.163145 0.906191 0.345992 0.958024 0.341822 0.0653634 0.684756 0.184178 0.0886056 0.437431 0.355576 0.986409 0.896095 0.42106 0.729393 0.511723 0.999885 0.799295 0.32103 0.490863 0.601665 0.136766 0.556 0.115987 0.662341 0.5614 0.233087 0.612941 0.788807 0.229915 0.995949 0.0963003 0.822555 0.286396 0.206486 0.583424 0.697901 0.619129 0.670281 0.997638 0.78594 0.544635 0.883092 0.767554 0.739497 0.0748803 0.873679 
0.796376 0.215195 0.787407 0.239435 0.785739 0.416536 0.636874 0.288975 0.17643 0.264597 0.326061 0.533452 0.0920102 0.635466 0.182081 0.836999 0.398215 0.92993 0.0593805 0.305059 0.861262 0.947932 0.232551 0.342647 0.335987 0.278101 0.739955 0.789151 0.758414 0.902732 0.193989 0.073058 0.742528 0.514949 0.661011 0.135678 0.660085 0.954912 0.761325 0.567127 0.211631 0.29481 0.745654 0.98893 0.349886 0.843181 0.66532 0.998632 0.674619 0.566566 0.0568372 0.108286 0.185535 0.27467 0.158074 0.575839 0.242217 0.483766 0.230879 0.931011 0.417601 0.770048 0.924148 0.284641 
0.015972 0.430192 0.36582 0.344652 0.826221 0.967456 0.729765 0.415028 0.0623847 0.881027 0.664926 0.0665944 0.581217 0.337982 0.976362 0.851012 0.912515 0.462614 0.278035 0.0521892 0.864755 0.240012 0.388455 0.0136013 0.103301 0.512538 0.668162 0.422714 0.398404 0.281428 0.828206 0.414196 0.327934 0.661512 0.469199 0.458141 0.0625616 0.480742 0.829474 0.181539 0.397973 0.932454 0.197296 0.844629 0.419112 0.839247 0.914131 0.612176 0.687693 0.224648 0.584584 0.298713 0.0745969 0.0715544 0.398435 0.966268 0.230621 0.652736 0.76736 0.603812 0.953354 0.816146 0.7768 0.849712 
0.674632 0.486801 0.0621549 0.75487 0.0191193 0.0989489 0.634033 0.545204 0.140219 0.598567 0.803778 0.335086 0.402455 0.262207 0.927574 0.639707 0.713365 0.131035 0.913728 0.306606 0.309621 0.810025 0.0726279 0.130286 0.347996 0.48862 0.0110493 0.02358 0.400438 0.684855 0.431521 0.87285 0.204274 0.230111 0.322347 0.774595 0.794144 0.610463 0.569313 0.521684 0.869435 0.475706 0.830549 0.445756 0.0813832 0.639768 0.865115 0.0345838 0.0826433 0.373686 0.68753 0.224069 0.823684 0.752072 0.959452 0.0153067 0.252941 0.556286 0.656821 0.313969 0.276166 0.340702 0.579667 0.430737 
0.880319 0.875544 0.355235 0.981102 0.777191 0.192187 0.39491 0.338193 0.381505 0.162549 0.46442 0.280616 0.650868 0.806309 0.409943 0.768041 0.819499 0.349331 0.30235 0.953101 0.0883052 0.25471 0.060566 0.655687 0.33651 0.371954 0.0102741 0.367012 0.83988 0.00721694 0.818692 0.815526 0.511704 0.255693 0.938754 0.289654 0.522705 0.401923 0.925722 0.530304 0.940384 0.375162 0.243214 0.67135 0.147623 0.981646 0.586343 0.332231 0.00371188 0.803713 0.425381 0.399287 0.532325 0.539461 0.943999 0.00542201 0.121682 0.94909 0.232703 0.288964 0.0375983 0.680667 0.505144 0.840247 
0.189236 0.701006 0.493941 0.788243 0.727782 0.4801 0.629431 0.202321 0.312172 0.841105 0.278738 0.406098 0.671572 0.928661 0.173207 0.249965 0.487178 0.744747 0.11346 0.258712 0.457193 0.736232 0.949193 0.2874 0.556991 0.829975 0.934926 0.366185 0.848881 0.112156 0.661045 0.544426 0.352 0.765563 0.0643481 0.419922 0.322416 0.0244042 0.686114 0.650776 0.945363 0.46965 0.132806 0.32739 0.670657 0.106906 0.12365 0.894211 0.850165 0.0928731 0.334835 0.713412 0.0969566 0.378519 0.794687 0.91621 0.189175 0.20401 0.2141 0.517903 0.395991 0.680443 0.656363 0.627138 
0.0552588 0.985924 0.0224166 0.833861 1.73468e-05 0.236214 0.661489 0.0857635 0.941837 0.487868 0.877799 0.615558 0.835293 0.0568974 0.538127 0.275732 0.708003 0.860987 0.406843 0.118 0.947891 0.393678 0.828488 0.767105 0.417859 0.351298 0.600575 0.559015 0.587012 0.116009 0.173394 0.567885 0.784702 0.0409409 0.0556098 0.951007 0.517294 0.113689 0.232302 0.292495 0.675946 0.312411 0.718507 0.654732 0.25756 0.339738 0.676726 0.947312 0.720931 0.881012 0.0923176 0.259104 0.816185 0.328403 0.251549 0.383454 0.659513 0.16165 0.133182 0.172755 0.391829 0.591063 0.802948 0.0136615 
0.712157 0.429083 0.324669 0.178455 0.883305 0.27621 0.641965 0.418541 0.0836902 0.448046 0.96912 0.610321 0.344851 0.515909 0.528847 0.113785 0.865436 0.736078 0.116812 0.363381 0.796883 0.999517 0.878311 0.36275 0.659271 0.208932 0.671348 0.357461 0.0779345 0.00452527 0.101998 0.194382 0.655054 0.871131 0.486556 0.302574 0.0377283 0.331033 0.782618 0.459179 0.758779 0.228238 0.028738 0.524488 0.0118405 0.534289 0.0916452 0.981188 0.0142069 0.420562 0.499072 0.332805 0.474965 0.67163 0.913347 0.681246 0.177821 0.71112 0.845758 0.579021 0.850811 0.301263 0.962658 0.112506 
0.392567 0.655038 0.307364 0.572094 0.139296 0.992916 0.708263 0.764354 0.973214 0.779167 0.445674 0.0942085 0.905329 0.894767 0.846652 0.0276916 0.556947 0.350017 0.742501 0.110249 0.0324605 0.289898 0.382065 0.236208 0.60302 0.468071 0.281485 0.181464 0.904184 0.421288 0.689699 0.196792 0.884683 0.256585 0.467334 0.236437 0.193779 0.223292 0.339921 0.761159 0.158984 0.695931 0.937981 0.306893 0.927595 0.898719 0.277513 0.198967 0.181278 0.632929 0.0219066 0.052139 0.0261481 0.14783 0.219635 0.652881 0.343125 0.231102 0.193384 0.71395 0.448047 0.709612 0.0715076 0.323095 
0.702237 0.0830869 0.449741 0.496451 0.0850655 0.781727 0.41215 0.411213 0.506893 0.560222 0.0400661 0.721991 0.97208 0.351011 0.0492788 0.198503 0.747391 0.0483973 0.425995 0.589013 0.701792 0.816044 0.452376 0.501527 0.0860487 0.532448 0.0945991 0.578676 0.0145348 0.584358 0.478124 0.00478722 0.748596 0.187552 0.208948 0.676266 0.593701 0.300279 0.671906 0.0380392 0.728137 0.812352 0.874163 0.355121 0.477913 0.278189 0.441598 0.833402 0.711569 0.409801 0.339285 0.262799 0.871378 0.591732 0.864625 0.34791 0.75387 0.569176 0.0913942 0.566411 0.173113 0.00200692 0.168999 0.555783 
0.821741 0.72489 0.723965 0.690963 0.351352 0.198305 0.634479 0.674449 0.69395 0.119234 0.139412 0.766613 0.173557 0.770518 0.728507 0.273479 0.388733 0.562692 0.99216 0.462579 0.0941745 0.0318517 0.813305 0.506645 0.61947 0.848584 0.451465 0.713999 0.337775 0.108309 0.287255 0.121939 0.738603 0.938291 0.847506 0.702342 0.318784 0.100115 0.407226 0.603255 0.797056 0.621774 0.623021 0.398505 0.599035 0.999417 0.914319 0.443156 0.485268 0.464978 0.818588 0.400162 0.500042 0.183985 0.550982 0.0255273 0.72469 0.776765 0.310995 0.765613 0.394614 0.291717 0.850255 0.790012 
0.737923 0.167749 0.165525 0.062062 0.480948 0.945817 0.589039 0.0446561 0.974248 0.399246 0.0364637 0.406981 0.863566 0.321317 0.191503 0.00282967 0.938923 0.210115 0.499376 0.657947 0.522538 0.651289 0.116806 0.329461 0.182154 0.586404 0.671332 0.301302 0.314593 0.00542067 0.649471 0.920175 0.747973 0.516979 0.603756 0.396128 0.950049 0.832672 0.725783 0.934225 0.00853364 0.301661 0.692716 0.856772 0.380362 0.0609825 0.887389 0.645736 0.604193 0.806448 0.89693 0.760358 0.22808 0.823978 0.358025 0.670981 0.419445 0.879834 0.926132 0.191614 0.437806 0.938121 0.442505 0.731818 
0.792001 0.67828 0.316142 0.923011 0.693686 0.393972 0.595909 0.741867 0.364369 0.0223183 0.179073 0.211786 0.978965 0.774819 0.291221 0.977474 0.919682 0.00815006 0.139617 0.958871 0.970894 0.871194 0.607996 0.787004 0.0448898 0.262683 0.882817 0.335597 0.699136 0.990256 0.233211 0.89559 0.457014 0.233235 0.772227 0.93309 0.489203 0.825454 0.848335 0.770913 0.692216 0.14354 0.973291 0.507169 0.00774197 0.528719 0.546765 0.902686 0.34028 0.826755 0.500964 0.0289953 0.483024 0.750594 0.646591 0.447574 0.16248 0.788853 0.102432 0.156755 0.68705 0.965145 0.912642 0.664328 
0.767805 0.859763 0.13804 0.494285 0.655498 0.884535 0.861073 0.706521 0.407331 0.605535 0.0289755 0.154965 0.0911526 0.0985278 0.171976 0.343717 0.798599 0.391335 0.920592 0.49749 0.422041 0.104722 0.97438 0.0395138 0.0923775 0.0630076 0.419633 0.36037 0.41537 0.0438972 0.817098 0.327195 0.943902 0.455276 0.417806 0.21977 0.702244 0.0465547 0.97742 0.592456 0.706745 0.946232 0.593868 0.666988 0.285779 0.160689 0.325139 0.334206 0.890905 0.349982 0.886571 0.799259 0.499735 0.145819 0.0117945 0.642993 0.724429 0.730312 0.450592 0.403094 0.830754 0.89999 0.017641 0.486013 
0.877453 0.0188316 0.293049 0.0133957 0.374203 0.99406 0.00371312 0.860491 0.572143 0.932976 0.540177 0.782361 0.289671 0.196503 0.936296 0.706252 0.934011 0.737904 0.542556 0.402899 0.481031 0.66853 0.110491 0.958829 0.895453 0.233372 0.128271 0.0969256 0.549123 0.938486 0.759551 0.576172 0.364405 0.649128 0.670481 0.397288 0.590847 0.252784 0.636108 0.320908 0.989868 0.985921 0.21892 0.443828 0.0380847 0.596951 0.377836 0.269022 0.811114 0.749257 0.166044 0.353829 0.228064 0.601642 0.236696 0.781645 0.678337 0.906754 0.142178 0.886788 0.227529 0.486062 0.678691 0.064294 
0.392827 0.580087 0.134908 0.775667 0.264313 0.245481 0.777852 0.69703 0.639696 0.939498 0.0377979 0.641287 0.35102 0.549279 0.637705 0.218178 0.68543 0.606209 0.675814 0.77197 0.542907 0.590454 0.290649 0.95411 0.175673 0.991059 0.557225 0.860746 0.672905 0.252184 0.189423 0.134141 0.78545 0.486765 0.382092 0.574968 0.23916 0.310402 0.220702 0.932974 0.698365 0.228501 0.497088 0.178051 0.757056 0.137682 0.336992 0.686909 0.304562 0.0431126 0.379535 0.50099 0.319046 0.604279 0.862396 0.126122 0.983837 0.371527 0.254967 0.405316 0.206048 0.859294 0.1698 0.78937 
0.103522 0.308737 0.893077 0.16585 0.651745 0.510648 0.206574 0.847305 0.810189 0.556187 0.551344 0.387478 0.898362 0.588592 0.00922826 0.615331 0.600117 0.153835 0.787102 0.56867 0.00986852 0.481728 0.0898444 0.702692 0.905372 0.926335 0.582072 0.136754 0.609196 0.191395 0.706283 0.00156448 0.634875 0.687873 0.258979 0.12611 0.323759 0.827031 0.543336 0.201075 0.530329 0.630907 0.209154 0.485668 0.384156 0.310982 0.112573 0.406001 0.826124 0.351595 0.102361 0.798522 0.79574 0.955731 0.240919 0.23351 0.916888 0.612502 0.0914362 0.0472125 0.307978 0.492741 0.341609 0.75316 
0.222339 0.23123 0.583077 0.557565 0.400794 0.227236 0.138551 0.43616 0.0112947 0.696253 0.631963 0.0360658 0.160864 0.811669 0.903229 0.898076 0.87676 0.551046 0.027542 0.630797 0.519172 0.961329 0.796963 0.829057 0.916977 0.661389 0.720872 0.080603 0.364712 0.828417 0.281551 0.211063 0.0907753 0.712267 0.656793 0.366801 0.798113 0.717309 0.553724 0.0215704 0.29457 0.379844 0.662766 0.139968 0.0104313 0.652453 0.361964 0.0395217 0.642822 0.423217 0.758333 0.447103 0.847965 0.87716 0.914823 0.495025 0.574006 0.593478 0.0872415 0.0890333 0.145386 0.423978 0.201282 0.641812 
0.559347 0.197817 0.639677 0.868386 0.0472674 0.499476 0.959166 0.228928 0.0355594 0.637064 0.942812 0.128432 0.733226 0.23572 0.0608878 0.896419 0.327218 0.243933 0.732866 0.982385 0.696845 0.324112 0.0432899 0.131488 0.131407 0.0778922 0.899624 0.80063 0.03318 0.8815 0.93571 0.420037 0.881413 0.378978 0.299853 0.199156 0.791581 0.575047 0.451187 0.540407 0.699967 0.0484591 0.347526 0.403741 0.295071 0.364485 0.92657 0.226224 0.231363 0.878245 0.896021 0.0744034 0.1625 0.23862 0.10395 0.209002 0.902947 0.747108 0.543134 0.282271 0.945818 0.848201 0.712685 0.713537 
0.272573 0.175675 0.353561 0.156244 0.888253 0.899484 0.5198 0.563125 0.70628 0.431 0.635758 0.928595 0.702858 0.66683 0.374844 0.725729 0.860298 0.391887 0.639559 0.328617 0.924538 0.554292 0.973399 0.593541 0.426059 0.623259 0.203693 0.980489 0.254962 0.946558 0.889707 0.411382 0.424861 0.60053 0.0584906 0.909786 0.810285 0.260265 0.870879 0.348765 0.686692 0.587529 0.250435 0.779004 0.345257 0.398975 0.424385 0.84592 0.0242349 0.367489 0.410088 0.647232 0.638483 0.940726 0.450817 0.712783 0.339555 0.372277 0.208621 0.177309 0.74866 0.35504 0.396155 0.562202 
0.989797 0.365929 0.631688 0.136382 0.0867354 0.394058 0.268135 0.037562 0.286833 0.225746 0.424161 0.413922 0.803674 0.7179 0.871388 0.464364 0.413221 0.672157 0.623072 0.631204 0.443646 0.0115501 0.571095 0.00831611 0.380945 0.310708 0.710688 0.893672 0.298332 0.858136 0.0892972 0.463734 0.195856 0.807249 0.421913 0.0401584 0.0170599 0.0497351 0.97201 0.838891 0.408775 0.969466 0.35023 0.787683 0.179816 0.602373 0.355431 0.749492 0.150036 0.105732 0.446925 0.161482 0.892041 0.999422 0.484947 0.0552533 0.773149 0.778194 0.812651 0.654969 0.166375 0.225418 0.731404 0.942366 
0.299298 0.845856 0.779237 0.486001 0.205164 0.153154 0.313953 0.917176 0.643107 0.306046 0.863271 0.0672589 0.941811 0.799613 0.939537 0.891051 0.244562 0.299965 0.429789 0.88299 0.289312 0.238782 0.776492 0.844702 0.875155 0.880625 0.297255 0.0219904 0.595587 0.39415 0.569761 0.761104 0.220868 0.64111 0.927179 0.595242 0.936829 0.870876 0.0438303 0.194779 0.205957 0.488776 0.105972 0.611841 0.609193 0.625053 0.57797 0.480796 0.992851 0.130556 0.425145 0.893427 0.249721 0.750112 0.0342292 0.462637 0.0617039 0.648405 0.1592 0.874264 0.328466 0.666344 0.59178 0.00961614 
0.126065 0.919347 0.632913 0.281979 0.175573 0.6208 0.315825 0.551303 0.867712 0.0942454 0.309026 0.219652 0.706558 0.568355 0.882549 0.533022 0.137846 0.940075 0.411044 0.287322 0.732553 0.869564 0.224975 0.464306 0.736902 0.0224538 0.597133 0.44308 0.227574 0.448724 0.798684 0.225989 0.943687 0.133266 0.640214 0.139515 0.483748 0.09505 0.187336 0.155226 0.0640514 0.381635 0.102089 0.176846 0.256171 0.813903 0.739897 0.251612 0.246436 0.145861 0.762343 0.361017 0.693374 0.0251527 0.85855 0.450303 0.00760095 0.231905 0.439614 0.221085 0.0926862 0.484952 0.651232 0.725535 
0.216367 0.538776 0.0857648 0.292275 0.140715 0.832363 0.768055 0.246241 0.789046 0.473741 0.65165 0.312609 0.248875 0.541163 0.96642 0.521986 0.797499 0.184934 0.0604994 0.794818 0.244411 0.541995 0.182263 0.81646 0.503082 0.275013 0.0924451 0.0666108 0.758028 0.792784 0.409225 0.353277 0.00576164 0.593232 0.253376 0.321816 0.170885 0.280182 0.0663132 0.546282 0.432364 0.790147 0.232596 0.465588 0.910147 0.801096 0.67192 0.312786 0.903527 0.647604 0.969589 0.459246 0.880853 0.7607 0.157348 0.761506 0.8273 0.44757 0.568016 0.488174 0.667395 0.817721 0.206538 0.254385 
0.276961 0.523276 0.54674 0.365466 0.908107 0.0190352 0.0708995 0.418428 0.0150712 0.926296 0.257545 0.920994 0.978478 0.785835 0.674936 0.699637 0.357086 0.494315 0.61252 0.903489 0.0554587 0.00485618 0.679195 0.866953 0.97667 0.313591 0.989114 0.386854 0.913628 0.156253 0.638702 0.418237 0.305872 0.46808 0.733141 0.393052 0.201942 0.024909 0.929335 0.774343 0.410118 0.597927 0.605795 0.573062 0.942668 0.915107 0.663329 0.267241 0.910077 0.895995 0.449654 0.761812 0.247455 0.818212 0.793601 0.933761 0.950818 0.857261 0.810173 0.166311 0.65934 0.973254 0.86288 0.609426 
0.810493 0.673229 0.643818 0.564752 0.914195 0.952725 0.613696 0.506137 0.193726 0.48324 0.167007 0.677639 0.343603 0.72249 0.85838 0.492132 0.809171 0.635459 0.965 0.0190577 0.106428 0.267569 0.9809 0.719235 0.983537 0.259334 0.0461077 0.482496 0.986589 0.664176 0.470671 0.874113 0.708047 0.568535 0.0576787 0.912037 0.0433299 0.0609907 0.0433847 0.963739 0.608508 0.663794 0.440666 0.804529 0.440679 0.303302 0.303072 0.197953 0.796546 0.114909 0.394973 0.0508754 0.45374 0.319731 0.208947 0.0563212 0.782041 0.908976 0.698422 0.761907 0.325682 0.0554999 0.202349 0.470705 
0.983827 0.2363 0.308102 0.137023 0.903065 0.209227 0.678979 0.0469537 0.141372 0.305544 0.0762667 0.106285 0.279504 0.997808 0.821722 0.613713 0.844634 0.702457 0.203096 0.948908 0.775342 0.788081 0.742092 0.995457 0.050556 0.8926 0.83284 0.335001 0.686436 0.358809 0.394847 0.0785508 0.464726 0.259759 0.838132 0.716374 0.0569228 0.136849 0.467702 0.709379 0.93984 0.913198 0.18568 0.200885 0.228922 0.115426 0.725074 0.14159 0.229762 0.284989 0.683558 0.848502 0.127229 0.999718 0.797443 0.301185 0.959653 0.493451 0.845657 0.491422 0.436804 0.194599 0.204867 0.527256 
0.751092 0.948546 0.993836 0.505736 0.0466576 0.0972979 0.0191429 0.909807 0.415504 0.403411 0.188611 0.852683 0.152712 0.937145 0.470562 0.886455 0.233891 0.321414 0.338737 0.18912 0.181776 0.57152 0.0480235 0.687766 0.121496 0.425155 0.296709 0.902466 0.567116 0.956108 0.678651 0.668647 0.637795 0.875325 0.488723 0.105308 0.910958 0.0391844 0.251169 0.249459 0.792696 0.452837 0.920777 0.779897 0.921372 0.209754 0.144684 0.983858 0.556991 0.811454 0.334328 0.40843 0.231782 0.733802 0.69819 0.402047 0.636354 0.380228 0.156467 0.676608 0.38861 0.145087 0.467113 0.998176 
0.087058 0.0469477 0.104204 0.55016 0.774717 0.287696 0.31603 0.260759 0.946025 0.530429 0.821066 0.623989 0.758617 0.20309 0.224478 0.706667 0.760877 0.784838 0.489415 0.0918349 0.324174 0.99254 0.839912 0.396347 0.68711 0.183793 0.561304 0.869125 0.777982 0.376593 0.125274 0.12431 0.280411 0.514348 0.264639 0.846849 0.79125 0.873719 0.636368 0.212913 0.170444 0.114142 0.63862 0.184506 0.778419 0.289853 0.614297 0.533735 0.24483 0.232298 0.0121971 0.514319 0.040603 0.718013 0.935431 0.737924 0.741113 0.800857 0.128292 0.866144 0.904233 0.839606 0.916376 0.398526 
0.447277 0.871685 0.22626 0.951586 0.713905 0.890787 0.152564 0.579533 0.0113059 0.606055 0.464012 0.184082 0.806458 0.122121 0.28832 0.0349687 0.674493 0.360624 0.384253 0.306833 0.0629138 0.0848675 0.40463 0.221239 0.806664 0.173433 0.284824 0.385839 0.737449 0.215647 0.70472 0.963178 0.258474 0.669514 0.292854 0.0648659 0.481154 0.498085 0.0133495 0.814663 0.308358 0.232173 0.765214 0.546273 0.287462 0.824007 0.799727 0.872776 0.471638 0.980276 0.361944 0.946967 0.906531 0.766074 0.112636 0.560226 0.552481 0.569189 0.480099 0.170708 0.226305 0.362816 0.0319414 0.310598 
0.822231 0.0693326 0.681887 0.761808 0.544026 0.0811649 0.932107 0.292623 0.720147 0.984621 0.551238 0.0121868 0.203092 0.429343 0.336814 0.487544 0.971922 0.385591 0.565801 0.9208 0.614237 0.46033 0.66139 0.441643 0.0603838 0.644796 0.957054 0.0881454 0.729776 0.643117 0.954152 0.155221 0.54648 0.0851641 0.361704 0.760245 0.636233 0.780911 0.677958 0.0511225 0.0852957 0.815007 0.450747 0.311073 0.292528 0.506161 0.330173 0.307839 0.881168 0.897066 0.783845 0.0511388 0.220286 0.372668 0.187869 0.320536 0.603864 0.187176 0.956963 0.928387 0.0158308 0.106584 0.829077 0.480005 
0.611771 0.854673 0.217445 0.62665 0.498006 0.417923 0.00213922 0.169097 0.766615 0.161971 0.976528 0.92833 0.938963 0.269232 0.684988 0.343133 0.0412959 0.458003 0.96686 0.230069 0.660095 0.834775 0.569556 0.631219 0.0538445 0.978729 0.908617 0.307543 0.0665156 0.163277 0.873706 0.511251 0.0473729 0.0748442 0.461592 0.179853 0.981658 0.320766 0.0592408 0.107931 0.533152 0.660376 0.027384 0.138874 0.493187 0.381695 0.15585 0.0351216 0.65498 0.606067 0.323871 0.769879 0.889107 0.331329 0.868032 0.751745 0.85883 0.770751 0.249439 0.38296 0.862996 0.332838 0.0166672 0.39982 
0.301022 0.160936 0.915474 0.439244 0.482343 0.398526 0.734198 0.0239817 0.49722 0.753554 0.600242 0.252601 0.790679 0.574634 0.270291 0.516588 0.298919 0.138691 0.746431 0.316143 0.745104 0.31514 0.401314 0.33775 0.636517 0.277885 0.630018 0.703332 0.1099 0.820861 0.13239 0.188128 0.700808 0.662854 0.694996 0.287137 0.310206 0.513469 0.483224 0.0185664 0.927453 0.25762 0.903958 0.244387 0.831688 0.473354 0.865213 0.478746 0.682155 0.44556 0.638389 0.9463 0.066096 0.305721 0.329781 0.174068 0.465906 0.908979 0.45445 0.921872 0.593116 0.132411 0.27611 0.40512 
0.972413 0.754917 0.592255 0.235046 0.754257 0.899173 0.805872 0.252721 0.486421 0.42212 0.799655 0.562468 0.792705 0.767352 0.598507 0.286921 0.213176 0.465927 0.0582804 0.202031 0.778553 0.0121074 0.293858 0.913225 0.236565 0.43833 0.336459 0.351507 0.428947 0.670804 0.757848 0.135977 0.758462 0.847518 0.234723 0.596628 0.612377 0.898785 0.301708 0.914192 0.769962 0.423295 0.876687 0.175785 0.677534 0.99133 0.369731 0.884743 0.237524 0.650709 0.0749613 0.924715 0.188462 0.789185 0.971699 0.456244 0.0315949 0.11566 0.698516 0.201964 0.332811 0.908365 0.96909 0.821298 
0.626787 0.0468006 0.0516932 0.215601 0.635906 0.838357 0.325084 0.546092 0.278548 0.8141 0.641861 0.93005 0.195757 0.0607458 0.717332 0.588369 0.143738 0.289577 0.25391 0.258912 0.698738 0.348497 0.710683 0.76028 0.425928 0.0632426 0.53169 0.800895 0.641796 0.490529 0.117281 0.76992 0.767595 0.600343 0.113313 0.635683 0.0445648 0.378101 0.820074 0.089645 0.836022 0.477398 0.318416 0.51447 0.501443 0.368495 0.977776 0.300529 0.507634 0.37272 0.568277 0.725118 0.257851 0.270128 0.0751043 0.428805 0.931419 0.957296 0.535972 0.831522 0.110184 0.00800059 0.211284 0.656695 
0.16197 0.108751 0.441125 0.613791 0.975503 0.66425 0.960462 0.451173 0.886695 0.574035 0.0565603 0.592208 0.70476 0.685698 0.286131 0.346944 0.276845 0.506015 0.35607 0.439508 0.437886 0.843301 0.350964 0.815279 0.579172 0.0854094 0.0926662 0.163138 0.399602 0.220126 0.797551 0.551884 0.064399 0.243403 0.980995 0.266789 0.743099 0.288716 0.7104 0.617971 0.367823 0.475329 0.117651 0.222681 0.590073 0.176538 0.639441 0.558955 0.39858 0.14059 0.804197 0.862786 0.810274 0.324547 0.977359 0.153677 0.912017 0.939821 0.863788 0.994318 0.565804 0.309869 0.91541 0.298845 
0.456907 0.879802 0.283402 0.232698 0.49197 0.719353 0.889305 0.743298 0.152969 0.828193 0.0127547 0.939497 0.526182 0.792972 0.370515 0.384582 0.918009 0.684353 0.332601 0.80482 0.444956 0.252889 0.985539 0.632588 0.467892 0.0116151 0.851071 0.58732 0.0325815 0.427719 0.79749 0.426731 0.538965 0.317627 0.729218 0.0898157 0.344313 0.987405 0.831403 0.0850174 0.248496 0.494801 0.696417 0.98437 0.420133 0.443334 0.22633 0.106506 0.175063 0.261604 0.495915 0.0873795 0.821317 0.988898 0.122036 0.435607 0.797232 0.638963 0.623286 0.295808 0.54196 0.505711 0.689711 0.383304 
0.337992 0.354273 0.673859 0.297964 0.988142 0.914992 0.808245 0.925959 0.406682 0.857767 0.0825823 0.0243139 0.708819 0.622205 0.948277 0.681212 0.197771 0.388906 0.492373 0.0284167 0.871616 0.340753 0.373173 0.713732 0.294256 0.73573 0.225875 0.358952 0.568659 0.745974 0.22789 0.76789 0.144514 0.663011 0.4613 0.501187 0.83975 0.955041 0.650617 0.899219 0.149583 0.390364 0.317575 0.192632 0.944749 0.225851 0.967586 0.336718 0.329528 0.179972 0.674977 0.401968 0.650647 0.761389 0.0792969 0.625371 0.0579761 0.585137 0.0636353 0.654165 0.130377 0.553457 0.680645 0.738607 
0.475968 0.165918 0.930781 0.68195 0.869211 0.174553 0.991053 0.548282 0.661717 0.239929 0.954964 0.215921 0.0232078 0.678889 0.521484 0.561149 0.269194 0.427809 0.0474002 0.742398 0.967232 0.493087 0.197478 0.530119 0.841431 0.767606 0.512386 0.631464 0.79261 0.140735 0.0944465 0.657859 0.0691402 0.635018 0.748359 0.902471 0.501328 0.0736786 0.898015 0.197644 0.501392 0.351304 0.679594 0.550057 0.786632 0.0522963 0.406726 0.0312946 0.950989 0.124191 0.728702 0.715933 0.488017 0.385005 0.870531 0.767889 0.324724 0.0479564 0.164515 0.671666 0.541185 0.261649 0.891494 0.315768 
0.181405 0.354377 0.155115 0.618825 0.206502 0.309424 0.284326 0.366012 0.820937 0.995772 0.182162 0.109629 0.575838 0.813274 0.854799 0.025449 0.581795 0.456882 0.67522 0.762487 0.0273756 0.297158 0.253167 0.366928 0.849592 0.869041 0.24339 0.355748 0.570225 0.459419 0.371153 0.760763 0.780729 0.793276 0.647056 0.427118 0.822642 0.493868 0.769107 0.244127 0.34692 0.731043 0.355894 0.377744 0.755577 0.631981 0.527048 0.00180618 0.503221 0.036859 0.987017 0.779197 0.306505 0.0185007 0.235418 0.851251 0.866973 0.409218 0.283304 0.0662886 0.224514 0.779435 0.614669 0.685784 
0.588638 0.541063 0.218042 0.352402 0.665294 0.976486 0.556422 0.572624 0.382929 0.0969882 0.863769 0.616931 0.817118 0.325098 0.615899 0.0902194 0.485035 0.386313 0.0676823 0.876764 0.43604 0.975765 0.269315 0.943465 0.517405 0.500347 0.242245 0.946803 0.462277 0.717188 0.0112673 0.0238886 0.330186 0.165061 0.326841 0.392971 0.888204 0.0512533 0.929203 0.271071 0.413603 0.999418 0.513737 0.930521 0.927122 0.864257 0.715884 0.155713 0.855556 0.0401725 0.380944 0.591772 0.467091 0.688767 0.821751 0.633196 0.201282 0.147973 0.145059 0.986461 0.396567 0.560116 0.139446 0.323726 
0.800413 0.389587 0.760437 0.0148346 0.956585 0.120767 0.142884 0.967552 0.459176 0.751278 0.178433 0.58808 0.147241 0.386461 0.304794 0.306214 0.0830832 0.622471 0.790779 0.231817 0.756496 0.0912915 0.00501467 0.711883 0.647269 0.465568 0.941583 0.219407 0.640525 0.739441 0.746608 0.190685 0.766854 0.234288 0.324308 0.880285 0.196403 0.163255 0.181898 0.0218955 0.678919 0.982493 0.374247 0.910204 0.29886 0.767065 0.230998 0.892085 0.755393 0.0195944 0.413953 0.113522 0.633383 0.0590734 0.418996 0.818074 0.680972 0.60235 0.0271607 0.826868 0.865593 0.771161 0.605957 0.503271 
0.312758 0.2671 0.303312 0.214949 0.942281 0.15564 0.355909 0.928515 0.696749 0.294042 0.675714 0.586425 0.339733 0.103145 0.994241 0.620433 0.383825 0.512574 0.0277254 0.559573 0.185762 0.411937 0.819376 0.340942 0.642266 0.689397 0.111201 0.707712 0.657681 0.0825582 0.177283 0.845077 0.353285 0.595671 0.937652 0.111134 0.10783 0.122138 0.339533 0.953187 0.544585 0.616056 0.199583 0.396206 0.989622 0.400748 0.940291 0.630763 0.120687 0.912955 0.225605 0.513604 0.34151 0.0807218 0.679864 0.97777 0.266458 0.986746 0.856471 0.692091 0.394047 0.715116 0.167837 0.105428 
0.569086 0.228097 0.865361 0.877768 0.923589 0.208729 0.0539515 0.485351 0.632009 0.311837 0.439195 0.699768 0.355249 0.170708 0.498509 0.469725 0.852802 0.626762 0.0392943 0.965587 0.823332 0.177451 0.148504 0.164854 0.472934 0.182606 0.145579 0.670956 0.584504 0.689221 0.530843 0.879692 0.717712 0.96906 0.0177641 0.0766649 0.805791 0.500663 0.450062 0.698331 0.342952 0.0362533 0.943533 0.735623 0.763659 0.0397191 0.380695 0.923988 0.185569 0.514495 0.565987 0.790487 0.682932 0.608119 0.933295 0.273819 0.51269 0.336168 0.588169 0.453274 0.184251 0.378069 0.706221 0.46243 
0.523366 0.249953 0.0823251 0.289148 0.609922 0.156905 0.722787 0.914257 0.667853 0.979716 0.356859 0.93634 0.244654 0.826715 0.425592 0.817971 0.795287 0.364187 0.820525 0.543546 0.828138 0.194569 0.959833 0.237478 0.732299 0.860968 0.771803 0.680567 0.436029 0.0276483 0.146733 0.871884 0.818301 0.188901 0.809933 0.699088 0.861859 0.157702 0.97467 0.584933 0.499796 0.512194 0.0776137 0.385423 0.55568 0.483184 0.302296 0.266346 0.988627 0.474974 0.153211 0.787688 0.424823 0.949681 0.157381 0.230058 0.709415 0.773574 0.149412 0.500648 0.665754 0.824264 0.804411 0.903763 
0.603205 0.777708 0.0270234 0.130996 0.428507 0.860753 0.947117 0.0511028 0.24719 0.402372 0.228515 0.689504 0.996071 0.622666 0.0402715 0.269818 0.833128 0.907541 0.783801 0.572248 0.510373 0.694261 0.849761 0.327262 0.251456 0.230573 0.325108 0.681116 0.190736 0.836069 0.483803 0.453963 0.870841 0.105762 0.258759 0.976155 0.213128 0.0446877 0.610033 0.0339785 0.765864 0.535075 0.140014 0.234401 0.479022 0.853569 0.942214 0.0438975 0.430605 0.361373 0.458493 0.12074 0.742673 0.861728 0.706654 0.524462 0.0176909 0.309479 0.78388 0.685919 0.716088 0.497333 0.295952 0.549971 
0.320175 0.822133 0.164828 0.397268 0.135847 0.165711 0.844835 0.87924 0.547478 0.41403 0.364209 0.592062 0.695691 0.111505 0.584456 0.557573 0.0981893 0.901951 0.256768 0.0352614 0.256251 0.333295 0.428349 0.0479193 0.777821 0.787588 0.261394 0.00950505 0.411279 0.446311 0.647199 0.648397 0.652296 0.0273193 0.215923 0.773653 0.40144 0.21803 0.00149082 0.0551065 0.848701 0.0146442 0.354273 0.339445 0.989193 0.928438 0.252869 0.0210909 0.057955 0.954906 0.705723 0.715787 0.549085 0.148341 0.174608 0.371223 0.0566952 0.746382 0.73384 0.54883 0.3574 0.809247 0.850055 0.147373 
0.28693 0.672933 0.570794 0.482556 0.109711 0.894639 0.897887 0.519906 0.463774 0.223105 0.418902 0.393258 0.440944 0.881277 0.389845 0.274593 0.827824 0.0613983 0.36438 0.174459 0.898637 0.452974 0.726766 0.24514 0.325832 0.14743 0.885853 0.575263 0.192251 0.136259 0.622348 0.0470601 0.680237 0.702589 0.429703 0.084614 0.496406 0.608137 0.972126 0.159334 0.774875 0.981549 0.0806428 0.9672 0.967245 0.70486 0.579082 0.230239 0.868716 0.0756065 0.437137 0.139831 0.961186 0.872144 0.116786 0.725186 0.0978965 0.165468 0.0811711 0.603025 0.632829 0.956839 0.430062 0.278504 
0.460676 0.0819296 0.302773 0.953688 0.140769 0.944214 0.168563 0.332764 0.579779 0.301324 0.256995 0.0698516 0.824241 0.423466 0.781024 0.289745 0.570654 0.905785 0.483992 0.727832 0.754973 0.85005 0.966855 0.0327899 0.997311 0.154448 0.444652 0.627748 0.0990264 0.18679 0.462551 0.488751 0.568899 0.888366 0.857889 0.478987 0.905412 0.614219 0.235113 0.425231 0.281682 0.0993895 0.126837 0.843819 0.665858 0.980681 0.563133 0.333937 0.194265 0.90243 0.905242 0.0248714 0.531991 0.423404 0.116757 0.811984 0.678161 0.407589 0.0704124 0.138976 0.590135 0.988872 0.995014 0.415071 
0.0145005 0.392983 0.695725 0.340749 0.404485 0.787668 0.750822 0.224868 0.485153 0.204335 0.911556 0.100923 0.924063 0.70584 0.884698 0.984126 0.983097 0.142194 0.24274 0.686455 0.240065 0.71141 0.22017 0.114568 0.85177 0.0354962 0.282245 0.883953 0.0751332 0.892902 0.551048 0.238943 0.510432 0.436825 0.584846 0.0287955 0.776635 0.379383 0.24673 0.646486 0.176147 0.376412 0.0931576 0.62511 0.213928 0.539364 0.509499 0.226278 0.945189 0.3976 0.873462 0.543399 0.312071 0.0402632 0.682757 0.832716 0.657364 0.286338 0.769986 0.873229 0.0934199 0.661929 0.258027 0.363205 
0.408881 0.463044 0.312001 0.754574 0.464375 0.168851 0.0271072 0.250064 0.0484567 0.448694 0.21278 0.912919 0.779312 0.380568 0.0215169 0.539051 0.198436 0.647934 0.777614 0.585358 0.141062 0.149398 0.809737 0.301942 0.580806 0.705213 0.68811 0.109633 0.50153 0.0987942 0.873413 0.982419 0.366231 0.2844 0.409724 0.626908 0.0629946 0.828469 0.957195 0.718688 0.610057 0.528986 0.0507331 0.328352 0.0983931 0.674402 0.297199 0.346096 0.248894 0.437331 0.473503 0.207999 0.944489 0.977437 0.911106 0.996123 0.383627 0.441949 0.677779 0.0953262 0.85436 0.65339 0.130112 0.594731 
0.398644 0.102303 0.583993 0.694326 0.448528 0.461394 0.124232 0.554723 0.0576093 0.960244 0.828249 0.305627 0.197861 0.833979 0.197401 0.301845 0.122994 0.238317 0.874673 0.603396 0.504529 0.559928 0.304124 0.543876 0.60498 0.534728 0.0303939 0.305263 0.908613 0.368822 0.567866 0.538372 0.317246 0.0295622 0.281635 0.256318 0.90126 0.89373 0.682415 0.472693 0.217654 0.490749 0.420047 0.916971 0.190402 0.876064 0.554187 0.680444 0.506651 0.302368 0.226929 0.822378 0.124746 0.654091 0.275727 0.850112 0.649489 0.40685 0.470247 0.117836 0.665844 0.316057 0.321145 0.907775 
0.673611 0.610783 0.557055 0.078467 0.127769 0.517217 0.27103 0.192357 0.346246 0.169407 0.306226 0.102199 0.971005 0.308408 0.848828 0.344115 0.8802 0.659213 0.522218 0.0266235 0.145071 0.258559 0.0561319 0.406537 0.886131 0.78463 0.692162 0.76798 0.742267 0.0926275 0.277089 0.20639 0.929623 0.140073 0.529104 0.389646 0.741813 0.04097 0.495992 0.214591 0.751603 0.366382 0.956031 0.85864 0.944227 0.636497 0.757388 0.197063 0.556015 0.163272 0.0100027 0.170874 0.832289 0.769832 0.389631 0.867299 0.585221 0.708777 0.30329 0.7881 0.575936 0.113154 0.440843 0.945641 
0.444489 0.936434 0.815071 0.550184 0.999662 0.380895 0.930495 0.179687 0.545179 0.734295 0.0159187 0.0226585 0.404497 0.795941 0.395266 0.763518 0.704872 0.0999894 0.776816 0.17405 0.27111 0.616386 0.652109 0.327516 0.640518 0.528895 0.189754 0.917101 0.29891 0.204657 0.147588 0.878814 0.35496 0.416293 0.527084 0.358242 0.651468 0.733504 0.856769 0.771672 0.497498 0.891458 0.354554 0.103354 0.0187886 0.726322 0.81819 0.944529 0.99322 0.298674 0.905809 0.541004 0.331571 0.628624 0.612589 0.648607 0.794265 0.838755 0.218005 0.577545 0.744057 0.245753 0.657065 0.646239 
0.997299 0.584061 0.801554 0.760544 0.319437 0.777511 0.500154 0.384748 0.722272 0.136934 0.0960647 0.312385 0.00984688 0.556865 0.384779 0.185033 0.111186 0.0546275 0.95067 0.975411 0.0798528 0.196102 0.209738 0.52924 0.0875953 0.0837333 0.673213 0.78822 0.891423 0.30134 0.63369 0.250779 0.95845 0.0813936 0.467606 0.679832 0.841591 0.736955 0.663349 0.323303 0.224793 0.154889 0.919958 0.954463 0.974639 0.87282 0.0637468 0.282092 0.228528 0.625127 0.309873 0.0813444 0.25481 0.850561 0.898979 0.522769 0.632588 0.182304 0.990951 0.386133 0.710872 0.512895 0.215299 0.506075 
0.530798 0.0343644 0.300237 0.362048 0.828367 0.302091 0.461366 0.0548101 0.0696598 0.109697 0.290864 0.723058 0.205518 0.120083 0.438318 0.561132 0.68906 0.50254 0.400705 0.356283 0.45438 0.932418 0.611718 0.840283 0.336847 0.685419 0.940068 0.0557102 0.146846 0.0965873 0.288642 0.754225 0.0526715 0.931581 0.553281 0.166547 0.341537 0.920097 0.628319 0.721811 0.370563 0.749333 0.103296 0.288943 0.811103 0.578989 0.618361 0.823878 0.692942 0.224071 0.018974 0.867447 0.020189 0.503205 0.19339 0.114658 0.172681 0.512293 0.0511715 0.65394 0.172159 0.204972 0.979558 0.0544318 
0.272952 0.193992 0.712391 0.880876 0.978714 0.931508 0.831008 0.4408 0.469201 0.560017 0.902041 0.0421386 0.772691 0.350851 0.767679 0.886386 0.0333225 0.889642 0.845852 0.666225 0.281643 0.887341 0.441604 0.811175 0.957959 0.0888007 0.809597 0.83449 0.975833 0.779683 0.560165 0.971726 0.379738 0.581256 0.75933 0.582696 0.904619 0.614333 0.874471 0.364494 0.115306 0.859495 0.880899 0.325711 0.822328 0.724185 0.502919 0.685028 0.101501 0.682738 0.979805 0.857583 0.187796 0.976434 0.211672 0.215237 0.20717 0.199934 0.0604462 0.449302 0.502697 0.479753 0.497608 0.452464 
0.577273 0.56955 0.733249 0.690908 0.362474 0.396959 0.190338 0.851923 0.754437 0.814734 0.662503 0.85171 0.524473 0.830565 0.24948 0.352124 0.570182 0.76472 0.596659 0.366201 0.589073 0.884114 0.780715 0.209665 0.164269 0.846087 0.914094 0.436189 0.608788 0.198389 0.540287 0.93347 0.596748 0.316358 0.668566 0.527876 0.32343 0.621952 0.495015 0.940162 0.50046 0.677123 0.531843 0.497036 0.674336 0.263669 0.679463 0.168013 0.434129 0.199444 0.00528973 0.674547 0.11484 0.319514 0.0806684 0.0883556 0.0258106 0.276637 0.915643 0.683445 0.886671 0.372941 0.301911 0.468947 
0.782035 0.688967 0.209988 0.821714 0.585356 0.648949 0.271914 0.453234 0.239083 0.633591 0.925045 0.818178 0.511061 0.322895 0.482791 0.620734 0.790541 0.169519 0.381639 0.96485 0.112583 0.893847 0.274937 0.720407 0.14018 0.594291 0.650771 0.954673 0.609726 0.124679 0.962243 0.56132 0.977717 0.465496 0.222067 0.027886 0.966838 0.191135 0.615414 0.528198 0.547415 0.764618 0.427493 0.229023 0.534192 0.423459 0.535257 0.465638 0.733563 0.527572 0.414069 0.571254 0.647469 0.14246 0.294501 0.176646 0.657909 0.280088 0.0519927 0.294342 0.941868 0.219246 0.792791 0.12498 
0.790665 0.917375 0.586526 0.306364 0.664664 0.633454 0.568644 0.557414 0.0042626 0.278235 0.505927 0.992568 0.690378 0.233224 0.188938 0.508107 0.383361 0.774267 0.909504 0.859326 0.0178899 0.235315 0.809299 0.437927 0.968479 0.401514 0.00275696 0.746767 0.0330348 0.699844 0.154159 0.107174 0.419256 0.730683 0.150736 0.76725 0.741053 0.891323 0.969599 0.396039 0.715406 0.344733 0.447093 0.122007 0.0657722 0.481316 0.336217 0.502396 0.105037 0.476818 0.742112 0.0254218 0.511756 0.639067 0.976588 0.120444 0.598217 0.112511 0.00409334 0.906803 0.663562 0.89384 0.907084 0.751242 
0.276084 0.400329 0.220419 0.428672 0.329951 0.027893 0.849595 0.193196 0.704694 0.78828 0.0552326 0.0997724 0.716217 0.58452 0.175953 0.875714 0.564765 0.549758 0.0135602 0.471442 0.0312269 0.122164 0.161995 0.279293 0.909534 0.434767 0.487391 0.0612993 0.694117 0.488169 0.565017 0.627019 0.249252 0.268188 0.356235 0.577033 0.621583 0.200628 0.135842 0.206553 0.526395 0.0216764 0.528899 0.802037 0.494033 0.126357 0.19481 0.633229 0.99719 0.269056 0.705248 0.700791 0.940794 0.337016 0.18192 0.889204 0.785999 0.221311 0.816616 0.81031 0.94629 0.759879 0.35696 0.0609059 
0.554205 0.135283 0.587519 0.686064 0.980491 0.816777 0.0914736 0.13433 0.761824 0.873318 0.175205 0.963543 0.992072 0.775687 0.144258 0.795556 0.470308 0.613767 0.640595 0.801732 0.620626 0.49976 0.2061 0.0350714 0.18379 0.528305 0.251191 0.620077 0.863253 0.143405 0.165223 0.324061 0.0216086 0.327176 0.728684 0.150555 0.266113 0.0541691 0.365811 0.275508 0.48548 0.784173 0.497415 0.283721 0.400279 0.0912556 0.191971 0.292785 0.231867 0.423769 0.848685 0.739215 0.94332 0.404172 0.424387 0.577796 0.0947154 0.230468 0.733442 0.0257628 0.282954 0.86591 0.538972 0.560671 
0.296283 0.582314 0.499949 0.462602 0.880869 0.311287 0.983072 0.553791 0.961051 0.605899 0.971778 0.67952 0.116412 0.091804 0.636958 0.797729 0.365696 0.114765 0.0363845 0.748952 0.901968 0.550615 0.104318 0.986158 0.211854 0.872357 0.240041 0.124972 0.229436 0.752412 0.373087 0.865868 0.179093 0.749927 0.0306729 0.192214 0.346163 0.494149 0.404118 0.39789 0.0936847 0.932285 0.0452413 0.644913 0.261137 0.879654 0.57314 0.394767 0.604721 0.409325 0.405607 0.847361 0.772614 0.560234 0.631125 0.787151 0.49523 0.86544 0.471302 0.923525 0.535042 0.103763 0.716231 0.778651 
0.274435 0.0194038 0.848136 0.00022634 0.963639 0.565166 0.0216181 0.104113 0.916329 0.874242 0.00174113 0.024993 0.345207 0.262252 0.474804 0.962229 0.564781 0.0958693 0.533844 0.184929 0.163237 0.72682 0.38479 0.459843 0.191137 0.112814 0.228785 0.0853623 0.0351002 0.334704 0.861195 0.0958594 0.0959198 0.13218 0.677296 0.458532 0.240007 0.969779 0.671483 0.585715 0.199316 0.49724 0.46573 0.1971 0.487148 0.555597 0.787463 0.472647 0.782595 0.0498364 0.472045 0.331989 0.496398 0.614258 0.0256553 0.0742963 0.554508 0.885354 0.766906 0.982376 0.914777 0.186444 0.54359 0.0617669 
0.883797 0.304753 0.426835 0.871716 0.384569 0.516957 0.604645 0.0587518 0.942243 0.726308 0.0871485 0.881242 0.810856 0.980125 0.257857 0.831901 0.157245 0.628424 0.389727 0.652822 0.0460138 0.168137 0.776492 0.593355 0.158421 0.588706 0.153732 0.750355 0.258615 0.291421 0.0894183 0.544535 0.96561 0.829356 0.0737711 0.996189 0.82047 0.000865946 0.529268 0.848461 0.62899 0.934086 0.0237128 0.0160865 0.733156 0.92401 0.659039 0.798823 0.500403 0.869448 0.65067 0.39878 0.342386 0.446941 0.88389 0.343966 0.989032 0.147674 0.765397 0.411536 0.177278 0.574175 0.202875 0.192178 
0.302444 0.708149 0.780163 0.605596 0.986462 0.192182 0.156517 0.593559 0.434138 0.533461 0.649651 0.698954 0.461923 0.46653 0.82551 0.248258 0.0346417 0.856725 0.139432 0.0747523 0.0358868 0.742505 0.389468 0.313924 0.120411 0.0222874 0.713401 0.939597 0.970198 0.00479362 0.409872 0.984676 0.111749 0.53217 0.447233 0.447304 0.421012 0.517425 0.484673 0.981064 0.578143 0.869147 0.4556 0.352749 0.742873 0.455614 0.815537 0.0765983 0.338316 0.65731 0.0209938 0.784811 0.659642 0.790337 0.710793 0.439452 0.624836 0.388124 0.287469 0.272839 0.442911 0.65796 0.223151 0.63876 
0.669424 0.979988 0.757066 0.417918 0.155756 0.804511 0.554783 0.813901 0.75519 0.0654179 0.370117 0.767717 0.828918 0.904025 0.509397 0.940031 0.848803 0.392928 0.34144 0.858314 0.890014 0.729152 0.633619 0.790822 0.405068 0.382053 0.232108 0.40821 0.330628 0.103535 0.31464 0.0945051 0.909285 0.911515 0.0794591 0.918554 0.702388 0.609462 0.0357772 0.0934053 0.991848 0.896219 0.925638 0.997542 0.648129 0.106431 0.847788 0.224932 0.466956 0.903978 0.0113125 0.814395 0.785412 0.988557 0.59195 0.977132 0.623464 0.764605 0.906305 0.10916 0.142826 0.671463 0.442356 0.82294 
0.536913 0.000221293 0.755769 0.85618 0.187371 0.874584 0.0324056 0.315791 0.567813 0.242058 0.312722 0.569501 0.475857 0.152311 0.678608 0.905992 0.645679 0.283891 0.207719 0.0783466 0.567733 0.352199 0.498343 0.353285 0.149122 0.288299 0.0276143 0.93117 0.328222 0.381067 0.953042 0.0488118 0.859433 0.772371 0.846498 0.630071 0.456435 0.325091 0.438738 0.342155 0.777271 0.99313 0.439138 0.876955 0.646729 0.852534 0.33891 0.397059 0.0961508 0.667709 0.671067 0.868774 0.809084 0.22501 0.584501 0.590054 0.958556 0.490339 0.661431 0.274249 0.658764 0.224593 0.620846 0.709317 
0.504644 0.235017 0.377503 0.351091 0.084196 0.391731 0.88244 0.219362 0.0131121 0.062589 0.204575 0.0403679 0.203592 0.800576 0.0857124 0.49524 0.0442685 0.35026 0.930105 0.80317 0.477642 0.359494 0.171045 0.505042 0.860176 0.20877 0.935449 0.90663 0.490917 0.0654035 0.214229 0.0148907 0.589186 0.90974 0.408408 0.123902 0.728662 0.0935123 0.155778 0.266302 0.956971 0.395179 0.71235 0.0124308 0.454951 0.636316 0.296179 0.250525 0.463216 0.652108 0.480975 0.86436 0.325053 0.517439 0.350853 0.862916 0.440174 0.951025 0.772665 0.813737 0.39163 0.60078 0.779422 0.474765 
0.106056 0.851473 0.995961 0.691959 0.962832 0.321278 0.831435 0.933996 0.712933 0.121887 0.402517 0.43603 0.341507 0.106137 0.580959 0.864024 0.327035 0.0160686 0.311202 0.270074 0.217014 0.746347 0.992183 0.296524 0.522681 0.118543 0.930361 0.371966 0.989159 0.805541 0.526652 0.628978 0.941737 0.896032 0.439128 0.400972 0.465062 0.422925 0.448883 0.0596444 0.156727 0.241893 0.51375 0.977045 0.801268 0.109213 0.165432 0.532873 0.95596 0.756779 0.833981 0.114271 0.896735 0.95325 0.165556 0.422329 0.669514 0.937785 0.503505 0.446444 0.767674 0.0635662 0.75743 0.490057 
0.179415 0.240694 0.934243 0.965804 0.610657 0.99987 0.380256 0.412122 0.751512 0.156591 0.963925 0.324243 0.709782 0.653541 0.0175023 0.601272 0.33752 0.77566 0.467468 0.752148 0.515413 0.0239218 0.0211969 0.00657028 0.586082 0.480383 0.410255 0.0199524 0.986728 0.486208 0.725297 0.513866 0.172514 0.664457 0.591208 0.565854 0.0890503 0.466967 0.210068 0.529963 0.195415 0.010579 0.877866 0.843502 0.28263 0.810959 0.753542 0.76187 0.942135 0.0118811 0.295605 0.450665 0.463148 0.628007 0.642508 0.0833914 0.221311 0.109386 0.0930766 0.754862 0.382632 0.308036 0.188856 0.264043 
0.518595 0.479827 0.201835 0.970392 0.24216 0.783774 0.0375617 0.637268 0.471389 0.25719 0.262577 0.948489 0.879724 0.214676 0.895681 0.495708 0.308559 0.563933 0.992893 0.896027 0.759741 0.343694 0.919443 0.54374 0.355802 0.482553 0.222958 0.674963 0.757296 0.231658 0.051492 0.476497 0.164138 0.112326 0.237098 0.561952 0.758976 0.14152 0.955482 0.969989 0.71131 0.539255 0.051328 0.723382 0.888862 0.775664 0.163487 0.857982 0.660911 0.935395 0.681526 0.662841 0.894361 0.229551 0.361136 0.824436 0.467618 0.259416 0.0639157 0.96438 0.233946 0.83036 0.0477995 0.322735 
