21.0846 0001110001110001001110111010011110001100100001011110001111100111000000101010010110101100001000101111
78.8543 0011100101100101101101110110101001111111111110000100010000100101101101010101011011101110101111101110
0.364461 0.49913 0.0075431 0.316224 0.013322 0.877221 0.137527 0.138613 0.395886 0.494655 0.315709 0.373951 0.734658 0.967904 0.701548 0.135425 0.136007 0.950807 0.553056 0.943307 0.629551 0.56487 0.639568 0.765018 0.375209 0.834296 0.104458 0.079316 0.0676696 0.49098 0.209467 0.925223 0.980611 0.669631 0.581751 0.794317 0.0467 0.58026 0.0745113 0.16007 0.434889 0.593764 0.140158 0.898923 0.97872 0.929738 0.392781 0.289339 0.316752 0.986894 0.0428517 0.170114 0.279728 0.403417 0.673714 0.239608 0.17746 0.128356 0.0700856 0.635573 0.870119 0.354246 0.0347822 0.779211 
0.476695 0.0712197 0.903266 0.804242 0.00456385 0.217678 0.729565 0.319755 0.548869 0.0367721 0.817232 0.517947 0.519514 0.836352 0.00814504 0.337064 0.574658 0.134928 0.146788 0.0543635 0.556775 0.962932 0.716533 0.568249 0.787924 0.991916 0.0396293 0.281438 0.699981 0.149239 0.812482 0.0298741 0.836498 0.354457 0.592361 0.00728576 0.811415 0.939371 0.159025 0.980543 0.9003 0.0689442 0.731448 0.455312 0.760384 0.726206 0.80861 0.363994 0.921933 0.544615 0.04167 0.882579 0.568081 0.0141957 0.570414 0.844943 0.0763314 0.777654 0.757183 0.811971 0.732565 0.0338437 0.791851 0.575476 
0.483648 0.116912 0.952133 0.294 0.168936 0.262077 0.300138 0.0707429 0.283225 0.961312 0.978769 0.267658 0.0327682 0.975046 0.686307 0.623716 0.14795 0.407199 0.437072 0.337599 0.205031 0.457069 0.786512 0.743295 0.593193 0.507576 0.794089 0.486372 0.00264369 0.437623 0.0222804 0.516317 0.91866 0.553127 0.355301 0.956266 0.537556 0.203707 0.212787 0.511423 0.139318 0.735376 0.954936 0.73113 0.0209854 0.926517 0.302846 0.812912 0.324343 0.444835 0.912332 0.831496 0.783692 0.346008 0.660134 0.166107 0.044221 0.939745 0.942045 0.443544 0.0188704 0.339856 0.298841 0.615986 
0.963918 0.344274 0.686305 0.170525 0.796104 0.983989 0.309022 0.491492 0.702673 0.0300228 0.552847 0.451973 0.867066 0.000341603 0.0804376 0.516909 0.270102 0.486752 0.171677 0.921704 0.598933 0.760582 0.163335 0.166184 0.57597 0.338284 0.805456 0.705706 0.206379 0.726413 0.401674 0.0710254 0.825741 0.114155 0.279785 0.250187 0.0992947 0.831277 0.428818 0.932108 0.219225 0.651256 0.190305 0.204501 0.972612 0.16942 0.681545 0.775921 0.670396 0.265079 0.340673 0.826863 0.0546887 0.409046 0.646061 0.966197 0.185876 0.819072 0.170775 0.571703 0.177147 0.215347 0.539348 0.122872 
0.696305 0.67627 0.355638 0.675361 0.0918469 0.126623 0.984544 0.528017 0.269632 0.700474 0.894883 0.803144 0.130183 0.314371 0.80412 0.92114 0.750083 0.143713 0.921193 0.0863533 0.817145 0.919424 0.617121 0.599217 0.310449 0.0250226 0.153765 0.547117 0.741826 0.467659 0.031608 0.825484 0.430893 0.33626 0.971384 0.0313143 0.055429 0.962965 0.846225 0.591632 0.451439 0.548776 0.493772 0.942986 0.464503 0.151756 0.0700103 0.355802 0.767264 0.342482 0.290362 0.0974522 0.269369 0.625763 0.676943 0.932794 0.674816 0.802645 0.453055 0.534416 0.0554112 0.137036 0.617337 0.583153 
0.0548264 0.164504 0.0137314 0.0648191 0.161744 0.655113 0.988585 0.573745 0.0956775 0.346625 0.49849 0.674503 0.488203 0.846544 0.972245 0.215318 0.456815 0.396567 0.334674 0.7096 0.900598 0.0676651 0.257271 0.103471 0.177035 0.908227 0.844115 0.138361 0.370774 0.141871 0.255424 0.741236 0.574997 0.580929 0.245505 0.370221 0.285294 0.0463831 0.890315 0.446256 0.0187073 0.494086 0.435204 0.231383 0.523213 0.989333 0.677589 0.967071 0.246398 0.700362 0.724045 0.508208 0.237628 0.505612 0.884686 0.91351 0.228661 0.523846 0.115381 0.0902023 0.282801 0.968689 0.046524 0.403067 
0.862635 0.166994 0.940507 0.856006 0.984266 0.190672 0.946457 0.793946 0.35403 0.493381 0.2233 0.780663 0.340847 0.22262 0.726433 0.198083 0.653942 0.39036 0.884342 0.921083 0.525866 0.600218 0.99369 0.523639 0.105022 0.726928 0.948751 0.189239 0.60243 0.00412456 0.743511 0.21824 0.017428 0.739114 0.906666 0.605958 0.160806 0.535652 0.956242 0.327237 0.640131 0.551253 0.975027 0.121387 0.483063 0.558434 0.236478 0.709884 0.999551 0.925097 0.00653368 0.433129 0.0065585 0.9271 0.735959 0.200905 0.272501 0.911632 0.640895 0.317357 0.839426 0.285148 0.754549 0.795477 
0.838279 0.016638 0.27305 0.413844 0.0347621 0.763308 0.273855 0.57646 0.603469 0.647172 0.390722 0.632171 0.353633 0.999763 0.248691 0.990013 0.797589 0.408233 0.198609 0.129681 0.771594 0.508296 0.782295 0.207063 0.0456675 0.104598 0.577208 0.884775 0.453417 0.0993376 0.147587 0.25498 0.26247 0.0261521 0.203169 0.725147 0.680325 0.114189 0.747697 0.563733 0.184677 0.0491263 0.782007 0.387727 0.963451 0.966877 0.697912 0.895469 0.506263 0.017461 0.815558 0.225909 0.502576 0.335681 0.900028 0.328445 0.794716 0.237889 0.0159185 0.34799 0.421328 0.917807 0.161373 0.127121 
0.748185 0.735717 0.212024 0.65682 0.666609 0.0187722 0.304839 0.0163337 0.311428 0.327914 0.731976 0.186162 0.162055 0.240625 0.92848 0.97165 0.897325 0.617673 0.00690519 0.589036 0.794484 0.625302 0.923904 0.0872686 0.0435501 0.778032 0.81916 0.16923 0.00791345 0.995061 0.555385 0.907488 0.293624 0.347066 0.874004 0.672653 0.30694 0.599158 0.00785908 0.161628 0.527607 0.888848 0.375967 0.0434736 0.0272821 0.299816 0.385217 0.30171 0.0669461 0.322508 0.386155 0.399553 0.00583997 0.471373 0.370709 0.261187 0.0371504 0.169943 0.705222 0.436173 0.818803 0.837119 0.454389 0.993712 
0.0281845 0.262634 0.110915 0.866158 0.717695 0.780274 0.182211 0.592184 0.905131 0.899299 0.382837 0.749434 0.735754 0.320628 0.356533 0.149901 0.348314 0.459678 0.323697 0.547401 0.325699 0.0862524 0.567233 0.523633 0.808504 0.853929 0.37022 0.324934 0.746623 0.868399 0.500613 0.158998 0.26194 0.770915 0.231572 0.952923 0.490315 0.530444 0.730083 0.0571744 0.292194 0.864666 0.424956 0.967332 0.0641581 0.00177935 0.0195257 0.962416 0.746823 0.891183 0.997188 0.36517 0.00326432 0.895494 0.572762 0.806885 0.350841 0.327557 0.734684 0.268621 0.560686 0.448519 0.158954 0.64238 
0.843546 0.0374933 0.322349 0.069064 0.37699 0.0435314 0.0586316 0.750088 0.666189 0.629423 0.300767 0.19268 0.113971 0.615756 0.578122 0.847063 0.881224 0.928459 0.189774 0.424398 0.164446 0.536405 0.348066 0.0114963 0.136806 0.279482 0.692154 0.432628 0.644683 0.643154 0.676935 0.403049 0.947038 0.589898 0.693432 0.0874001 0.273233 0.802801 0.17111 0.197956 0.0529288 0.439893 0.115028 0.44729 0.163839 0.633955 0.853263 0.501544 0.291886 0.426039 0.340855 0.271297 0.275929 0.818506 0.128301 0.0856847 0.12981 0.30394 0.362675 0.0344297 0.921941 0.474917 0.467385 0.0490579 
0.60284 0.390086 0.682391 0.438917 0.531696 0.312976 0.321554 0.282828 0.60848 0.339614 0.855534 0.194064 0.307791 0.350451 0.427188 0.0846924 0.946362 0.122395 0.0357555 0.600293 0.560308 0.664282 0.863383 0.564313 0.391811 0.383156 0.414512 0.306531 0.555649 0.644868 0.392786 0.408735 0.20138 0.822218 0.00138665 0.929743 0.133924 0.812384 0.305734 0.702507 0.962897 0.174016 0.12392 0.0558545 0.964691 0.767493 0.758105 0.590634 0.716368 0.633181 0.270161 0.247939 0.542772 0.831292 0.20481 0.0183857 0.993118 0.865225 0.64293 0.269509 0.737498 0.0554717 0.00209927 0.617683 
0.0809318 0.633972 0.873463 0.190999 0.0686375 0.929969 0.21757 0.113609 0.442305 0.354386 0.614032 0.542598 0.712331 0.276646 0.202046 0.48237 0.692365 0.519007 0.282734 0.729328 0.881824 0.210667 0.74109 0.215938 0.937991 0.118609 0.416472 0.0387299 0.6698 0.365483 0.586388 0.253878 0.179344 0.943487 0.220707 0.297369 0.485513 0.682509 0.10462 0.869315 0.683732 0.903919 0.216884 0.331931 0.298958 0.154349 0.796192 0.514561 0.714699 0.752534 0.669218 0.598195 0.796955 0.113999 0.868046 0.420547 0.867404 0.389479 0.598693 0.500043 0.3012 0.277645 0.559449 0.847712 
0.309428 0.0489886 0.816273 0.551065 0.857609 0.340393 0.500061 0.34838 0.999444 0.142445 0.748516 0.0899122 0.420645 0.299301 0.389723 0.722094 0.754652 0.813443 0.647482 0.773858 0.175096 0.131478 0.634176 0.481349 0.407996 0.440197 0.0917543 0.169948 0.943957 0.10276 0.761274 0.577287 0.692278 0.224994 0.803876 0.826537 0.132323 0.566701 0.674849 0.694213 0.763518 0.416908 0.8752 0.882012 0.244363 0.994012 0.0586027 0.872425 0.623351 0.744161 0.859486 0.868888 0.422622 0.8011 0.664172 0.0330332 0.701441 0.742331 0.594841 0.137494 0.778357 0.199528 0.833671 0.0659993 
0.150762 0.723583 0.359272 0.344771 0.422011 0.991166 0.317315 0.428415 0.609946 0.495369 0.205248 0.0870052 0.686314 0.326301 0.38105 0.431355 0.679668 0.382377 0.570479 0.257879 0.749263 0.0671327 0.899694 0.048072 0.340532 0.484824 0.896267 0.761355 0.419897 0.984656 0.962623 0.49041 0.984217 0.0181631 0.711373 0.511916 0.967357 0.0173684 0.242664 0.0814584 0.735981 0.571342 0.178395 0.876302 0.871952 0.762584 0.256571 0.7852 0.465253 0.42761 0.680164 0.898259 0.834736 0.792352 0.126912 0.845952 0.452941 0.0914046 0.960115 0.430882 0.140584 0.483047 0.807795 0.338696 
0.571911 0.0127572 0.0196884 0.493287 0.202107 0.871123 0.619213 0.619781 0.54152 0.332809 0.344179 0.865096 0.741669 0.748529 0.596561 0.0234076 0.790044 0.69063 0.867774 0.640176 0.270914 0.920492 0.47519 0.205189 0.970917 0.760699 0.361805 0.0630385 0.857581 0.88153 0.242477 0.874371 0.400346 0.298459 0.151336 0.499476 0.246384 0.937809 0.429302 0.248357 0.582204 0.421392 0.408666 0.131123 0.877388 0.289978 0.0837219 0.691188 0.900131 0.784919 0.838049 0.160013 0.600423 0.157102 0.946896 0.696557 0.278272 0.830507 0.151425 0.525549 0.346719 0.504816 0.432381 0.772258 
0.0347669 0.68158 0.332042 0.0794661 0.877478 0.222552 0.0318652 0.835882 0.363421 0.640235 0.539837 0.174492 0.434379 0.320703 0.00732924 0.285795 0.345392 0.198056 0.0224446 0.802711 0.766719 0.301435 0.114339 0.468371 0.925947 0.23438 0.804708 0.790949 0.218218 0.496891 0.0939265 0.262596 0.736293 0.817093 0.414993 0.37098 0.961467 0.277931 0.756229 0.813462 0.267566 0.0583168 0.910725 0.320058 0.613368 0.837567 0.702736 0.500354 0.893555 0.0989792 0.521729 0.112908 0.257579 0.81134 0.30531 0.335451 0.0878343 0.339393 0.512064 0.143673 0.314504 0.597547 0.172845 0.360194 
0.286866 0.337376 0.848688 0.851672 0.472474 0.372206 0.267305 0.888655 0.0287104 0.382632 0.632447 0.554199 0.670897 0.164131 0.113228 0.831538 0.625201 0.761338 0.326087 0.177268 0.0558051 0.211114 0.853674 0.566193 0.975988 0.286642 0.469778 0.999392 0.589903 0.00881688 0.137731 0.862095 0.0853246 0.706149 0.55622 0.54541 0.488186 0.822037 0.170426 0.451157 0.505772 0.56542 0.966553 0.365178 0.217259 0.453921 0.42969 0.614853 0.463318 0.556806 0.231805 0.671488 0.371845 0.131889 0.842474 0.142424 0.0699618 0.848921 0.676189 0.472363 0.645835 0.966816 0.67924 0.741726 
0.117015 0.634813 0.917637 0.526901 0.712338 0.964477 0.957607 0.314962 0.597831 0.961941 0.970119 0.90259 0.477247 0.47462 0.666933 0.994447 0.655734 0.0831557 0.997939 0.265934 0.546374 0.342938 0.756463 0.205954 0.72673 0.4955 0.465347 0.140111 0.686918 0.352125 0.777295 0.168549 0.710297 0.474931 0.206261 0.0899702 0.0803369 0.654 0.396814 0.60225 0.263355 0.355322 0.332109 0.717149 0.111567 0.344882 0.191661 0.203292 0.863204 0.842473 0.0129577 0.508499 0.240652 0.970012 0.0984798 0.839916 0.53312 0.0157537 0.513622 0.454159 0.0953627 0.065024 0.0200153 0.82611 
0.239465 0.953322 0.322414 0.307135 0.145503 0.358074 0.395211 0.687328 0.0843512 0.19911 0.235712 0.0903253 0.357957 0.880893 0.465513 0.72483 0.0393349 0.317728 0.770207 0.951452 0.295315 0.217614 0.726828 0.269218 0.784604 0.740282 0.749802 0.521463 0.320134 0.198763 0.394849 0.525964 0.418724 0.296103 0.699506 0.77574 0.746808 0.917902 0.130167 0.0689684 0.517638 0.352506 0.577584 0.170619 0.942843 0.184322 0.870082 0.0336584 0.561206 0.600943 0.86973 0.138338 0.174986 0.183703 0.325709 0.21626 0.310909 0.443163 0.645809 0.064262 0.799986 0.145471 0.250729 0.159513 
0.890472 0.352322 0.431497 0.684322 0.152849 0.667312 0.201826 0.29013 0.502132 0.12056 0.321896 0.379911 0.830748 0.479786 0.998699 0.522006 0.303533 0.489971 0.705991 0.148941 0.846456 0.102521 0.520645 0.788192 0.449637 0.43316 0.915222 0.418447 0.675987 0.711719 0.00196974 0.234665 0.252728 0.0201319 0.122357 0.882052 0.413289 0.214062 0.763175 0.394814 0.658781 0.80707 0.781902 0.736641 0.937348 0.00903858 0.00213249 0.553579 0.401078 0.0583147 0.187616 0.439172 0.156566 0.431224 0.956952 0.900148 0.13583 0.545456 0.664334 0.597132 0.99584 0.330603 0.122903 0.793694 
0.590347 0.0525182 0.481303 0.452509 0.519794 0.396873 0.496286 0.753807 0.907492 0.311776 0.187232 0.552278 0.18309 0.329293 0.738893 0.238079 0.607456 0.665229 0.352987 0.444495 0.156794 0.491667 0.334134 0.833852 0.0568835 0.221937 0.906869 0.689805 0.20627 0.23221 0.78774 0.0182706 0.439791 0.787704 0.355842 0.0195486 0.726841 0.098514 0.780401 0.339593 0.922121 0.186276 0.923281 0.438152 0.631372 0.629567 0.920043 0.929384 0.6978 0.549744 0.20936 0.906832 0.682648 0.0936577 0.46672 0.813764 0.928496 0.340826 0.802451 0.643668 0.561343 0.585309 0.911987 0.1303 
0.163119 0.00579343 0.139348 0.72404 0.136162 0.546443 0.0814161 0.904465 0.921201 0.0773119 0.739857 0.154142 0.273443 0.926648 0.324088 0.546258 0.364516 0.74408 0.477539 0.718855 0.222745 0.54987 0.638362 0.758223 0.949203 0.0906313 0.187529 0.323349 0.86623 0.294621 0.522115 0.123418 0.63044 0.989246 0.209466 0.579368 0.902958 0.153904 0.554537 0.668603 0.0019546 0.521133 0.217521 0.123692 0.718717 0.644063 0.190898 0.171497 0.326727 0.769572 0.981671 0.972075 0.0600716 0.163557 0.826003 0.056259 0.391755 0.140874 0.225405 0.762495 0.148422 0.841624 0.527555 0.652609 
0.867023 0.688686 0.859829 0.0882795 0.0181361 0.31314 0.77458 0.466961 0.0493192 0.922063 0.0854236 0.375386 0.394155 0.670584 0.841593 0.890868 0.0250988 0.885789 0.315666 0.835453 0.325787 0.382481 0.0401031 0.720289 0.999889 0.852284 0.797841 0.547572 0.141624 0.576114 0.284194 0.727567 0.839008 0.541824 0.497026 0.850569 0.991082 0.0164653 0.754262 0.529214 0.0124946 0.710959 0.649147 0.102818 0.243839 0.873442 0.227941 0.749192 0.280246 0.0829431 0.978902 0.146774 0.257498 0.987861 0.347174 0.779421 0.613806 0.864761 0.259681 0.143236 0.802889 0.0137863 0.870231 0.662992 
0.536907 0.800607 0.963388 0.644756 0.322363 0.837257 0.310425 0.208843 0.531398 0.293884 0.840167 0.190612 0.0547082 0.177038 0.777617 0.554801 0.440218 0.91718 0.134842 0.965265 0.411265 0.442706 0.422357 0.0305817 0.933751 0.537892 0.699392 0.674107 0.383546 0.149007 0.248971 0.163465 0.985979 0.692259 0.739075 0.706675 0.0388738 0.505785 0.891403 0.417808 0.529107 0.250131 0.822019 0.584945 0.65873 0.344793 0.565687 0.128943 0.175695 0.895413 0.908897 0.254919 0.115925 0.401393 0.724472 0.561212 0.755489 0.192566 0.740836 0.85336 0.388654 0.517415 0.575624 0.6122 
0.890096 0.202059 0.105114 0.255258 0.282162 0.433242 0.872716 0.739909 0.662534 0.399002 0.186962 0.677123 0.353514 0.549511 0.919681 0.668637 0.564615 0.291011 0.799715 0.131644 0.120209 0.975032 0.526095 0.335884 0.563614 0.0147044 0.313224 0.503411 0.0173165 0.395904 0.174548 0.720445 0.651722 0.910141 0.592392 0.828476 0.634453 0.81638 0.134655 0.45405 0.59016 0.572829 0.049315 0.315172 0.279359 0.679125 0.260729 0.340974 0.0160824 0.81225 0.927672 0.775192 0.0962859 0.90701 0.58867 0.258167 0.18632 0.992529 0.377487 0.156606 0.629743 0.202731 0.117128 0.269929 
0.440119 0.94778 0.045896 0.705798 0.486231 0.652656 0.209702 0.56878 0.771364 0.893581 0.48 0.669468 0.9568 0.347131 0.492896 0.178037 0.716851 0.225485 0.817855 0.174855 0.776933 0.564337 0.112646 0.132229 0.111691 0.821452 0.90466 0.96394 0.174506 0.894306 0.183596 0.605306 0.467571 0.370487 0.0523347 0.492088 0.09849 0.598496 0.593098 0.125492 0.979371 0.541481 0.961421 0.259159 0.129841 0.1315 0.279146 0.139322 0.897311 0.725607 0.759913 0.238814 0.432924 0.380438 0.692275 0.0389316 0.438829 0.724599 0.204978 0.125735 0.264869 0.594197 0.714132 0.342716 
0.191654 0.837193 0.352424 0.472127 0.835859 0.583156 0.582566 0.412238 0.937076 0.687263 0.229416 0.992265 0.557394 0.373761 0.989036 0.404677 0.912132 0.733886 0.166728 0.938151 0.406117 0.186599 0.547297 0.41934 0.393539 0.546793 0.865555 0.344138 0.802081 0.916493 0.187305 0.826816 0.902032 0.630083 0.827545 0.663086 0.252742 0.55564 0.352617 0.923123 0.852087 0.190768 0.880898 0.255979 0.133292 0.684422 0.608574 0.931882 0.910685 0.88148 0.233993 0.763737 0.263821 0.600286 0.136004 0.314422 0.950908 0.46942 0.705658 0.368473 0.962862 0.649248 0.887521 0.647632 
0.627477 0.950059 0.527019 0.757638 0.496729 0.949242 0.720764 0.174928 0.935873 0.707691 0.487517 0.894626 0.397147 0.250612 0.662852 0.264795 0.129091 0.556081 0.617021 0.31956 0.729416 0.935854 0.866168 0.443256 0.966859 0.74256 0.950837 0.534173 0.659999 0.568365 0.0978978 0.271425 0.894041 0.430685 0.460032 0.953667 0.0511249 0.436168 0.750378 0.627617 0.683159 0.946567 0.706235 0.514216 0.815576 0.522522 0.0874209 0.457989 0.249404 0.984712 0.4057 0.365417 0.154816 0.440414 0.643112 0.867298 0.127292 0.734892 0.43116 0.679967 0.936231 0.379373 0.182536 0.938516 
0.38572 0.558659 0.458544 0.291173 0.91572 0.918138 0.134634 0.237625 0.18701 0.285156 0.390012 0.812232 0.0581836 0.629299 0.56661 0.411725 0.251084 0.465486 0.0410112 0.950328 0.783532 0.709947 0.63892 0.156327 0.319429 0.861872 0.870857 0.437761 0.00815364 0.924758 0.753442 0.989427 0.7983 0.463438 0.264166 0.386509 0.688964 0.888763 0.804375 0.392151 0.646606 0.38914 0.57646 0.383619 0.666608 0.913664 0.324325 0.494545 0.831124 0.766292 0.920971 0.747308 0.539132 0.733159 0.37279 0.879493 0.774277 0.92513 0.386317 0.0467931 0.513473 0.421633 0.988636 0.558266 
0.778359 0.311844 0.744686 0.102168 0.387715 0.35157 0.185509 0.639978 0.348699 0.746013 0.306252 0.76983 0.783405 0.063402 0.709474 0.296947 0.232336 0.313368 0.524264 0.908453 0.685007 0.747536 0.0559204 0.533901 0.303156 0.156913 0.880817 0.786924 0.00152526 0.27186 0.397441 0.82895 0.534431 0.0817838 0.365082 0.769116 0.46546 0.234498 0.279084 0.776045 0.600028 0.0707818 0.4568 0.464476 0.200332 0.602465 0.037289 0.725887 0.46884 0.582955 0.0417573 0.790595 0.864398 0.576808 0.219519 0.564067 0.0722352 0.615323 0.531001 0.358797 0.649546 0.0549301 0.582904 0.62807 
0.517931 0.74307 0.25367 0.637156 0.0726091 0.652318 0.106763 0.407281 0.155158 0.416445 0.0257292 0.411978 0.90501 0.362628 0.0689209 0.981786 0.137331 0.351076 0.415695 0.199723 0.120454 0.991833 0.570883 0.598689 0.962103 0.0526414 0.653373 0.101806 0.211639 0.280068 0.700522 0.787463 0.378257 0.645659 0.0731322 0.948182 0.535838 0.69281 0.216214 0.536944 0.414029 0.130619 0.244012 0.490036 0.255502 0.943856 0.665167 0.610512 0.970983 0.0469861 0.1734 0.48648 0.522036 0.502494 0.678925 0.704911 0.845998 0.126751 0.355779 0.265789 0.991315 0.292906 0.325913 0.697923 
0.80534 0.627451 0.98765 0.28203 0.228748 0.415718 0.719032 0.340677 0.861487 0.755992 0.522525 0.507222 0.93085 0.124785 0.107897 0.292097 0.994855 0.415226 0.440189 0.00973865 0.421951 0.220721 0.0078787 0.143304 0.351623 0.506109 0.336859 0.257959 0.836595 0.392146 0.738778 0.940197 0.753365 0.531347 0.742828 0.0707659 0.499929 0.368497 0.135096 0.296364 0.215087 0.17519 0.242166 0.18269 0.934413 0.428428 0.202656 0.610496 0.846489 0.00545528 0.865783 0.212139 0.517217 0.934532 0.324611 0.978383 0.153407 0.69762 0.0650767 0.652282 0.182606 0.127023 0.595469 0.140437 
0.438398 0.054199 0.470397 0.495458 0.887468 0.601836 0.178145 0.9493 0.427044 0.931725 0.571356 0.788199 0.510988 0.588351 0.947943 0.902176 0.188402 0.638028 0.571438 0.162149 0.562598 0.517427 0.432146 0.263973 0.0991424 0.188598 0.427999 0.217464 0.23235 0.104735 0.919472 0.362935 0.685414 0.457873 0.519075 0.328635 0.749186 0.0199724 0.173022 0.742656 0.89394 0.44598 0.939138 0.517913 0.592477 0.710906 0.55253 0.208487 0.306373 0.29015 0.670894 0.933427 0.441312 0.911772 0.690869 0.125504 0.760832 0.0502024 0.889663 0.412063 0.896028 0.0605934 0.134831 0.907888 
0.227926 0.957742 0.802684 0.225634 0.444295 0.238373 0.713083 0.477593 0.870646 0.660476 0.987925 0.0710802 0.0684854 0.522061 0.411163 0.354186 0.311237 0.925673 0.7491 0.649196 0.480518 0.846914 0.116029 0.803747 0.279831 0.0871024 0.4207 0.799616 0.585702 0.750646 0.023256 0.84476 0.420301 0.589516 0.659075 0.605969 0.716132 0.489181 0.28247 0.86495 0.321975 0.121644 0.9903 0.801098 0.523068 0.890913 0.667946 0.488882 0.324096 0.618111 0.468277 0.101921 0.654505 0.237056 0.773716 0.581411 0.404858 0.0740576 0.788365 0.244396 0.367513 0.841762 0.24942 0.881851 
0.219737 0.750267 0.111836 0.720893 0.351218 0.194291 0.359096 0.320207 0.346207 0.983623 0.930444 0.143707 0.497405 0.171955 0.372284 0.746326 0.170078 0.158932 0.32751 0.354094 0.746219 0.975433 0.612731 0.0112986 0.816453 0.291108 0.344386 0.917443 0.137376 0.97441 0.370025 0.769866 0.148956 0.213798 0.0127138 0.608002 0.661628 0.84611 0.134332 0.539455 0.043427 0.559201 0.332267 0.697767 0.286203 0.402966 0.24716 0.729893 0.852179 0.346606 0.103376 0.701308 0.272976 0.703368 0.266404 0.59776 0.756865 0.993258 0.0910878 0.193058 0.621331 0.977789 0.0121839 0.572028 
0.995252 0.968974 0.108725 0.923383 0.0581439 0.105707 0.869082 0.28451 0.284641 0.872024 0.649682 0.967148 0.29027 0.310574 0.133103 0.647343 0.378692 0.863561 0.999485 0.397038 0.132863 0.477189 0.116889 0.214748 0.301522 0.382355 0.557069 0.3096 0.725576 0.422756 0.0955154 0.218167 0.365868 0.430956 0.498906 0.905455 0.710908 0.733306 0.865195 0.775597 0.00319473 0.546097 0.472289 0.590379 0.488456 0.128696 0.281094 0.522023 0.110002 0.0550862 0.924627 0.699081 0.552863 0.467468 0.369401 0.612037 0.76519 0.310981 0.529822 0.558149 0.72785 0.321573 0.839328 0.990759 
0.121564 0.131952 0.673783 0.756597 0.16103 0.224372 0.773197 0.790336 0.526244 0.958872 0.405946 0.28669 0.0943613 0.70492 0.555403 0.859928 0.69736 0.830617 0.343404 0.733142 0.489004 0.262348 0.810772 0.876837 0.0793055 0.795844 0.804567 0.143406 0.0411622 0.866069 0.701049 0.776295 0.579218 0.573571 0.361564 0.313559 0.0404809 0.531077 0.925475 0.46455 0.936969 0.609548 0.145506 0.175562 0.613376 0.818544 0.505568 0.744807 0.878357 0.177289 0.650829 0.369032 0.305798 0.200844 0.900126 0.304686 0.437553 0.422996 0.858755 0.00618954 0.624805 0.0819443 0.634341 0.437418 
0.873394 0.966616 0.707493 0.61445 0.850327 0.402558 0.243101 0.571517 0.163246 0.947496 0.666691 0.531905 0.210401 0.143888 0.409516 0.231518 0.268671 0.935603 0.61465 0.221902 0.252716 0.757417 0.0567823 0.7966 0.606442 0.773959 0.0886464 0.911909 0.560638 0.00216554 0.783389 0.655053 0.224523 0.850809 0.213515 0.598065 0.657974 0.800763 0.496633 0.370547 0.528452 0.813975 0.256467 0.0880851 0.257818 0.172089 0.380151 0.615852 0.897795 0.847424 0.339677 0.327291 0.387718 0.915037 0.563609 0.414519 0.268245 0.37073 0.714542 0.774423 0.232882 0.396765 0.485504 0.647676 
0.55442 0.369053 0.880411 0.870015 0.193603 0.137584 0.84747 0.236883 0.392749 0.690964 0.656249 0.309476 0.833602 0.255941 0.246596 0.829874 0.223208 0.303812 0.377299 0.9739 0.0426788 0.0404309 0.284859 0.294066 0.00132971 0.795632 0.80117 0.366275 0.932985 0.432686 0.496157 0.866785 0.00642909 0.460988 0.745427 0.129869 0.828819 0.552087 0.153926 0.194775 0.947372 0.311278 0.607795 0.542831 0.0200169 0.591839 0.174321 0.593746 0.958956 0.347148 0.744238 0.165451 0.470005 0.60759 0.804911 0.657207 0.846943 0.251336 0.232929 0.310804 0.630507 0.00819223 0.863426 0.848249 
0.289381 0.720495 0.610614 0.0142818 0.640451 0.991006 0.668908 0.321645 0.611923 0.308236 0.96065 0.268523 0.589302 0.959582 0.901906 0.806699 0.0632871 0.916243 0.476556 0.123861 0.524873 0.93552 0.779132 0.353567 0.715034 0.669496 0.327765 0.937204 0.439677 0.265716 0.237665 0.983112 0.561238 0.254657 0.274309 0.713119 0.808393 0.191863 0.0871942 0.27693 0.0910619 0.49039 0.537394 0.52398 0.184674 0.836936 0.444391 0.308252 0.379983 0.372223 0.91091 0.824308 0.858052 0.879513 0.124911 0.857275 0.72139 0.889426 0.245989 0.129737 0.954733 0.909003 0.622541 0.337609 
0.459165 0.411906 0.338606 0.163909 0.524548 0.202628 0.261395 0.154219 0.700129 0.0507091 0.213499 0.230125 0.645961 0.43734 0.610164 0.489025 0.645849 0.155882 0.47508 0.844478 0.88301 0.471076 0.589393 0.219551 0.178899 0.286334 0.317812 0.539405 0.251675 0.182677 0.975719 0.0897078 0.194214 0.0766208 0.599165 0.81268 0.271329 0.85391 0.381858 0.242431 0.304865 0.889283 0.712583 0.431993 0.895183 0.92644 0.14993 0.311747 0.442085 0.553296 0.914695 0.997078 0.799264 0.931357 0.3221 0.535212 0.318425 0.790564 0.65562 0.0479465 0.740571 0.71723 0.242005 0.481396 
0.957417 0.819903 0.206306 0.524861 0.358794 0.211119 0.944614 0.544212 0.504106 0.107648 0.337052 0.530785 0.068145 0.322201 0.534838 0.299623 0.653277 0.191057 0.964338 0.337568 0.405995 0.104464 0.945482 0.641405 0.928284 0.626882 0.767387 0.938463 0.617989 0.124754 0.579233 0.404942 0.653109 0.219932 0.786638 0.738432 0.409276 0.868563 0.388595 0.895499 0.12601 0.1742 0.0294822 0.660294 0.789191 0.493862 0.539684 0.73557 0.263754 0.774948 0.162846 0.277572 0.338142 0.716948 0.203124 0.86705 0.932231 0.853061 0.366442 0.662175 0.605688 0.435712 0.371444 0.9851 
0.00891605 0.790278 0.651459 0.977351 0.476926 0.880647 0.605214 0.575915 0.388535 0.621102 0.342364 0.297963 0.5839 0.425903 0.339959 0.88888 0.00472162 0.881595 0.948679 0.0497088 0.129623 0.111244 0.233017 0.641947 0.720492 0.714433 0.0453449 0.931033 0.0289831 0.0785849 0.42877 0.854884 0.000377102 0.0924564 0.588957 0.691737 0.718608 0.616845 0.107649 0.395002 0.572373 0.707427 0.896554 0.568099 0.537216 0.209893 0.171195 0.114231 0.736997 0.856716 0.460078 0.593428 0.727367 0.162772 0.856587 0.285242 0.939354 0.993047 0.228696 0.372411 0.73492 0.978229 0.651289 0.906568 
0.187828 0.00712378 0.287369 0.861768 0.229599 0.963359 0.901984 0.594997 0.402205 0.249339 0.363753 0.724 0.0756552 0.690925 0.157011 0.661874 0.800164 0.986866 0.618787 0.858619 0.112791 0.188063 0.373485 0.202985 0.964092 0.126719 0.564092 0.431804 0.803484 0.473316 0.661389 0.0640368 0.709504 0.85944 0.13001 0.051769 0.880191 0.663469 0.517605 0.115421 0.115401 0.336622 0.741554 0.92344 0.54865 0.630313 0.688028 0.721169 0.411046 0.821505 0.740786 0.136076 0.0563925 0.887754 0.736983 0.139161 0.442373 0.762597 0.408361 0.256366 0.384417 0.45212 0.915556 0.533897 
0.0625955 0.10665 0.530527 0.219178 0.775924 0.678785 0.751145 0.371815 0.705148 0.79433 0.719103 0.886922 0.0257083 0.922297 0.250229 0.484872 0.129423 0.0501071 0.413734 0.263492 0.741339 0.867005 0.183594 0.260391 0.472739 0.608472 0.0627092 0.0520578 0.005404 0.969219 0.188136 0.491099 0.366354 0.733716 0.520379 0.0149313 0.360419 0.704404 0.87722 0.362744 0.332851 0.859537 0.466761 0.183939 0.819854 0.196385 0.167728 0.112069 0.538371 0.259603 0.455039 0.501415 0.386796 0.427806 0.850831 0.0792666 0.915515 0.967102 0.265858 0.699078 0.627758 0.194365 0.370881 0.459833 
0.040091 0.338793 0.312077 0.00538697 0.777398 0.0637848 0.302164 0.680387 0.854645 0.586415 0.664239 0.647759 0.0328771 0.636429 0.940624 0.910398 0.790978 0.325922 0.603504 0.564938 0.289778 0.990611 0.869005 0.873768 0.180077 0.791502 0.380387 0.901493 0.970962 0.218835 0.660214 0.299834 0.927413 0.655102 0.429946 0.995052 0.956612 0.431033 0.409429 0.258919 0.120337 0.677281 0.392639 0.278844 0.658324 0.979471 0.0162433 0.0435621 0.0641253 0.185589 0.111637 0.116089 0.325314 0.84434 0.851991 0.257555 0.623559 0.0364359 0.542533 0.334017 0.390023 0.481855 0.0123959 0.176395 
0.960274 0.875426 0.554248 0.603994 0.73771 0.437421 0.792931 0.546997 0.870262 0.137657 0.982741 0.72103 0.948209 0.317738 0.843441 0.902664 0.582829 0.141261 0.28542 0.865813 0.905953 0.640391 0.488432 0.619298 0.41914 0.729941 0.310484 0.573016 0.925088 0.240736 0.795952 0.529045 0.767301 0.680456 0.327326 0.178736 0.721925 0.192854 0.481847 0.259817 0.0637064 0.825271 0.561395 0.472751 0.0530004 0.637074 0.348267 0.683196 0.485444 0.799867 0.149583 0.757459 0.822288 0.0104266 0.323115 0.0911715 0.241838 0.0415106 0.139915 0.106961 0.00695867 0.636518 0.966948 0.231828 
0.0670068 0.406686 0.591674 0.36655 0.265503 0.119499 0.335218 0.262034 0.383042 0.755381 0.513365 0.0881986 0.318931 0.65703 0.101403 0.417086 0.204959 0.913758 0.4054 0.92832 0.508974 0.616108 0.926826 0.147867 0.192552 0.519311 0.160598 0.953056 0.478858 0.994393 0.578191 0.889445 0.6114 0.950104 0.432164 0.586732 0.64991 0.456345 0.781834 0.972965 0.601614 0.0194624 0.134197 0.74127 0.0834785 0.280541 0.865941 0.524665 0.403909 0.669008 0.899283 0.276633 0.701612 0.0943423 0.307934 0.473523 0.0901411 0.840333 0.436422 0.497083 0.43376 0.605025 0.784037 0.15219 
0.509303 0.04395 0.829523 0.804924 0.666938 0.307789 0.635998 0.272224 0.367211 0.486508 0.579191 0.929617 0.500989 0.994955 0.609636 0.608715 0.10019 0.388972 0.38455 0.902858 0.151622 0.603476 0.508883 0.618248 0.229237 0.924641 0.0665511 0.538479 0.760717 0.871689 0.760702 0.49099 0.104896 0.251221 0.879479 0.0880228 0.621111 0.395426 0.274825 0.00198666 0.52233 0.667588 0.82159 0.748471 0.232449 0.880135 0.518317 0.893484 0.0508552 0.0758101 0.580435 0.112309 0.806384 0.644941 0.822548 0.533355 0.884023 0.619178 0.798473 0.107777 0.540694 0.301931 0.102301 0.632867 
0.328162 0.922764 0.815426 0.332455 0.995968 0.321029 0.136319 0.851704 0.605195 0.81267 0.980038 0.963069 0.929359 0.10516 0.194154 0.76153 0.314597 0.963981 0.872885 0.811414 0.792348 0.53804 0.626545 0.2774 0.823313 0.656542 0.185944 0.101834 0.0520254 0.0758198 0.286502 0.161437 0.764207 0.596271 0.849235 0.206389 0.999486 0.96221 0.761402 0.308281 0.261503 0.370668 0.423706 0.745557 0.0965716 0.984216 0.698887 0.397985 0.797837 0.244045 0.319405 0.609378 0.735855 0.983244 0.924783 0.836371 0.638184 0.821036 0.320353 0.944072 0.790158 0.347612 0.0909905 0.610986 
0.225975 0.519241 0.314555 0.681651 0.159687 0.717379 0.803101 0.284889 0.729584 0.341821 0.92508 0.997846 0.6289 0.875765 0.802762 0.781815 0.304374 0.400185 0.988522 0.386516 0.299882 0.683208 0.131681 0.574792 0.24962 0.37238 0.591389 0.848531 0.291312 0.56402 0.960286 0.591559 0.0696459 0.569274 0.0287694 0.657621 0.184262 0.427954 0.938575 0.973737 0.821032 0.622807 0.00680426 0.963652 0.988944 0.444203 0.205723 0.396838 0.00844212 0.445623 0.910306 0.778566 0.75164 0.44373 0.900374 0.818505 0.61614 0.000832895 0.832426 0.262812 0.129316 0.442546 0.965267 0.749708 
0.127398 0.877284 0.638944 0.0797855 0.781161 0.387829 0.387793 0.194215 0.332158 0.538107 0.961859 0.347184 0.329987 0.343758 0.0969426 0.192913 0.877612 0.981954 0.541452 0.851669 0.696197 0.721612 0.0541064 0.416762 0.706229 0.0181646 0.246218 0.908925 0.702117 0.941454 0.0529793 0.266037 0.473235 0.239281 0.824028 0.0246336 0.52939 0.727522 0.533351 0.726758 0.22267 0.152141 0.917283 0.466253 0.61015 0.542306 0.22561 0.123884 0.525106 0.93879 0.255745 0.967927 0.196434 0.982032 0.494924 0.356375 0.85285 0.964846 0.925798 0.59315 0.265412 0.907549 0.574542 0.0277892 
0.705727 0.651402 0.700311 0.635529 0.472762 0.0329305 0.153755 0.606327 0.0210904 0.50172 0.384649 0.795448 0.0810385 0.491596 0.16045 0.642906 0.932763 0.951504 0.0483386 0.700421 0.543847 0.286723 0.287898 0.705847 0.416459 0.445989 0.735421 0.0776986 0.135864 0.520029 0.653953 0.108818 0.148895 0.966285 0.736118 0.160664 0.662235 0.763561 0.479011 0.585778 0.436649 0.801285 0.546453 0.989131 0.139039 0.92409 0.207405 0.378031 0.397288 0.0237168 0.342182 0.370201 0.453548 0.548908 0.0410051 0.538092 0.692864 0.751504 0.00520696 0.314557 0.377779 0.0273122 0.830442 0.63046 
0.441375 0.428498 0.575333 0.00443374 0.0221314 0.115466 0.34184 0.211378 0.670731 0.328147 0.893162 0.105982 0.699356 0.934801 0.0373803 0.418212 0.541485 0.118709 0.184516 0.99379 0.516359 0.54915 0.698146 0.312054 0.027043 0.698041 0.154827 0.93215 0.629329 0.710307 0.920029 0.86899 0.787853 0.644524 0.635288 0.535943 0.89341 0.854496 0.783114 0.227812 0.542797 0.470401 0.502324 0.550595 0.468755 0.886974 0.569867 0.739407 0.656242 0.0878421 0.186926 0.87733 0.311798 0.609932 0.591595 0.920185 0.940235 0.875209 0.55385 0.939336 0.229696 0.473624 0.0877357 0.173013 
0.590391 0.458729 0.0173616 0.760398 0.903628 0.722496 0.585067 0.328339 0.0760101 0.57924 0.955425 0.756431 0.102213 0.421807 0.99992 0.0672303 0.563074 0.85183 0.69863 0.237576 0.381354 0.101424 0.201476 0.176146 0.410167 0.514855 0.822054 0.864689 0.418809 0.0449017 0.988075 0.602556 0.487071 0.706545 0.134552 0.951757 0.979477 0.0592682 0.460049 0.176045 0.729157 0.843343 0.894586 0.371147 0.707066 0.874734 0.218413 0.583429 0.383705 0.431903 0.990585 0.962487 0.463676 0.245526 0.426204 0.769475 0.686773 0.0701337 0.109426 0.0108214 0.00130877 0.409427 0.00550239 0.281055 
0.859644 0.0355541 0.237313 0.763525 0.355388 0.469362 0.216417 0.317242 0.275998 0.0955475 0.321978 0.731777 0.577792 0.842772 0.799417 0.449089 0.704035 0.913536 0.52148 0.492685 0.459987 0.445059 0.355736 0.465973 0.00999099 0.20343 0.607693 0.524672 0.917016 0.476082 0.599679 0.596875 0.789112 0.809611 0.957445 0.551627 0.42754 0.229813 0.929909 0.417691 0.235407 0.0232219 0.44308 0.489488 0.28804 0.534824 0.00901551 0.163033 0.613823 0.44196 0.849773 0.608683 0.189526 0.779962 0.0920183 0.173128 0.941155 0.345842 0.428117 0.0386955 0.853946 0.558345 0.875887 0.393156 
0.585791 0.0326892 0.220665 0.707072 0.649613 0.379179 0.477608 0.434536 0.584008 0.730049 0.944161 0.664534 0.17658 0.199052 0.216882 0.44771 0.816866 0.679874 0.94316 0.284595 0.765741 0.693884 0.915588 0.956314 0.229687 0.0569684 0.741519 0.126746 0.712679 0.513054 0.864907 0.28888 0.920483 0.0525427 0.960609 0.468757 0.309334 0.842844 0.964847 0.672457 0.955849 0.131596 0.0056439 0.139682 0.848219 0.204546 0.411378 0.299801 0.46 0.718489 0.820103 0.201744 0.853614 0.542815 0.540138 0.0840829 0.282486 0.794943 0.192819 0.746847 0.639371 0.0783666 0.300286 0.755019 
0.625522 0.873974 0.704964 0.0457312 0.677419 0.460881 0.394394 0.434429 0.474686 0.142085 0.732144 0.692856 0.388223 0.921421 0.934714 0.0337506 0.523984 0.272834 0.987053 0.871943 0.429532 0.0279119 0.325307 0.456574 0.326068 0.722423 0.324152 0.128199 0.909962 0.645501 0.0485071 0.44495 0.235576 0.857398 0.374597 0.423904 0.010282 0.908712 0.538587 0.030716 0.446361 0.126801 0.279627 0.609134 0.285538 0.0930621 0.409351 0.0415444 0.892126 0.299104 0.254222 0.286274 0.0859702 0.0434493 0.978415 0.660472 0.970314 0.226179 0.975251 0.884581 0.714642 0.759616 0.711087 0.875579 
0.452092 0.389007 0.275911 0.993887 0.905974 0.0135086 0.224423 0.016902 0.80559 0.0934251 0.629934 0.626371 0.455756 0.63284 0.0817536 0.567591 0.111971 0.407375 0.47227 0.759529 0.766387 0.66922 0.0670775 0.46036 0.729652 0.736701 0.832679 0.903181 0.463969 0.950045 0.121756 0.30929 0.752999 0.428582 0.502741 0.574275 0.342722 0.838152 0.603639 0.667019 0.550376 0.535098 0.370808 0.145698 0.122532 0.845208 0.585376 0.544333 0.610793 0.610911 0.755743 0.599549 0.0143102 0.766179 0.431798 0.108717 0.161887 0.391868 0.633231 0.655059 0.651695 0.886143 0.768434 0.797437 
0.132028 0.198164 0.75624 0.395456 0.411753 0.801028 0.0803015 0.881868 0.711304 0.10969 0.481067 0.278728 0.659719 0.80689 0.364608 0.0477163 0.959367 0.13202 0.313807 0.807024 0.523338 0.706896 0.891676 0.127505 0.0573764 0.468557 0.148242 0.294908 0.1025 0.500861 0.20124 0.587429 0.673284 0.248602 0.306628 0.446351 0.124534 0.294531 0.689581 0.0421458 0.231112 0.0937487 0.266462 0.842009 0.666544 0.601774 0.590924 0.436596 0.698674 0.546759 0.885356 0.227513 0.939594 0.852584 0.337027 0.382685 0.823268 0.896216 0.191961 0.618595 0.279104 0.2928 0.228637 0.508141 
0.00200096 0.662966 0.578462 0.398337 0.365819 0.237536 0.146351 0.614375 0.466451 0.264833 0.218608 0.398398 0.379263 0.270086 0.252489 0.0657666 0.988827 0.265358 0.441818 0.612909 0.423006 0.795273 0.826597 0.983912 0.410012 0.97915 0.506683 0.667971 0.259909 0.823307 0.385651 0.482287 0.500831 0.940236 0.354379 0.037481 0.288737 0.411488 0.374885 0.368293 0.00177995 0.363489 0.663036 0.199815 0.100938 0.609827 0.482186 0.231478 0.173253 0.346622 0.354157 0.0419297 0.735804 0.175563 0.292588 0.650428 0.512826 0.525359 0.562502 0.242817 0.588879 0.216184 0.966339 0.0958363 
0.70873 0.780749 0.514699 0.515243 0.739773 0.462303 0.298187 0.335886 0.798986 0.486251 0.544886 0.853226 0.40432 0.121692 0.718442 0.403304 0.365655 0.0717031 0.0407332 0.755894 0.642087 0.23642 0.592796 0.795581 0.0588307 0.202454 0.825573 0.891411 0.389911 0.130018 0.244735 0.20256 0.27215 0.872376 0.594271 0.638408 0.682428 0.520412 0.729239 0.43699 0.482789 0.00181296 0.865241 0.813185 0.677353 0.690451 0.55932 0.0597429 0.346212 0.195121 0.71036 0.948353 0.321259 0.119561 0.499586 0.984423 0.703211 0.197196 0.0897012 0.199122 0.521441 0.312802 0.533052 0.810588 
0.0836403 0.981628 0.207559 0.721553 0.808855 0.316174 0.0587018 0.297152 0.725849 0.0303999 0.657376 0.200892 0.771085 0.0526321 0.866693 0.883565 0.567372 0.66387 0.765022 0.456352 0.133207 0.57971 0.878135 0.733135 0.279338 0.107656 0.016374 0.765497 0.610165 0.684481 0.509854 0.708066 0.110922 0.468174 0.738771 0.440196 0.184795 0.57899 0.00183715 0.790018 0.841538 0.374312 0.454701 0.487651 0.245458 0.701072 0.534561 0.69249 0.458765 0.286991 0.108338 0.652184 0.450875 0.428342 0.654749 0.134942 0.940904 0.0188584 0.178995 0.0223289 0.580234 0.362393 0.802964 0.933543 
0.347368 0.794439 0.425953 0.341437 0.361385 0.545536 0.192531 0.187199 0.185055 0.725231 0.962505 0.870585 0.064694 0.884304 0.083188 0.285197 0.597602 0.825512 0.487939 0.904467 0.389815 0.264324 0.508225 0.591038 0.994518 0.763395 0.0342495 0.547401 0.328979 0.118049 0.434603 0.222938 0.881412 0.0629983 0.376572 0.440012 0.591442 0.836329 0.644564 0.0428581 0.978026 0.474309 0.0876436 0.402215 0.975321 0.707313 0.894084 0.688445 0.673962 0.117508 0.264425 0.746861 0.65371 0.439764 0.947751 0.924528 0.575711 0.0488131 0.397871 0.0331594 0.570865 0.25655 0.12536 0.870574 
0.80159 0.327332 0.0441173 0.472524 0.336827 0.557832 0.53972 0.552017 0.0849713 0.143699 0.458956 0.704637 0.677409 0.446112 0.0579538 0.0789781 0.432176 0.830828 0.33416 0.0648276 0.966417 0.607877 0.350214 0.170598 0.858373 0.301162 0.502593 0.289074 0.870816 0.0587377 0.671401 0.939299 0.802573 0.544054 0.136873 0.0544232 0.658514 0.874556 0.173258 0.735795 0.999115 0.631066 0.820231 0.169939 0.135618 0.370056 0.0633663 0.123504 0.576581 0.546974 0.6404 0.350971 0.936448 0.0190642 0.291778 0.980015 0.68717 0.131043 0.885931 0.231534 0.487488 0.621789 0.352486 0.39765 
0.645395 0.0213906 0.0835345 0.60511 0.259567 0.5314 0.967145 0.9354 0.200778 0.95646 0.739213 0.239405 0.804558 0.503214 0.407093 0.546434 0.00217467 0.964498 0.283258 0.191615 0.34797 0.360821 0.23595 0.963463 0.673699 0.0685598 0.330617 0.958031 0.389968 0.33817 0.216528 0.139481 0.499848 0.838522 0.330868 0.597374 0.259235 0.113745 0.545077 0.19381 0.107065 0.0793269 0.823432 0.902954 0.525034 0.976873 0.939227 0.567452 0.253464 0.315763 0.54288 0.843312 0.72559 0.960103 0.235122 0.973201 0.776625 0.689366 0.681431 0.198546 0.956161 0.519681 0.330234 0.947865 
0.707434 0.166638 0.473471 0.300478 0.606373 0.258395 0.441562 0.208657 0.679203 0.855863 0.919556 0.556871 0.30417 0.296691 0.890314 0.114379 0.0155756 0.81172 0.997722 0.459375 0.581721 0.948585 0.50512 0.82906 0.313181 0.713165 0.239293 0.533244 0.515741 0.0277445 0.586754 0.659413 0.917874 0.642996 0.645357 0.113315 0.00270598 0.512026 0.836656 0.786749 0.553867 0.464756 0.86158 0.0503682 0.287198 0.393786 0.710014 0.0615785 0.958218 0.720743 0.282378 0.40368 0.74539 0.514887 0.332766 0.906962 0.555688 0.9296 0.485973 0.121605 0.786855 0.932581 0.741353 0.938475 
0.652558 0.184423 0.81087 0.417495 0.330783 0.955173 0.985014 0.674661 0.501219 0.470063 0.24958 0.281778 0.944905 0.702851 0.112248 0.598963 0.326435 0.0462979 0.417391 0.280663 0.407864 0.887682 0.417781 0.845099 0.0988778 0.968554 0.891072 0.682988 0.715532 0.54825 0.896717 0.290704 0.705099 0.865429 0.565558 0.330646 0.522968 0.740199 0.302383 0.844519 0.0797977 0.414477 0.261076 0.716292 0.967359 0.311857 0.953104 0.352892 0.00938351 0.828647 0.965371 0.205646 0.989318 0.974175 0.425338 0.0768574 0.00551284 0.818544 0.5114 0.968717 0.814895 0.760336 0.0514313 0.523817 
0.623835 0.0241035 0.253744 0.29187 0.163364 0.844193 0.995533 0.491397 0.905005 0.660446 0.172494 0.176702 0.173468 0.951492 0.237537 0.925426 0.8101 0.810078 0.510965 0.0947535 0.406122 0.24222 0.617884 0.297156 0.297316 0.879918 0.64373 0.290679 0.056521 0.168411 0.168516 0.502357 0.820091 0.848106 0.532123 0.502357 0.0261316 0.642077 0.65873 0.319972 0.791806 0.880589 0.596269 0.227767 0.269663 0.537504 0.356054 0.325498 0.685824 0.950734 0.93537 0.0957904 0.511797 0.87216 0.820076 0.580437 0.635916 0.532705 0.487248 0.438274 0.248377 0.508889 0.372053 0.863164 
0.58071 0.969971 0.786762 0.825323 0.950518 0.682376 0.412004 0.280617 0.702455 0.670172 0.493687 0.97287 0.0419359 0.46085 0.163946 0.252762 0.378303 0.406033 0.567341 0.951862 0.0852893 0.784317 0.555162 0.721555 0.0395405 0.272485 0.228049 0.606833 0.392576 0.320436 0.63056 0.760668 0.429122 0.550383 0.179203 0.94255 0.817224 0.771221 0.964563 0.705669 0.690282 0.0218496 0.360603 0.696205 0.558414 0.411894 0.541529 0.93256 0.379199 0.56664 0.576394 0.809721 0.307939 0.356758 0.743722 0.753181 0.223848 0.105482 0.305144 0.0243878 0.588169 0.609965 0.547548 0.90786 
0.684571 0.695904 0.479063 0.163584 0.408411 0.269918 0.485787 0.792817 0.746049 0.81657 0.0409494 0.202417 0.305264 0.539563 0.00496248 0.847674 0.578053 0.519645 0.0638062 0.707142 0.0554799 0.144969 0.16948 0.092481 0.27991 0.465893 0.986125 0.589727 0.986692 0.676757 0.654375 0.359725 0.522644 0.59071 0.0252944 0.580024 0.510213 0.206693 0.85925 0.283188 0.873918 0.701012 0.670949 0.901553 0.325573 0.404408 0.0739773 0.431322 0.741987 0.672239 0.157118 0.910051 0.769308 0.804497 0.582987 0.691378 0.588062 0.556896 0.278892 0.719273 0.957893 0.46919 0.646434 0.427686 
0.637263 0.0472381 0.612017 0.68524 0.447918 0.895731 0.976926 0.350433 0.625799 0.00568395 0.986871 0.373102 0.512675 0.799181 0.178614 0.285005 0.830737 0.8413 0.0611297 0.394849 0.703691 0.924855 0.55033 0.609339 0.655635 0.590283 0.210458 0.126316 0.43798 0.619598 0.95408 0.609881 0.34885 0.248784 0.118506 0.699252 0.738205 0.80954 0.0893235 0.145803 0.73834 0.37304 0.559387 0.113549 0.383464 0.297113 0.320068 0.0349108 0.33948 0.922764 0.687519 0.715774 0.124184 0.611106 0.931824 0.201397 0.981632 0.97016 0.194693 0.873413 0.559045 0.198931 0.980782 0.962616 
0.0149955 0.709903 0.0462594 0.225886 0.795815 0.969909 0.532029 0.176357 0.196171 0.444594 0.240185 0.52016 0.722257 0.324551 0.275906 0.255459 0.0460308 0.0903516 0.265186 0.903669 0.644694 0.882071 0.83634 0.614168 0.953589 0.565454 0.592476 0.858478 0.0111804 0.502047 0.227892 0.249059 0.906633 0.297179 0.832385 0.89206 0.032747 0.415373 0.828522 0.356854 0.548275 0.37984 0.823639 0.716177 0.188674 0.80567 0.849893 0.391301 0.291601 0.722761 0.417484 0.0228551 0.465623 0.791796 0.105038 0.0556373 0.637696 0.348821 0.337045 0.423697 0.220272 0.152619 0.229937 0.650169 
0.828653 0.261162 0.996913 0.46071 0.491855 0.864815 0.322362 0.605716 0.146649 0.307957 0.607291 0.474126 0.806241 0.299923 0.3131 0.108991 0.708542 0.604492 0.686533 0.852584 0.651085 0.537301 0.685625 0.704937 0.413594 0.482651 0.642235 0.575909 0.12059 0.816219 0.0143236 0.745911 0.187814 0.895483 0.45677 0.560322 0.850295 0.0234743 0.601825 0.063309 0.589342 0.0479583 0.365065 0.608693 0.226529 0.711868 0.371126 0.722682 0.472217 0.48666 0.367944 0.690422 0.741549 0.894846 0.0452448 0.596038 0.715971 0.862169 0.466095 0.681856 0.664657 0.456155 0.181299 0.622196 
0.328695 0.882903 0.145069 0.645334 0.701465 0.59534 0.565448 0.888959 0.666764 0.481912 0.113608 0.100027 0.937894 0.63105 0.526639 0.702428 0.00999915 0.467414 0.955073 0.0681287 0.77696 0.656899 0.18721 0.737768 0.578109 0.0607622 0.60633 0.986486 0.645035 0.378603 0.250267 0.756334 0.184335 0.737639 0.858824 0.395272 0.155469 0.844811 0.165929 0.87026 0.296625 0.111021 0.856158 0.530484 0.96568 0.946083 0.640838 0.769567 0.101512 0.272612 0.356211 0.486179 0.453471 0.769587 0.700808 0.983575 0.951309 0.493443 0.403235 0.860078 0.755268 0.336205 0.364263 0.148842 
0.617274 0.382241 0.356715 0.832432 0.884984 0.345233 0.71267 0.266993 0.728319 0.509102 0.960064 0.32277 0.751185 0.688773 0.0912108 0.250819 0.0590829 0.769617 0.380221 0.710516 0.536915 0.322384 0.399543 0.313788 0.870969 0.174474 0.0930917 0.892559 0.358474 0.647994 0.55166 0.0660079 0.402345 0.635975 0.677633 0.186838 0.232788 0.246643 0.242364 0.296762 0.432115 0.451626 0.510883 0.342937 0.259133 0.227014 0.320676 0.936864 0.877088 0.870741 0.297786 0.751447 0.453743 0.874234 0.462452 0.326059 0.658089 0.10876 0.184843 0.815288 0.399926 0.920463 0.11772 0.901131 
0.657649 0.813345 0.511926 0.706583 0.293043 0.998066 0.146869 0.645875 0.59227 0.373378 0.996565 0.0845193 0.417166 0.0930913 0.855946 0.0101248 0.784472 0.781137 0.20902 0.169514 0.50724 0.548516 0.29012 0.538795 0.361557 0.667566 0.657016 0.31939 0.348492 0.56928 0.130963 0.514303 0.270611 0.411377 0.379095 0.384061 0.881134 0.690504 0.851834 0.0582022 0.0359299 0.432804 0.512766 0.00930084 0.449504 0.12917 0.800165 0.793741 0.873848 0.136948 0.741682 0.58747 0.263944 0.719077 0.954637 0.970003 0.979405 0.294368 0.315873 0.348511 0.993133 0.326399 0.95032 0.058565 
0.596338 0.743746 0.843421 0.904398 0.0304422 0.673531 0.734182 0.252702 0.227599 0.0425622 0.994112 0.285516 0.967771 0.863309 0.0805749 0.470934 0.0671752 0.219962 0.863337 0.144885 0.721393 0.292803 0.661286 0.220202 0.59189 0.13382 0.308703 0.423088 0.172221 0.333618 0.0632404 0.308337 0.61706 0.186321 0.0522407 0.492813 0.506231 0.194152 0.355166 0.997154 0.297364 0.162393 0.428056 0.00748498 0.189076 0.64807 0.958054 0.78382 0.298171 0.239943 0.938853 0.747257 0.043215 0.178193 0.259296 0.338759 0.107255 0.591526 0.517828 0.858665 0.406677 0.608031 0.40041 0.596622 
0.902899 0.969354 0.984447 0.382187 0.880619 0.469119 0.267553 0.401928 0.27405 0.437806 0.457909 0.443719 0.792796 0.742142 0.222964 0.924408 0.71707 0.399561 0.0244709 0.260336 0.198559 0.614411 0.701889 0.299913 0.00860244 0.0384384 0.318036 0.888753 0.944008 0.998556 0.988405 0.5806 0.824805 0.471994 0.677971 0.903728 0.0947365 0.38677 0.507651 0.339217 0.113844 0.266819 0.260427 0.494314 0.265623 0.887938 0.0148905 0.737113 0.875045 0.437222 0.418562 0.427678 0.531813 0.00358062 0.792841 0.325952 0.348788 0.233112 0.579764 0.0152582 0.245034 0.916824 0.759103 0.346609 
0.228125 0.064514 0.101122 0.740193 0.717017 0.333594 0.401308 0.919826 0.431651 0.764227 0.594699 0.765412 0.714757 0.239351 0.3311 0.873803 0.373297 0.501006 0.572127 0.794294 0.170951 0.784334 0.694472 0.302922 0.758063 0.979833 0.380982 0.945478 0.995822 0.237787 0.0196191 0.140057 0.0673576 0.668612 0.419985 0.969639 0.480484 0.965124 0.864162 0.0428069 0.983607 0.903243 0.982075 0.526805 0.644648 0.664388 0.958316 0.753519 0.626542 0.149873 0.660417 0.50129 0.197681 0.452609 0.255837 0.202314 0.332376 0.78064 0.544247 0.593835 0.070749 0.587137 0.164544 0.892772 
0.423347 0.449951 0.325978 0.504611 0.411639 0.94479 0.429835 0.443609 0.211825 0.523239 0.323667 0.449136 0.376512 0.958963 0.117606 0.212792 0.146899 0.568431 0.223444 0.80643 0.773382 0.725986 0.0876015 0.755694 0.189224 0.450035 0.492774 0.209965 0.173957 0.373196 0.535746 0.542168 0.179715 0.614785 0.451932 0.175981 0.118177 0.533665 0.0863829 0.15287 0.574688 0.271016 0.669856 0.28746 0.942442 0.681386 0.620316 0.556937 0.71896 0.909958 0.895081 0.0914803 0.830633 0.518586 0.438829 0.721587 0.774558 0.0594757 0.501181 0.989164 0.778952 0.0704473 0.774788 0.441103 
0.282199 0.475819 0.673716 0.625263 0.498112 0.284507 0.222787 0.555495 0.454408 0.23827 0.910583 0.85094 0.337126 0.911759 0.217893 0.0335826 0.520865 0.665327 0.285897 0.0333758 0.144411 0.28617 0.307939 0.650703 0.5609 0.353886 0.110474 0.627351 0.81545 0.361463 0.958134 0.401866 0.0100073 0.907275 0.23263 0.796318 0.373095 0.465449 0.266152 0.275114 0.0444831 0.333147 0.0408067 0.99298 0.109639 0.367167 0.951698 0.650032 0.168567 0.655497 0.24706 0.573696 0.93235 0.485739 0.601167 0.292908 0.0776901 0.537717 0.743182 0.991026 0.640847 0.0143077 0.0299318 0.307996 
0.310634 0.129219 0.222331 0.182803 0.219743 0.1917 0.504722 0.292873 0.0772357 0.832856 0.343119 0.836817 0.741567 0.998771 0.759337 0.0614938 0.454657 0.384965 0.431813 0.0787851 0.56181 0.236552 0.47877 0.180362 0.406116 0.462905 0.549789 0.749995 0.440887 0.84847 0.393939 0.148594 0.727589 0.669358 0.666472 0.84841 0.190089 0.905196 0.81503 0.864954 0.138258 0.00372526 0.750834 0.508475 0.979655 0.78239 0.24155 0.0416348 0.256734 0.981071 0.162329 0.379267 0.860231 0.807131 0.978015 0.513674 0.194257 0.716956 0.327168 0.610543 0.622905 0.868148 0.233753 0.76714 
0.878922 0.281962 0.0896216 0.8534 0.882618 0.52413 0.887486 0.249478 0.301156 0.875345 0.448454 0.0277154 0.439768 0.356576 0.395154 0.478091 0.575983 0.325312 0.0496018 0.997951 0.526152 0.582079 0.556393 0.385708 0.108625 0.140593 0.294358 0.0941497 0.942965 0.282534 0.431962 0.994926 0.541051 0.914976 0.978169 0.815049 0.243855 0.0416725 0.37557 0.824443 0.0682935 0.820016 0.176095 0.872519 0.861234 0.235759 0.845885 0.475415 0.152465 0.716645 0.760254 0.316486 0.102815 0.00560585 0.843751 0.602494 0.731664 0.839596 0.848765 0.608703 0.484214 0.454553 0.42014 0.0755941 
0.00895374 0.239035 0.664278 0.66615 0.31498 0.396163 0.76683 0.986341 0.48822 0.123718 0.477146 0.838415 0.416154 0.771112 0.474955 0.540599 0.947433 0.259209 0.603703 0.956154 0.82382 0.76799 0.687296 0.341468 0.455114 0.127374 0.902936 0.0558038 0.531844 0.914614 0.247931 0.245371 0.895742 0.0115958 0.828606 0.298085 0.211868 0.359506 0.734636 0.229336 0.795472 0.689509 0.91043 0.92161 0.599374 0.451707 0.981981 0.496468 0.295777 0.789548 0.201771 0.0293772 0.879579 0.399666 0.351584 0.459009 0.590114 0.201617 0.243279 0.61948 0.85511 0.936098 0.0131802 0.0517382 
0.752214 0.107085 0.01689 0.487614 0.840183 0.411121 0.636747 0.905158 0.996128 0.787068 0.671433 0.245137 0.0358299 0.745042 0.175593 0.268318 0.815851 0.275284 0.441202 0.963479 0.0146382 0.796891 0.953956 0.127112 0.84072 0.161628 0.657964 0.313041 0.209068 0.102732 0.430278 0.0291838 0.94971 0.581648 0.0356171 0.355938 0.304267 0.675642 0.290757 0.648103 0.0986804 0.452708 0.571846 0.582912 0.227847 0.603232 0.51224 0.886104 0.421469 0.419898 0.407843 0.909118 0.216199 0.285131 0.96218 0.122872 0.404661 0.103516 0.632215 0.323944 0.404306 0.936397 0.668389 0.919511 
0.633868 0.791757 0.0503558 0.738003 0.0251124 0.378648 0.164485 0.370517 0.463882 0.190891 0.942331 0.592524 0.610479 0.435863 0.914381 0.268378 0.35573 0.426501 0.753556 0.890747 0.0583952 0.193742 0.785208 0.986812 0.451882 0.577859 0.160426 0.962445 0.804709 0.780354 0.47028 0.930446 0.304231 0.172962 0.402472 0.237664 0.0913198 0.494598 0.520888 0.339999 0.707679 0.57644 0.598559 0.0117186 0.694202 0.857013 0.260625 0.550369 0.51234 0.685341 0.0434321 0.603528 0.632155 0.497302 0.254137 0.614117 0.537054 0.278503 0.100141 0.118926 0.164098 0.372897 0.653276 0.0274091 
0.764973 0.201312 0.735506 0.667939 0.706705 0.782987 0.894498 0.208943 0.0598997 0.77308 0.337871 0.409922 0.860812 0.832154 0.79042 0.291383 0.143956 0.217632 0.0741149 0.963979 0.609743 0.109184 0.781347 0.0919952 0.727122 0.309395 0.861125 0.691514 0.218859 0.860629 0.896072 0.88097 0.142222 0.877969 0.619973 0.425058 0.0043934 0.588732 0.3467 0.454801 0.224413 0.120404 0.733087 0.788741 0.843829 0.295674 0.0969279 0.536094 0.414628 0.869644 0.612134 0.0671432 0.338445 0.469844 0.417511 0.27507 0.30413 0.0622402 0.937248 0.0413962 0.487759 0.750313 0.960636 0.309393 
0.176113 0.472966 0.606293 0.162125 0.510667 0.794848 0.266899 0.733927 0.677874 0.517619 0.922592 0.758917 0.435175 0.0925457 0.551437 0.125999 0.0997157 0.249486 0.194591 0.634293 0.888669 0.362599 0.874452 0.886264 0.957277 0.914262 0.256778 0.66214 0.929653 0.332027 0.886718 0.594549 0.0659992 0.7561 0.986925 0.28381 0.873615 0.780673 0.449938 0.791582 0.938866 0.329147 0.429866 0.47152 0.888591 0.313848 0.514007 0.611134 0.960055 0.494022 0.880954 0.998325 0.625789 0.996402 0.818812 0.929178 0.824662 0.623274 0.155856 0.305554 0.473479 0.161379 0.755561 0.150025 
0.374096 0.113355 0.389036 0.958789 0.860288 0.675498 0.719196 0.11772 0.486335 0.82444 0.173081 0.539409 0.805674 0.765653 0.26321 0.826351 0.475918 0.451047 0.920734 0.627185 0.321718 0.455355 0.068536 0.131084 0.512994 0.932002 0.526552 0.975427 0.826849 0.00164753 0.0864259 0.4932 0.41184 0.650338 0.0868574 0.952044 0.719285 0.720337 0.170732 0.188216 0.946854 0.120542 0.769278 0.509977 0.124066 0.63256 0.225719 0.357725 0.696655 0.383476 0.563768 0.234098 0.806521 0.806278 0.338211 0.498611 0.130339 0.926009 0.818731 0.304269 0.595355 0.530301 0.988867 0.892757 
0.951694 0.879521 0.363541 0.905623 0.30545 0.198318 0.694575 0.953051 0.355513 0.985259 0.133757 0.561537 0.208798 0.773035 0.059681 0.441154 0.0222383 0.660099 0.925261 0.678189 0.397515 0.430158 0.703307 0.383285 0.801022 0.299026 0.0574005 0.114788 0.941248 0.0582315 0.533471 0.113639 0.356001 0.689207 0.274922 0.326427 0.776987 0.83316 0.676966 0.0894227 0.33709 0.319129 0.665329 0.207535 0.417805 0.672518 0.24524 0.21243 0.320158 0.0537184 0.145325 0.59954 0.919514 0.547797 0.887312 0.998573 0.645792 0.670798 0.0674981 0.565369 0.257315 0.904152 0.496441 0.744825 
0.459957 0.992921 0.119557 0.344481 0.0851093 0.405856 0.00566191 0.331046 0.604083 0.315235 0.751305 0.57197 0.836933 0.939983 0.908605 0.829983 0.892009 0.583807 0.724942 0.649698 0.626162 0.802696 0.27383 0.692108 0.0799286 0.241406 0.594372 0.943105 0.173955 0.469677 0.607138 0.54053 0.135492 0.756659 0.12764 0.749101 0.404104 0.501683 0.892844 0.719317 0.124977 0.899146 0.687582 0.0941219 0.106711 0.310215 0.636914 0.0682131 0.567117 0.885419 0.685078 0.536401 0.123116 0.612988 0.75358 0.49136 0.948345 0.402402 0.0293488 0.994061 0.00313408 0.350193 0.381252 0.142873 
0.57834 0.0685616 0.465858 0.0970866 0.217096 0.838057 0.512298 0.0791334 0.874409 0.540782 0.5016 0.686885 0.321532 0.577267 0.220219 0.0501642 0.59331 0.00985704 0.75203 0.109114 0.898844 0.494022 0.784659 0.0764152 0.169785 0.935198 0.447799 0.460965 0.897919 0.760148 0.484206 0.391265 0.313383 0.572608 0.925889 0.724338 0.632214 0.191454 0.230984 0.656386 0.548671 0.579321 0.950045 0.107988 0.484755 0.59806 0.837073 0.322766 0.161385 0.327198 0.886402 0.957858 0.026292 0.817152 0.836278 0.87532 0.00746376 0.772848 0.338907 0.854492 0.347533 0.689291 0.853697 0.045886 
0.980296 0.0984647 0.7954 0.0542753 0.976651 0.304732 0.690175 0.858572 0.571975 0.482704 0.545765 0.882273 0.212956 0.754211 0.804363 0.321283 0.29597 0.908577 0.773094 0.673812 0.389314 0.264845 0.926876 0.00833054 0.481685 0.18247 0.638948 0.0848735 0.712446 0.106035 0.532613 0.178637 0.34767 0.301877 0.686352 0.345036 0.51959 0.323921 0.534354 0.857449 0.513755 0.203708 0.231021 0.376074 0.542607 0.77258 0.283928 0.299379 0.340689 0.0624937 0.262536 0.761096 0.889479 0.951348 0.995353 0.368233 0.578156 0.182787 0.35274 0.244102 0.257165 0.0896453 0.733018 0.0535782 
0.397368 0.385852 0.307774 0.41667 0.124464 0.201453 0.810609 0.255638 0.30778 0.736238 0.676176 0.38879 0.612614 0.84253 0.462329 0.983642 0.500442 0.251227 0.673121 0.80933 0.738865 0.947276 0.720945 0.263079 0.427829 0.112403 0.152422 0.188768 0.774275 0.355183 0.0414283 0.188747 0.434223 0.865382 0.208819 0.928697 0.379753 0.0477645 0.989108 0.765326 0.85898 0.323965 0.797906 0.0901463 0.582556 0.659368 0.50346 0.660458 0.938972 0.792343 0.816109 0.135128 0.65712 0.455433 0.0698587 0.564755 0.918894 0.282573 0.0149246 0.796121 0.568545 0.395999 0.29624 0.659307 
0.220606 0.0289454 0.905278 0.968342 0.886698 0.211202 0.192561 0.575995 0.798482 0.896067 0.298829 0.0628593 0.19144 0.849837 0.0675632 0.374649 0.973151 0.0481132 0.147236 0.790449 0.154145 0.697663 0.875363 0.685576 0.92023 0.0806484 0.355999 0.955414 0.60105 0.261279 0.0261325 0.600336 0.234856 0.125048 0.88694 0.846214 0.048764 0.194132 0.295262 0.131507 0.41255 0.27228 0.0630483 0.921443 0.761643 0.738901 0.852565 0.409717 0.775626 0.976698 0.0997424 0.803487 0.425906 0.473764 0.864918 0.885793 0.833898 0.818811 0.204713 0.241162 0.571513 0.693343 0.0661019 0.348349 
0.903531 0.853841 0.238875 0.0998375 0.744125 0.974316 0.0245305 0.729748 0.737151 0.963475 0.269709 0.41549 0.476025 0.102517 0.913442 0.92766 0.854022 0.69271 0.59969 0.970616 0.527335 0.329633 0.644786 0.976924 0.353144 0.706463 0.425894 0.22819 0.433253 0.841371 0.787961 0.966506 0.869568 0.876821 0.914043 0.634762 0.385092 0.268236 0.81869 0.870248 0.282888 0.883933 0.500459 0.312947 0.353432 0.500836 0.905761 0.881423 0.382414 0.814032 0.841811 0.0283633 0.778049 0.413301 0.670486 0.0960408 0.391332 0.944315 0.302888 0.298422 0.723499 0.348862 0.337692 0.476207 
0.557577 0.606755 0.00970833 0.257804 0.512088 0.533477 0.815578 0.757137 0.14573 0.93892 0.218414 0.0376792 0.813504 0.295361 0.995698 0.566947 0.156332 0.426973 0.500678 0.29025 0.628048 0.0997704 0.682096 0.148091 0.0910087 0.527073 0.251249 0.64214 0.0156077 0.854012 0.0609012 0.984817 0.902289 0.699637 0.38693 0.872113 0.168187 0.822272 0.0795365 0.409926 0.90259 0.276473 0.758548 0.0618679 0.977507 0.162331 0.351839 0.33383 0.850977 0.182628 0.764227 0.0867585 0.312976 0.635468 0.355037 0.660483 0.0389847 0.219166 0.829041 0.855835 0.570683 0.0206341 0.83018 0.773278 
0.121041 0.406876 0.442958 0.35342 0.845886 0.711347 0.865801 0.90495 0.0397038 0.191976 0.747149 0.609344 0.0979133 0.261768 0.0343454 0.21962 0.200608 0.0844057 0.742079 0.48219 0.468365 0.423041 0.920047 0.42114 0.467708 0.0252139 0.851946 0.969796 0.536881 0.551983 0.0617331 0.730685 0.192726 0.566322 0.412014 0.0262973 0.535234 0.696902 0.058764 0.51643 0.849649 0.238337 0.829995 0.796696 0.556347 0.724205 0.0413416 0.576838 0.906979 0.157878 0.460101 0.250873 0.450995 0.466886 0.49687 0.110661 0.825471 0.447841 0.519915 0.300289 0.596548 0.621264 0.020346 0.412207 
