20.9905 1100100010100010010010001011000100110111100101000100100001110001111110111111011100000011010111010101
79.509 0010010000001010000110001111010010001101101011001010111011111010011101100110010111111100001111110110
0.0551801 0.831328 0.363737 0.979445 0.089821 0.396737 0.354138 0.486638 0.990821 0.808282 0.649459 0.819473 0.24254 0.764373 0.110901 0.204155 0.119095 0.877903 0.523675 0.492136 0.731871 0.0145808 0.093363 0.826554 0.833493 0.892411 0.958013 0.561337 0.0905487 0.995989 0.477402 0.684916 0.843375 0.616125 0.563188 0.368162 0.690931 0.816168 0.925643 0.00573506 0.72056 0.667059 0.199765 0.696665 0.575414 0.579721 0.0645069 0.177246 0.341527 0.608703 0.195475 0.121548 0.93468 0.31098 0.474317 0.0622116 0.275344 0.225988 0.943054 0.377275 0.383903 0.302002 0.195131 0.736315 
0.927302 0.684233 0.424206 0.566351 0.214979 0.157031 0.835814 0.845055 0.643682 0.134241 0.176722 0.318868 0.956049 0.226585 0.890688 0.932595 0.085105 0.811384 0.994431 0.352723 0.48406 0.74213 0.372774 0.0351575 0.152663 0.321697 0.117508 0.359685 0.697598 0.792241 0.44617 0.970748 0.510714 0.486099 0.0534127 0.246333 0.755927 0.627497 0.748026 0.987696 0.589937 0.506376 0.217283 0.574073 0.781915 0.830216 0.241071 0.854964 0.142616 0.759887 0.933543 0.715978 0.128051 0.122318 0.60531 0.983597 0.904477 0.261036 0.596731 0.334015 0.445503 0.644925 0.341674 0.84414 
0.628309 0.200184 0.380964 0.523512 0.675376 0.281259 0.753434 0.70156 0.0960249 0.101988 0.343972 0.820001 0.924646 0.758152 0.879082 0.854145 0.170448 0.584717 0.350694 0.738651 0.0289708 0.172962 0.133889 0.98023 0.93206 0.706221 0.936043 0.737186 0.384514 0.889688 0.575988 0.829365 0.0953139 0.124837 0.723575 0.207779 0.362459 0.944759 0.742238 0.427671 0.165975 0.528426 0.109175 0.703617 0.784509 0.859044 0.702219 0.901016 0.764757 0.759577 0.0769067 0.0991285 0.277954 0.152473 0.109918 0.479123 0.323467 0.697173 0.425815 0.846371 0.467927 0.861479 0.0609885 0.145811 
0.648538 0.386855 0.462314 0.107147 0.177661 0.574857 0.550969 0.468911 0.843614 0.298826 0.633162 0.40658 0.476047 0.869891 0.377628 0.483615 0.140386 0.0754431 0.688089 0.820063 0.616701 0.896081 0.630528 0.800323 0.362065 0.0277132 0.92933 0.562706 0.850988 0.429148 0.710831 0.865366 0.427075 0.977551 0.653634 0.220424 0.0217495 0.660922 0.212066 0.269028 0.79489 0.0596232 0.339867 0.568103 0.655057 0.496145 0.571212 0.979559 0.759727 0.996798 0.914375 0.929922 0.103748 0.0196347 0.245875 0.0307604 0.17268 0.827761 0.932353 0.882917 0.0155691 0.293 0.778117 0.486557 
0.779732 0.996686 0.0871987 0.157001 0.459108 0.967731 0.00490348 0.193191 0.423896 0.893941 0.776037 0.232709 0.188396 0.960805 0.627695 0.75294 0.961268 0.329443 0.453632 0.364137 0.0563112 0.0307501 0.414792 0.0694424 0.164544 0.156374 0.345302 0.638174 0.404994 0.177935 0.0928932 0.300543 0.580305 0.823307 0.308548 0.707409 0.514594 0.461179 0.0421331 0.390044 0.0300595 0.669297 0.699373 0.0710683 0.271172 0.950094 0.240739 0.569316 0.211494 0.20754 0.0984371 0.525279 0.599029 0.790287 0.212268 0.654194 0.753213 0.80829 0.174051 0.523901 0.00787581 0.529 0.347874 0.234404 
0.282698 0.852772 0.526147 0.515005 0.0823476 0.0882407 0.797697 0.728947 0.975657 0.0575247 0.620206 0.897011 0.526893 0.298772 0.406733 0.0955986 0.945899 0.50668 0.913025 0.486254 0.887718 0.761116 0.994326 0.51289 0.531825 0.895334 0.0710702 0.344451 0.156884 0.70315 0.864584 0.52913 0.526338 0.321501 0.48666 0.236146 0.832063 0.938289 0.832608 0.603516 0.804751 0.637883 0.985143 0.747332 0.945151 0.432182 0.170572 0.813995 0.375916 0.515843 0.633443 0.203898 0.847337 0.572822 0.15991 0.57985 0.674875 0.785473 0.654831 0.53041 0.00839445 0.297839 0.906168 0.151899 
0.441317 0.808383 0.0075299 0.191958 0.735672 0.329246 0.0747679 0.291074 0.199261 0.0746679 0.0287585 0.178506 0.399209 0.851637 0.489639 0.567833 0.572463 0.652289 0.210314 0.959832 0.751261 0.354559 0.0206739 0.564921 0.220305 0.856618 0.840989 0.7628 0.18908 0.541817 0.344017 0.934277 0.820342 0.151188 0.240616 0.37579 0.894519 0.84043 0.338402 0.821959 0.181217 0.204084 0.680466 0.371027 0.638682 0.105388 0.46935 0.361789 0.553935 0.476668 0.746364 0.144379 0.561045 0.975085 0.074725 0.0677866 0.432 0.887799 0.422539 0.731215 0.265775 0.314926 0.126821 0.973914 
0.580041 0.975659 0.0434931 0.770633 0.874844 0.463023 0.886544 0.177751 0.13244 0.110875 0.65805 0.656837 0.662701 0.973694 0.201739 0.0361267 0.135802 0.423787 0.930707 0.863346 0.0198898 0.752084 0.813818 0.0235813 0.255249 0.781334 0.497274 0.896264 0.748286 0.68451 0.805158 0.585086 0.672548 0.116742 0.0149622 0.307214 0.371795 0.641974 0.507707 0.375875 0.430134 0.511999 0.628965 0.366925 0.951593 0.140889 0.743222 0.488158 0.956464 0.95725 0.518231 0.767924 0.680891 0.251612 0.0552663 0.953464 0.414912 0.528471 0.68132 0.765786 0.560044 0.956199 0.0104939 0.333339 
0.318196 0.377078 0.916247 0.160754 0.97546 0.325005 0.504039 0.927568 0.0323083 0.0835199 0.205015 0.980891 0.440562 0.00849903 0.653889 0.372403 0.259196 0.102664 0.716803 0.385186 0.388038 0.829428 0.274202 0.852669 0.994311 0.935416 0.73592 0.340381 0.614508 0.719803 0.986773 0.854746 0.987061 0.955451 0.903931 0.456699 0.157559 0.64042 0.657198 0.461603 0.108615 0.0912685 0.548836 0.957051 0.430914 0.137125 0.329389 0.189102 0.381201 0.0937394 0.593866 0.957942 0.775552 0.470723 0.161291 0.651269 0.429361 0.0877765 0.262156 0.648411 0.167013 0.742497 0.981429 0.261223 
0.450864 0.509388 0.441307 0.968347 0.889006 0.812536 0.738174 0.13544 0.232416 0.00470312 0.106152 0.89744 0.584011 0.121569 0.650737 0.312047 0.82711 0.180832 0.302053 0.943695 0.559262 0.768106 0.340359 0.489101 0.117558 0.338342 0.452649 0.230214 0.929246 0.838317 0.394634 0.0704777 0.943096 0.902972 0.840458 0.342285 0.858998 0.135291 0.0356111 0.962727 0.106507 0.643354 0.00554031 0.485396 0.92418 0.387757 0.0132754 0.932181 0.844914 0.410626 0.745582 0.337157 0.556943 0.189312 0.773076 0.714585 0.47517 0.210371 0.199692 0.00305074 0.0277718 0.276548 0.201956 0.675231 
0.432653 0.255548 0.074235 0.283702 0.533776 0.0624997 0.00632863 0.612886 0.942279 0.0972272 0.944925 0.226244 0.262826 0.715293 0.990791 0.396559 0.541833 0.653258 0.162964 0.311508 0.250487 0.532388 0.11933 0.400107 0.30245 0.0352946 0.415868 0.915014 0.859268 0.0474239 0.379868 0.00995668 0.530141 0.298235 0.137328 0.381533 0.690409 0.539541 0.208635 0.764759 0.743737 0.8181 0.401395 0.961909 0.693279 0.326439 0.36955 0.962031 0.21348 0.0862478 0.384972 0.585322 0.84255 0.41235 0.683248 0.308868 0.904136 0.794389 0.990105 0.33846 0.0299328 0.0261054 0.932551 0.763439 
0.160405 0.976236 0.610279 0.775478 0.156687 0.565319 0.866725 0.116495 0.765874 0.406975 0.0336914 0.533754 0.856095 0.602287 0.240161 0.486922 0.270686 0.457346 0.97616 0.596277 0.884631 0.0873004 0.762405 0.462299 0.924649 0.868915 0.0848817 0.130899 0.989075 0.500651 0.180635 0.170468 0.217394 0.0479058 0.616563 0.202266 0.271559 0.240244 0.325428 0.972874 0.291246 0.785014 0.242975 0.910051 0.118873 0.211298 0.194426 0.677778 0.428302 0.760165 0.671276 0.543923 0.744865 0.41792 0.271127 0.546574 0.130789 0.0882055 0.113825 0.806134 0.435796 0.776551 0.411029 0.781477 
0.282738 0.45574 0.183817 0.625682 0.642787 0.0243613 0.634091 0.866347 0.948878 0.0126631 0.829949 0.479322 0.751546 0.254748 0.137735 0.449864 0.856582 0.343016 0.37072 0.843991 0.988637 0.909571 0.844117 0.569203 0.633717 0.145965 0.704126 0.365803 0.347802 0.237164 0.527001 0.0676605 0.505459 0.777889 0.217631 0.137375 0.44177 0.394021 0.71282 0.0774289 0.772322 0.673063 0.445382 0.381247 0.735466 0.426314 0.0800917 0.0615387 0.0590958 0.0924991 0.2669 0.571493 0.191226 0.927497 0.479938 0.745317 0.835944 0.983441 0.243879 0.664561 0.0405925 0.00534492 0.94308 0.288454 
0.0494851 0.0405967 0.62756 0.953769 0.517434 0.212832 0.764847 0.17385 0.275561 0.915171 0.960841 0.229699 0.704635 0.160349 0.0834331 0.213322 0.677384 0.930864 0.410015 0.760168 0.907344 0.660877 0.743008 0.261258 0.87969 0.94359 0.678976 0.49414 0.785632 0.762518 0.121737 0.460249 0.0886398 0.593407 0.861831 0.738784 0.112147 0.88263 0.699153 0.718486 0.523964 0.818063 0.295837 0.610438 0.694311 0.410985 0.570356 0.880479 0.0966757 0.69024 0.993313 0.656262 0.0298123 0.678584 0.962832 0.0103595 0.212539 0.768972 0.592611 0.610337 0.558985 0.0780744 0.439971 0.078539 
0.944173 0.159956 0.983837 0.589741 0.322436 0.405248 0.122979 0.948759 0.452914 0.554162 0.3328 0.417924 0.568789 0.75411 0.0504383 0.721196 0.65478 0.0840335 0.531198 0.00444634 0.777471 0.424801 0.701673 0.386017 0.77883 0.870522 0.0738148 0.895302 0.277765 0.53671 0.0624953 0.341116 0.519816 0.590385 0.344893 0.708546 0.67051 0.693351 0.138927 0.700685 0.444124 0.577375 0.354929 0.586769 0.00331044 0.0632686 0.0815446 0.500422 0.54839 0.69878 0.455005 0.552578 0.284725 0.94624 0.835938 0.392661 0.933339 0.00506349 0.492454 0.377997 0.800642 0.407614 0.288971 0.932831 
0.00798685 0.199599 0.834156 0.970242 0.580035 0.989374 0.820448 0.378091 0.737259 0.111239 0.440396 0.00684942 0.847273 0.668413 0.0584099 0.657228 0.161191 0.283695 0.249463 0.748173 0.779947 0.0560347 0.993118 0.641559 0.162797 0.783438 0.844204 0.810402 0.587598 0.601809 0.442997 0.491225 0.219546 0.53956 0.186473 0.782782 0.298719 0.0956283 0.142117 0.935556 0.805689 0.142282 0.737996 0.182481 0.361018 0.576182 0.420962 0.422489 0.652719 0.549091 0.952472 0.754117 0.246465 0.931817 0.501765 0.691676 0.644767 0.783648 0.101503 0.411389 0.870647 0.203913 0.352228 0.936142 
0.597393 0.962689 0.330788 0.978433 0.633414 0.905711 0.685905 0.331217 0.158845 0.613292 0.744681 0.81706 0.67541 0.368551 0.567973 0.960392 0.301598 0.258266 0.353425 0.209624 0.0530438 0.432683 0.0374065 0.0966679 0.716111 0.793606 0.255735 0.299957 0.0228887 0.126538 0.170422 0.081497 0.410418 0.147926 0.352634 0.911222 0.586501 0.760369 0.10721 0.413953 0.197988 0.710335 0.309961 0.560439 0.829526 0.835654 0.172669 0.583561 0.882966 0.266995 0.963302 0.159357 0.744594 0.566379 0.194076 0.174651 0.617676 0.0658082 0.53783 0.361206 0.0348204 0.709371 0.0618288 0.486972 
0.525486 0.712573 0.38505 0.515041 0.756389 0.847781 0.772365 0.773032 0.846243 0.493969 0.421553 0.866375 0.583273 0.0437495 0.84214 0.897694 0.990033 0.254017 0.803138 0.603374 0.179042 0.628283 0.105861 0.582431 0.820808 0.831681 0.210202 0.679737 0.604784 0.357773 0.0677776 0.493225 0.144283 0.555968 0.935207 0.478494 0.0641587 0.329631 0.831651 0.824187 0.970933 0.41263 0.658025 0.230594 0.975239 0.379386 0.469668 0.871593 0.277678 0.570808 0.748017 0.568009 0.154325 0.0607852 0.924558 0.415409 0.299232 0.489456 0.636916 0.547552 0.00839784 0.0754602 0.058202 0.956394 
0.584333 0.0687013 0.261815 0.570056 0.474466 0.959805 0.50364 0.665811 0.0231104 0.0946499 0.288352 0.477735 0.272446 0.128316 0.817207 0.427687 0.0899206 0.58575 0.409516 0.987167 0.105105 0.851888 0.565221 0.388986 0.778641 0.899103 0.466778 0.998001 0.236033 0.460095 0.185564 0.843252 0.0584705 0.969117 0.165527 0.322862 0.977041 0.481062 0.47731 0.966363 0.0271583 0.300745 0.209737 0.46708 0.869158 0.744515 0.0705017 0.294884 0.107746 0.463161 0.164395 0.0835838 0.128675 0.999249 0.307498 0.574184 0.889819 0.294919 0.422294 0.985105 0.215135 0.0566648 0.356883 0.457732 
0.223175 0.694488 0.215527 0.598101 0.372747 0.771002 0.123943 0.0670168 0.508329 0.18716 0.742662 0.202221 0.956727 0.309079 0.924084 0.892311 0.317227 0.414279 0.471747 0.275844 0.0479695 0.740807 0.527722 0.145109 0.905315 0.367418 0.225029 0.093949 0.852625 0.768195 0.0337155 0.950069 0.444548 0.42218 0.90731 0.548073 0.301579 0.736324 0.689877 0.371145 0.564165 0.741322 0.430627 0.362512 0.366263 0.327879 0.430813 0.594497 0.691526 0.559009 0.288705 0.752483 0.966563 0.931111 0.724378 0.698688 0.280528 0.924868 0.88952 0.442227 0.324905 0.710016 0.247892 0.234129 
0.417193 0.738768 0.424451 0.801192 0.754702 0.64446 0.804181 0.231407 0.554592 0.244183 0.949145 0.566972 0.202501 0.479993 0.926065 0.69663 0.265664 0.049362 0.666528 0.298089 0.448991 0.422632 0.154202 0.0907159 0.375446 0.0212711 0.218766 0.479356 0.418025 0.0184994 0.139108 0.814491 0.694211 0.340148 0.3532 0.95856 0.462177 0.708167 0.429317 0.297544 0.307687 0.358257 0.921184 0.665232 0.526006 0.257008 0.245613 0.896005 0.0401586 0.870692 0.317537 0.530165 0.474491 0.701291 0.0428848 0.969189 0.575383 0.836533 0.85126 0.917293 0.691039 0.4563 0.99209 0.216831 
0.409222 0.0955193 0.5131 0.228675 0.70919 0.223778 0.0769434 0.824042 0.915776 0.0859842 0.350436 0.891666 0.659848 0.930829 0.907028 0.788393 0.918581 0.466925 0.744873 0.259062 0.971292 0.697438 0.766595 0.724001 0.312034 0.592982 0.331935 0.387938 0.798684 0.853669 0.0230233 0.517081 0.0809879 0.524621 0.898267 0.959673 0.922614 0.987294 0.580807 0.208768 0.303365 0.363621 0.859359 0.51652 0.705731 0.784203 0.271762 0.721216 0.341939 0.12379 0.3078 0.34381 0.42581 0.473258 0.653562 0.972467 0.234265 0.08344 0.853367 0.784188 0.743454 0.956755 0.9805 0.607554 
0.716997 0.563392 0.812116 0.628201 0.480569 0.472945 0.638765 0.191794 0.381079 0.134546 0.251486 0.712671 0.953539 0.850794 0.111818 0.948115 0.00255748 0.682162 0.753781 0.900836 0.294752 0.254662 0.113654 0.681264 0.603507 0.923515 0.203332 0.435177 0.61231 0.221014 0.0726945 0.460318 0.758671 0.596117 0.509396 0.237783 0.967078 0.892436 0.801451 0.539301 0.393493 0.679328 0.57935 0.946409 0.925463 0.435243 0.0782991 0.68855 0.385829 0.926857 0.0499576 0.743805 0.650953 0.241739 0.991536 0.136664 0.236199 0.702273 0.223319 0.873571 0.25803 0.801104 0.812434 0.440995 
0.883716 0.811838 0.917038 0.168595 0.863955 0.60433 0.0730404 0.987381 0.477563 0.836468 0.980235 0.271976 0.721913 0.243131 0.0593375 0.805215 0.0370173 0.461731 0.0537183 0.371465 0.689307 0.857804 0.126341 0.969823 0.982325 0.259322 0.148429 0.191909 0.94887 0.813392 0.846015 0.239014 0.259551 0.19675 0.0302927 0.0238192 0.95926 0.927089 0.619446 0.123489 0.0843526 0.213607 0.961162 0.513408 0.959951 0.564576 0.378116 0.219671 0.0940852 0.253259 0.230086 0.277531 0.765194 0.0687531 0.766344 0.66733 0.62944 0.147936 0.0388259 0.274891 0.737483 0.384186 0.756264 0.760959 
0.529081 0.0765338 0.744391 0.965238 0.0225314 0.542814 0.0770099 0.214245 0.124873 0.00094991 0.888303 0.33969 0.746944 0.191608 0.152233 0.926235 0.463585 0.45976 0.543625 0.836956 0.466486 0.818243 0.704306 0.982095 0.542734 0.407636 0.240984 0.865661 0.914377 0.47485 0.574365 0.0895656 0.596099 0.640532 0.0457296 0.747094 0.0489922 0.977218 0.887239 0.919555 0.706821 0.131074 0.659987 0.459138 0.0193992 0.842016 0.254672 0.581997 0.629435 0.480741 0.766101 0.589805 0.807646 0.862131 0.779999 0.552187 0.0418307 0.353773 0.420833 0.952079 0.160187 0.832907 0.582891 0.642542 
0.621122 0.735571 0.923144 0.345787 0.838506 0.609299 0.593075 0.312215 0.751587 0.117541 0.477614 0.649861 0.258435 0.0539514 0.366012 0.542031 0.303793 0.794692 0.185141 0.845048 0.897114 0.184337 0.915027 0.839296 0.121992 0.884038 0.299397 0.70522 0.446632 0.436198 0.0845142 0.806671 0.541316 0.0112896 0.788698 0.818605 0.891694 0.389626 0.0408989 0.212564 0.773091 0.036119 0.999985 0.541949 0.190035 0.149087 0.461612 0.613797 0.554033 0.496291 0.441474 0.660307 0.157146 0.733804 0.365764 0.653755 0.858032 0.346865 0.450063 0.274669 0.963321 0.35786 0.145588 0.677365 
0.271156 0.130635 0.722948 0.583922 0.830474 0.962007 0.0456701 0.911056 0.0057373 0.49713 0.412687 0.621739 0.404512 0.669753 0.0874837 0.575214 0.380983 0.466507 0.49909 0.508865 0.143864 0.349134 0.711047 0.871117 0.832596 0.726896 0.840229 0.716409 0.549785 0.745926 0.568247 0.369373 0.624325 0.664182 0.0814161 0.884397 0.317625 0.908982 0.867128 0.0600858 0.509299 0.647235 0.623636 0.767072 0.221843 0.337545 0.419489 0.835206 0.24727 0.176328 0.862407 0.869895 0.842648 0.246812 0.148527 0.251381 0.581974 0.820415 0.484616 0.788025 0.545286 0.208469 0.484886 0.270832 
0.191784 0.765803 0.461573 0.506461 0.88159 0.458227 0.546474 0.0773949 0.525493 0.815372 0.931272 0.410662 0.115056 0.370006 0.289611 0.071904 0.354786 0.958289 0.857493 0.279434 0.901268 0.681676 0.00295974 0.950581 0.318535 0.775239 0.608108 0.845784 0.87845 0.972837 0.132654 0.309092 0.341582 0.173219 0.00160239 0.0733838 0.877722 0.314448 0.567453 0.481351 0.606519 0.833075 0.280615 0.162486 0.351251 0.0437615 0.484348 0.349608 0.939976 0.233996 0.199949 0.741716 0.738641 0.237023 0.766112 0.392783 0.373628 0.721118 0.248361 0.570349 0.662211 0.512932 0.58968 0.2789 
0.473262 0.00829669 0.226306 0.761344 0.518456 0.0942071 0.777019 0.831519 0.589392 0.900839 0.396219 0.740093 0.307181 0.325097 0.462963 0.594956 0.759625 0.277539 0.97521 0.212167 0.372668 0.203782 0.856359 0.887646 0.31192 0.618665 0.604237 0.842312 0.225815 0.885004 0.690358 0.645457 0.535534 0.42083 0.762559 0.561344 0.968505 0.884382 0.394894 0.613301 0.332533 0.77847 0.375728 0.214828 0.0295387 0.4623 0.556949 0.837848 0.0895957 0.859442 0.966618 0.48552 0.382962 0.0164007 0.253005 0.273099 0.205415 0.0281235 0.474082 0.0804956 0.189337 0.171816 0.152831 0.697753 
0.298679 0.552858 0.426974 0.298648 0.986918 0.251924 0.601871 0.327458 0.477749 0.118173 0.202257 0.706756 0.492546 0.3582 0.625974 0.610071 0.23348 0.55047 0.876933 0.0429283 0.075303 0.454855 0.937786 0.817951 0.788286 0.486722 0.945592 0.765012 0.091767 0.361267 0.282827 0.578236 0.201815 0.337631 0.814223 0.910797 0.992651 0.684266 0.671295 0.743742 0.566376 0.060134 0.671608 0.290567 0.680648 0.456292 0.390684 0.793057 0.0296429 0.664265 0.118555 0.24744 0.124533 0.491217 0.918577 0.145779 0.77496 0.376871 0.974771 0.0611267 0.99368 0.933926 0.797441 0.429111 
0.111676 0.114674 0.226694 0.17145 0.530857 0.713054 0.488105 0.424903 0.641827 0.784207 0.896198 0.789578 0.284733 0.80152 0.943261 0.125137 0.284515 0.150695 0.999451 0.0724689 0.0388419 0.0570054 0.0395298 0.857035 0.979676 0.955956 0.927495 0.685644 0.615104 0.983879 0.420455 0.189573 0.21531 0.695683 0.251435 0.778339 0.0586796 0.756078 0.265018 0.730772 0.416328 0.00708496 0.720211 0.180732 0.524582 0.870067 0.837064 0.253214 0.639292 0.290275 0.0464135 0.396921 0.135771 0.174533 0.674746 0.542267 0.29597 0.14562 0.40954 0.430294 0.0984783 0.219673 0.505833 0.157822 
0.939145 0.270521 0.0668156 0.659496 0.977721 0.924215 0.520292 0.702445 0.0436754 0.0516442 0.438429 0.348851 0.479393 0.548422 0.649918 0.229624 0.754492 0.834765 0.556722 0.499716 0.416488 0.285938 0.134907 0.80948 0.138448 0.189796 0.741687 0.030455 0.980748 0.154824 0.764893 0.767917 0.785081 0.413226 0.703696 0.703746 0.752015 0.0429395 0.153224 0.262368 0.950787 0.15094 0.985098 0.0859357 0.806532 0.0897408 0.768178 0.350375 0.452466 0.0708724 0.91588 0.396984 0.525807 0.345539 0.800616 0.224539 0.765958 0.658947 0.178694 0.210281 0.19333 0.503885 0.153291 0.577518 
0.744675 0.546625 0.660074 0.276861 0.384403 0.955877 0.226591 0.784655 0.296952 0.964425 0.748004 0.898952 0.990476 0.110667 0.607373 0.994033 0.585402 0.767739 0.294343 0.935703 0.552109 0.0667575 0.670963 0.660778 0.378102 0.247512 0.742685 0.585574 0.389886 0.589506 0.607377 0.429965 0.00633604 0.351795 0.568908 0.635029 0.926638 0.642286 0.614972 0.238631 0.974437 0.350339 0.313405 0.180298 0.872669 0.629498 0.55479 0.551897 0.222458 0.617126 0.915993 0.0514719 0.695612 0.932718 0.765577 0.533868 0.202586 0.106418 0.99693 0.0836476 0.425436 0.605034 0.2562 0.977582 
0.0643007 0.439214 0.744939 0.997727 0.0914632 0.750013 0.486215 0.983404 0.481472 0.689426 0.861186 0.673192 0.246257 0.26594 0.0142026 0.825894 0.234983 0.406683 0.897909 0.133387 0.879444 0.0670438 0.429512 0.397732 0.674694 0.737684 0.732129 0.232607 0.461378 0.127529 0.542771 0.268998 0.453167 0.63724 0.0118969 0.401542 0.311297 0.254247 0.229788 0.304749 0.63319 0.282199 0.124229 0.683615 0.596927 0.653941 0.470859 0.453917 0.366682 0.785985 0.885236 0.0201841 0.915701 0.692053 0.854524 0.952721 0.852524 0.710852 0.957327 0.395229 0.304686 0.17059 0.710675 0.904249 
0.857042 0.923013 0.646229 0.732293 0.100623 0.188497 0.259163 0.940417 0.740344 0.653896 0.478009 0.279634 0.731865 0.79966 0.647422 0.161868 0.978181 0.671223 0.748488 0.168323 0.427052 0.608646 0.0880042 0.744764 0.08567 0.505795 0.980623 0.765885 0.377615 0.783169 0.52473 0.818746 0.317704 0.478679 0.47759 0.660918 0.938717 0.844894 0.0359003 0.547558 0.613562 0.911107 0.698874 0.842971 0.653007 0.315817 0.794785 0.183005 0.56188 0.292625 0.454925 0.33756 0.883765 0.600234 0.228546 0.114715 0.551209 0.686742 0.573487 0.392578 0.260098 0.227831 0.998019 0.277895 
0.52297 0.457156 0.409421 0.292579 0.834491 0.348206 0.256859 0.067403 0.708956 0.744843 0.521869 0.257197 0.683748 0.126892 0.125913 0.787486 0.142826 0.895208 0.944497 0.658012 0.333292 0.658938 0.822576 0.860452 0.0570479 0.605089 0.973412 0.711613 0.867832 0.814926 0.368303 0.0267686 0.0669871 0.0251178 0.494625 0.347021 0.718281 0.388191 0.514037 0.42918 0.193629 0.504477 0.306037 0.250177 0.500068 0.700985 0.0964266 0.353258 0.254351 0.738327 0.482791 0.079071 0.953104 0.0609643 0.736789 0.314011 0.401568 0.578361 0.33734 0.261171 0.657332 0.436096 0.318926 0.458428 
0.258675 0.530042 0.753481 0.98616 0.377329 0.987326 0.308165 0.0390338 0.20778 0.429763 0.552379 0.255035 0.0293636 0.733 0.858118 0.268459 0.709872 0.198607 0.172801 0.871915 0.487546 0.547216 0.591127 0.694202 0.36177 0.657798 0.608493 0.346654 0.529802 0.850768 0.557111 0.652863 0.599977 0.116443 0.684255 0.441211 0.00787872 0.54948 0.418198 0.487692 0.0335814 0.268065 0.976688 0.112487 0.0172773 0.207346 0.911516 0.873035 0.156931 0.359073 0.4975 0.443991 0.253316 0.639056 0.971056 0.300201 0.509006 0.449204 0.663843 0.551181 0.95519 0.428259 0.705945 0.317174 
0.391021 0.341055 0.12264 0.701055 0.758083 0.0402843 0.357168 0.210549 0.830916 0.533019 0.735428 0.997066 0.199673 0.0385551 0.609399 0.819871 0.296974 0.337268 0.608593 0.632191 0.638317 0.0170604 0.300426 0.550861 0.890269 0.69042 0.915245 0.810043 0.0770528 0.384998 0.458538 0.195246 0.553657 0.237965 0.776047 0.280953 0.0141962 0.225025 0.07711 0.207397 0.660294 0.972647 0.110548 0.251479 0.520237 0.904418 0.334353 0.342137 0.110108 0.402936 0.348053 0.70735 0.180568 0.858395 0.621973 0.331181 0.601154 0.136971 0.979358 0.937703 0.169588 0.751212 0.761624 0.115194 
0.565589 0.867163 0.926066 0.515578 0.299201 0.287717 0.897305 0.574851 0.718652 0.213883 0.601648 0.992303 0.247101 0.0848469 0.790052 0.329309 0.925185 0.922319 0.03495 0.618203 0.776045 0.590934 0.0244339 0.552923 0.775693 0.135774 0.771957 0.815981 0.835527 0.362818 0.795922 0.951551 0.673691 0.465741 0.999559 0.0104993 0.552615 0.194641 0.611556 0.00145341 0.316187 0.781322 0.4558 0.0428012 0.053057 0.0555415 0.766818 0.129302 0.760028 0.552097 0.629038 0.665015 0.421869 0.449901 0.61418 0.412066 0.711446 0.0429415 0.941097 0.401242 0.0616114 0.365728 0.105229 0.723597 
0.417197 0.750191 0.653567 0.428048 0.487504 0.0804369 0.6616 0.761383 0.0366786 0.714365 0.308411 0.89489 0.259376 0.3006 0.705596 0.783412 0.582958 0.90414 0.489713 0.828252 0.202364 0.675503 0.617489 0.122105 0.191001 0.546464 0.794881 0.897887 0.670022 0.560934 0.948685 0.0611066 0.321005 0.261267 0.802115 0.310636 0.952244 0.247253 0.865416 0.107532 0.58616 0.155939 0.831194 0.182589 0.545692 0.728117 0.261229 0.442543 0.43021 0.876027 0.031707 0.873676 0.478433 0.777233 0.657735 0.0766751 0.142136 0.115992 0.810282 0.970467 0.755367 0.104338 0.39579 0.215982 
0.829193 0.231035 0.498466 0.867084 0.798423 0.859019 0.897292 0.390993 0.925259 0.791396 0.834756 0.654041 0.896536 0.811914 0.615482 0.775655 0.129892 0.552682 0.0545367 0.239752 0.75961 0.507561 0.150297 0.896212 0.357991 0.129381 0.965135 0.560816 0.665254 0.642779 0.859796 0.435143 0.738372 0.587173 0.413524 0.715033 0.899207 0.24006 0.415087 0.225764 0.248644 0.519614 0.881695 0.78677 0.497288 0.55435 0.000451557 0.741983 0.859709 0.566291 0.761622 0.605226 0.477898 0.888149 0.275023 0.507953 0.649412 0.678661 0.244837 0.0131788 0.643835 0.650402 0.161194 0.56067 
0.595129 0.915388 0.838133 0.0818591 0.512695 0.474327 0.780398 0.343956 0.553912 0.759339 0.040654 0.619536 0.204043 0.181202 0.688153 0.602537 0.706981 0.128004 0.307875 0.473905 0.144067 0.169172 0.985062 0.268029 0.891854 0.289618 0.463427 0.514119 0.812082 0.170674 0.1738 0.437369 0.850862 0.197299 0.516424 0.316052 0.438214 0.328321 0.0580648 0.471464 0.0744496 0.0235561 0.271303 0.0875084 0.809976 0.6377 0.816261 0.681438 0.821709 0.378511 0.29869 0.363404 0.0194734 0.917166 0.386672 0.594527 0.395373 0.324211 0.991557 0.686416 0.745098 0.0344031 0.347682 0.0570382 
0.0455405 0.945671 0.510961 0.204346 0.221379 0.86849 0.989236 0.232595 0.415981 0.3352 0.86679 0.0259307 0.355472 0.696808 0.807215 0.669769 0.683964 0.0384171 0.404873 0.325353 0.130851 0.49406 0.370136 0.673492 0.509361 0.411602 0.541089 0.0990215 0.580532 0.206779 0.503387 0.829307 0.674886 0.472392 0.248521 0.28267 0.527269 0.037737 0.617548 0.664384 0.898692 0.817678 0.746982 0.366086 0.92367 0.164911 0.794822 0.0898611 0.777631 0.283792 0.0309263 0.396762 0.0912894 0.805292 0.225813 0.364439 0.198255 0.286982 0.0346482 0.480024 0.200033 0.76226 0.48146 0.954719 
0.760074 0.699425 0.305001 0.199583 0.227301 0.372742 0.754956 0.829001 0.52941 0.932874 0.591905 0.409413 0.595353 0.261397 0.83558 0.408782 0.415406 0.549892 0.628759 0.514139 0.343001 0.658369 0.455461 0.0455117 0.105532 0.967672 0.270945 0.159993 0.0915997 0.0589575 0.763606 0.0720665 0.788945 0.38388 0.0693815 0.709764 0.898567 0.147612 0.290535 0.643047 0.635338 0.90655 0.0275021 0.329758 0.402694 0.821039 0.593603 0.754064 0.328954 0.416566 0.25652 0.0791294 0.864267 0.866469 0.487742 0.664373 0.55081 0.780878 0.0942008 0.259392 0.89193 0.0235519 0.885713 0.331669 
0.642493 0.76784 0.291287 0.99258 0.566885 0.124428 0.985924 0.044011 0.3012 0.198448 0.612386 0.369404 0.0747626 0.321114 0.327052 0.789119 0.587136 0.231691 0.383272 0.148194 0.823552 0.734863 0.161515 0.892729 0.398968 0.527124 0.974576 0.618497 0.623912 0.329902 0.860222 0.497306 0.80163 0.584713 0.257801 0.46477 0.725447 0.925929 0.719944 0.52531 0.0309278 0.24489 0.0856003 0.786752 0.228571 0.316983 0.853781 0.711248 0.839473 0.155554 0.717 0.878192 0.260357 0.898525 0.183575 0.952564 0.274995 0.325038 0.893064 0.544251 0.30014 0.662696 0.287659 0.188035 
0.279766 0.526133 0.0493494 0.475877 0.982084 0.469269 0.892815 0.599958 0.137384 0.399704 0.026337 0.694543 0.227027 0.801366 0.872049 0.75408 0.974919 0.821524 0.281687 0.863046 0.55435 0.658469 0.0224828 0.736603 0.646801 0.0760449 0.799283 0.838829 0.069072 0.27705 0.680163 0.843405 0.491198 0.590866 0.123912 0.84995 0.840317 0.644391 0.640367 0.563978 0.57966 0.994582 0.911803 0.274367 0.258146 0.242832 0.719837 0.182278 0.898122 0.0578051 0.978662 0.544651 0.0795662 0.383382 0.0636038 0.705807 0.340813 0.712207 0.95245 0.631525 0.323119 0.51263 0.845073 0.882923 
0.775772 0.763184 0.0645777 0.389219 0.00126558 0.0689058 0.985949 0.587328 0.438679 0.690946 0.9665 0.0915955 0.687865 0.38042 0.573039 0.668784 0.178163 0.0484596 0.684151 0.897451 0.672058 0.0150429 0.382568 0.680906 0.822715 0.44498 0.14146 0.511427 0.642497 0.183616 0.541045 0.530962 0.6555 0.925073 0.516917 0.630705 0.117321 0.42835 0.813315 0.457531 0.723018 0.562804 0.701064 0.271414 0.463137 0.729728 0.860057 0.517135 0.426521 0.994096 0.0797598 0.504128 0.354589 0.345293 0.116643 0.417867 0.097681 0.113672 0.934485 0.349003 0.872761 0.808345 0.651554 0.017371 
0.633804 0.317347 0.766697 0.56764 0.496932 0.788974 0.813462 0.652667 0.369636 0.0187857 0.170544 0.377588 0.278276 0.0556648 0.650219 0.400325 0.87644 0.485565 0.492925 0.667175 0.995903 0.465539 0.171116 0.645736 0.886084 0.693374 0.6761 0.974796 0.111081 0.86278 0.19981 0.112808 0.656212 0.442732 0.271367 0.300234 0.383211 0.409992 0.866684 0.447221 0.121117 0.952748 0.662043 0.220229 0.479476 0.394037 0.586952 0.322935 0.843929 0.636909 0.483507 0.223941 0.434036 0.705103 0.172967 0.456616 0.150015 0.710966 0.0892683 0.146402 0.708258 0.368589 0.404377 0.0658373 
0.107791 0.397484 0.843825 0.0359443 0.443989 0.359389 0.608494 0.0148799 0.785006 0.0306243 0.331396 0.702867 0.557458 0.606426 0.977507 0.154952 0.569721 0.490762 0.130733 0.240105 0.935505 0.84901 0.704955 0.00400994 0.860166 0.841246 0.727095 0.0407954 0.583339 0.352783 0.299925 0.502979 0.672576 0.000559045 0.401365 0.0604397 0.921685 0.0277915 0.218614 0.504102 0.0312757 0.0328235 0.88427 0.990075 0.982958 0.367845 0.0493715 0.169593 0.621641 0.381659 0.445253 0.191677 0.27885 0.504796 0.144068 0.851754 0.231662 0.738237 0.220344 0.463308 0.206836 0.491903 0.453534 0.678496 
0.361404 0.638581 0.47361 0.177974 0.633186 0.911952 0.952637 0.422302 0.595785 0.329806 0.591786 0.729045 0.420217 0.393304 0.166146 0.881656 0.000465639 0.65674 0.329032 0.32558 0.877461 0.516532 0.457829 0.903144 0.074599 0.227903 0.478164 0.608608 0.161533 0.912832 0.0198681 0.34502 0.489606 0.778459 0.0802859 0.0365549 0.0654916 0.264637 0.850851 0.13967 0.192516 0.420973 0.743503 0.312375 0.903556 0.522864 0.799092 0.741351 0.315215 0.740977 0.327718 0.778914 0.589128 0.740217 0.193603 0.7696 0.425463 0.79333 0.71339 0.0971311 0.147669 0.403614 0.706767 0.599442 
0.192716 0.726184 0.34124 0.642777 0.669769 0.0965833 0.857265 0.837236 0.0152338 0.562004 0.763402 0.293103 0.0269144 0.165722 0.087489 0.404893 0.867249 0.022487 0.0562554 0.405174 0.954853 0.487436 0.621145 0.729471 0.395903 0.0577541 0.773617 0.555934 0.255417 0.768193 0.636612 0.0424836 0.483521 0.71919 0.332988 0.414094 0.232885 0.631575 0.610007 0.172387 0.659726 0.0427828 0.582421 0.754441 0.924056 0.416006 0.887284 0.457317 0.973541 0.842044 0.766952 0.0678135 0.438552 0.146684 0.378215 0.489124 0.211591 0.651159 0.061504 0.970675 0.216173 0.841669 0.982644 0.717518 
0.773809 0.377552 0.994403 0.0578794 0.595671 0.451317 0.213114 0.666945 0.152968 0.324993 0.932189 0.797563 0.980684 0.452444 0.276928 0.249781 0.191003 0.147076 0.000596303 0.616521 0.748982 0.890962 0.232609 0.160087 0.312692 0.786723 0.839417 0.105748 0.7157 0.981515 0.823309 0.269993 0.00374368 0.973462 0.406211 0.822843 0.374061 0.81094 0.119879 0.437764 0.312093 0.259965 0.967685 0.765882 0.408738 0.749082 0.645207 0.944427 0.951013 0.208611 0.578922 0.701897 0.409807 0.72686 0.59322 0.978728 0.680593 0.0872528 0.348474 0.720491 0.7185 0.722852 0.0774097 0.655314 
0.965225 0.985689 0.695004 0.169228 0.531386 0.411198 0.925818 0.554154 0.514265 0.750806 0.623974 0.721755 0.672725 0.694303 0.550274 0.402587 0.382456 0.358318 0.303863 0.823229 0.444247 0.17879 0.786131 0.364331 0.229618 0.441321 0.126255 0.599013 0.0188497 0.600178 0.779284 0.90282 0.0184667 0.021811 0.79154 0.126711 0.453973 0.836192 0.561098 0.437743 0.102484 0.291928 0.733921 0.552105 0.155508 0.449856 0.418771 0.626002 0.425518 0.278152 0.568532 0.491948 0.235437 0.0769392 0.787305 0.0207236 0.323355 0.764456 0.7756 0.786184 0.352859 0.851622 0.465469 0.115356 
0.729714 0.216317 0.20627 0.54381 0.63898 0.581512 0.431413 0.66104 0.39717 0.201844 0.427485 0.403372 0.649349 0.492167 0.147163 0.535113 0.375636 0.493646 0.473488 0.410145 0.626794 0.401426 0.405733 0.838529 0.124531 0.608347 0.997488 0.903391 0.479743 0.27548 0.8795 0.614024 0.66937 0.182039 0.738102 0.755338 0.311694 0.958034 0.635129 0.845078 0.317529 0.983278 0.732633 0.367835 0.897597 0.383079 0.250448 0.107659 0.0129456 0.440954 0.279219 0.0815195 0.26906 0.706753 0.180228 0.881186 0.787435 0.306326 0.905504 0.147787 0.760711 0.84096 0.0624867 0.794351 
0.895317 0.929051 0.450782 0.824078 0.607923 0.787404 0.564543 0.998692 0.35042 0.17026 0.760533 0.13612 0.791346 0.289566 0.607447 0.252368 0.61467 0.0640775 0.323258 0.611414 0.0385656 0.14414 0.233418 0.79924 0.391514 0.406949 0.566441 0.406321 0.772915 0.788846 0.111001 0.729615 0.271571 0.935823 0.489974 0.31738 0.159785 0.682752 0.517511 0.260481 0.41191 0.239326 0.359739 0.564566 0.282693 0.293588 0.517796 0.834804 0.429923 0.399062 0.0857493 0.494185 0.0883314 0.987379 0.740589 0.201627 0.0555881 0.413648 0.0173727 0.948047 0.80685 0.138693 0.211931 0.364066 
0.456988 0.71648 0.0616805 0.932241 0.191199 0.930718 0.830555 0.560463 0.949732 0.195391 0.93078 0.156463 0.128654 0.0870477 0.199176 0.652065 0.111976 0.675158 0.39229 0.916173 0.0637243 0.284131 0.224377 0.888178 0.350138 0.386776 0.330364 0.397672 0.618043 0.391041 0.33003 0.867918 0.925939 0.293448 0.580717 0.355146 0.779107 0.984835 0.598638 0.112465 0.250523 0.471031 0.460306 0.261303 0.598186 0.649997 0.284028 0.198382 0.131782 0.455772 0.76073 0.0346116 0.692933 0.543324 0.682312 0.52002 0.334622 0.0877085 0.721795 0.926666 0.168243 0.616299 0.639041 0.0660642 
0.179433 0.877538 0.243447 0.122344 0.774185 0.544698 0.276522 0.546927 0.768637 0.687383 0.831214 0.985018 0.177892 0.677869 0.0355483 0.663795 0.80333 0.46443 0.782788 0.275326 0.95472 0.15435 0.182342 0.821939 0.615739 0.222477 0.790029 0.655576 0.371487 0.192938 0.827509 0.824036 0.990234 0.259499 0.673957 0.595796 0.310892 0.0600483 0.484099 0.221339 0.799947 0.965811 0.730891 0.570344 0.37994 0.318438 0.757558 0.680126 0.801201 0.749928 0.22068 0.430281 0.446503 0.174302 0.246201 0.721788 0.394585 0.564067 0.254839 0.580995 0.942583 0.334468 0.836342 0.698216 
0.780151 0.618727 0.248092 0.582016 0.374163 0.658371 0.638275 0.505402 0.715669 0.00936601 0.606175 0.038378 0.353286 0.641158 0.824053 0.568697 0.780512 0.602167 0.263987 0.699742 0.418614 0.858122 0.61952 0.756499 0.649358 0.603805 0.901425 0.850241 0.558884 0.270238 0.893044 0.388621 0.771814 0.738449 0.483107 0.611232 0.570223 0.38068 0.709562 0.663495 0.709353 0.329722 0.374447 0.717145 0.145227 0.221667 0.95004 0.434465 0.844016 0.814911 0.00582983 0.735986 0.862625 0.692484 0.281037 0.352042 0.0605272 0.127344 0.39196 0.300486 0.672411 0.804397 0.449384 0.137522 
0.296434 0.494547 0.618003 0.732431 0.258852 0.908191 0.278254 0.557311 0.934288 0.061024 0.220101 0.691901 0.545115 0.566513 0.217431 0.861383 0.429778 0.485489 0.453437 0.0452365 0.322479 0.14421 0.320192 0.986876 0.61936 0.551497 0.440104 0.58935 0.978553 0.574509 0.487768 0.998635 0.16221 0.994274 0.905631 0.0591558 0.409448 0.394149 0.603545 0.834543 0.464569 0.229385 0.590813 0.789085 0.0916084 0.0889287 0.0694098 0.00304546 0.980189 0.266231 0.0794599 0.611597 0.544161 0.832798 0.390714 0.392405 0.521667 0.0526676 0.612079 0.480426 0.3645 0.743914 0.204495 0.304573 
0.455259 0.68558 0.760704 0.681909 0.169867 0.252362 0.242954 0.683334 0.428739 0.59944 0.195695 0.609447 0.970289 0.863925 0.00462072 0.666868 0.819571 0.670755 0.488133 0.709904 0.161121 0.145933 0.148724 0.766044 0.873755 0.550196 0.788852 0.151208 0.311677 0.0314824 0.496125 0.603823 0.438709 0.454057 0.662931 0.0105524 0.126728 0.536187 0.814974 0.913036 0.0665401 0.300875 0.184604 0.988329 0.164607 0.849122 0.159367 0.690548 0.2751 0.492164 0.484796 0.728469 0.992052 0.921065 0.958919 0.558545 0.31985 0.734902 0.215012 0.266981 0.731012 0.396062 0.613618 0.936393 
0.258312 0.931821 0.828741 0.947052 0.579367 0.0676653 0.720531 0.278121 0.717015 0.91851 0.893397 0.239318 0.269399 0.462334 0.40343 0.447192 0.0926177 0.644607 0.100604 0.805397 0.677973 0.142226 0.938558 0.0401112 0.042349 0.235908 0.219829 0.367797 0.948054 0.479344 0.123864 0.230124 0.232623 0.719265 0.181769 0.661113 0.260431 0.662382 0.804944 0.179471 0.222439 0.808 0.95408 0.179995 0.129562 0.515696 0.120273 0.389174 0.311551 0.733782 0.312973 0.874352 0.0812708 0.00595451 0.581989 0.350406 0.339297 0.642878 0.773483 0.393214 0.915041 0.490675 0.125517 0.257676 
0.707882 0.367896 0.195175 0.0235233 0.393214 0.379446 0.814796 0.940781 0.503285 0.612225 0.488226 0.308937 0.204404 0.466455 0.374514 0.0344319 0.551494 0.418411 0.983792 0.897041 0.798475 0.277802 0.519667 0.749503 0.462418 0.312624 0.170372 0.512005 0.300677 0.247009 0.737086 0.432065 0.0478198 0.82374 0.346477 0.892699 0.4327 0.276486 0.752116 0.20781 0.926196 0.971805 0.547781 0.188597 0.301021 0.272974 0.451606 0.355368 0.106089 0.531274 0.87714 0.214791 0.412084 0.47103 0.924282 0.569434 0.9956 0.475166 0.281649 0.0113923 0.521166 0.765757 0.955262 0.250186 
0.457769 0.743029 0.603051 0.714957 0.0335893 0.412685 0.521959 0.828455 0.140971 0.81359 0.886355 0.735291 0.389317 0.396828 0.615149 0.92489 0.321504 0.901489 0.726154 0.159617 0.580115 0.590805 0.634563 0.202975 0.325563 0.865477 0.98258 0.215722 0.338718 0.355127 0.921511 0.120573 0.0432698 0.202618 0.42502 0.937841 0.619814 0.579047 0.109176 0.734254 0.224816 0.270682 0.316349 0.264506 0.970495 0.689127 0.864007 0.467442 0.19602 0.174452 0.305595 0.48557 0.240537 0.605129 0.681563 0.0912247 0.996863 0.73465 0.12101 0.204712 0.802353 0.71089 0.670936 0.342509 
0.831298 0.881955 0.604178 0.693234 0.277465 0.052481 0.953522 0.753181 0.116257 0.067797 0.816338 0.0173381 0.498714 0.759802 0.759577 0.299206 0.245479 0.841936 0.480936 0.734246 0.348267 0.246657 0.611735 0.728394 0.0757603 0.740064 0.950761 0.110009 0.558564 0.333646 0.366393 0.156928 0.29591 0.964435 0.105833 0.0600323 0.518733 0.713338 0.652945 0.451112 0.590186 0.208883 0.388744 0.262281 0.0199028 0.494291 0.0916675 0.947877 0.44946 0.417094 0.835711 0.00464186 0.190976 0.341168 0.275049 0.625938 0.651777 0.068084 0.161934 0.595611 0.650288 0.761557 0.468088 0.0687994 
0.486271 0.398675 0.893462 0.75781 0.467458 0.058966 0.00608686 0.599205 0.398693 0.613656 0.454367 0.896561 0.435036 0.964786 0.0720274 0.0650229 0.661696 0.775077 0.690974 0.928529 0.371649 0.391082 0.962944 0.216131 0.44812 0.680406 0.195342 0.942295 0.390986 0.43155 0.93645 0.17457 0.202587 0.445501 0.881985 0.968024 0.139382 0.157656 0.128765 0.0452041 0.0726592 0.644909 0.770609 0.195218 0.459434 0.770336 0.0713779 0.725051 0.188942 0.133632 0.359932 0.903418 0.243768 0.0613386 0.868988 0.671783 0.885833 0.612545 0.778756 0.71218 0.81138 0.78664 0.0143372 0.383051 
0.140908 0.229658 0.746769 0.654535 0.522614 0.462682 0.29689 0.367746 0.495246 0.881459 0.00458857 0.0394107 0.738279 0.598031 0.493452 0.572941 0.674697 0.919092 0.21164 0.0617538 0.305458 0.321477 0.309121 0.915923 0.405554 0.297069 0.976826 0.449439 0.257919 0.441989 0.935119 0.683239 0.784869 0.470492 0.582612 0.113748 0.333522 0.588134 0.689086 0.958992 0.92394 0.487596 0.757989 0.698412 0.599488 0.456368 0.8114 0.272362 0.389272 0.389503 0.863399 0.960999 0.109318 0.367833 0.56545 0.276555 0.0990285 0.0859266 0.834603 0.956657 0.726965 0.220454 0.556526 0.830911 
0.827162 0.272711 0.635356 0.311048 0.293821 0.316054 0.943809 0.652339 0.590915 0.367587 0.198673 0.229228 0.314449 0.551762 0.68422 0.529075 0.51666 0.601877 0.510493 0.746399 0.562828 0.623202 0.751974 0.558521 0.0389607 0.639123 0.133104 0.124686 0.38829 0.993071 0.942233 0.320307 0.800056 0.264325 0.324079 0.488831 0.0732382 0.766265 0.784116 0.689289 0.232174 0.798565 0.125263 0.731742 0.537639 0.757586 0.512218 0.0126023 0.464946 0.46067 0.977942 0.804524 0.876717 0.593885 0.46839 0.0619403 0.896271 0.888426 0.979359 0.0443646 0.146462 0.916962 0.709899 0.337136 
0.179451 0.102169 0.603005 0.951773 0.28051 0.583569 0.38547 0.161775 0.591106 0.53911 0.810713 0.226297 0.553316 0.0193075 0.606644 0.552361 0.862711 0.534973 0.593322 0.837546 0.356312 0.679181 0.478342 0.806186 0.356071 0.0298257 0.514786 0.32438 0.938341 0.980153 0.625788 0.0466071 0.816815 0.263651 0.0316648 0.0284825 0.79757 0.565737 0.245319 0.735699 0.169588 0.486513 0.929883 0.0550876 0.919845 0.0640689 0.556884 0.127145 0.698762 0.000398954 0.491802 0.291147 0.652644 0.573808 0.0766657 0.379409 0.240424 0.167491 0.612738 0.929713 0.543557 0.0654075 0.879158 0.879523 
0.973789 0.788585 0.243536 0.474724 0.614472 0.796266 0.62449 0.327661 0.88256 0.230286 0.278978 0.205728 0.0814118 0.107604 0.991028 0.103379 0.245007 0.74374 0.508813 0.865045 0.79187 0.425409 0.697817 0.972051 0.0833885 0.626655 0.96212 0.141235 0.256337 0.742278 0.3949 0.0179411 0.926988 0.736182 0.546348 0.462339 0.993362 0.855764 0.808616 0.750109 0.0292658 0.848351 0.692064 0.399831 0.506611 0.326516 0.932981 0.157894 0.234508 0.44107 0.843913 0.37061 0.604107 0.415112 0.808961 0.383626 0.417433 0.596973 0.216857 0.441934 0.0725466 0.258978 0.757647 0.854447 
0.685627 0.142246 0.167292 0.697336 0.240323 0.785765 0.857773 0.202793 0.490032 0.187634 0.147728 0.480631 0.873499 0.791635 0.91727 0.587197 0.127527 0.913133 0.55771 0.0362831 0.159383 0.815783 0.454954 0.968488 0.799949 0.260622 0.0305217 0.637595 0.709896 0.127341 0.639956 0.0569355 0.397181 0.569695 0.389237 0.174878 0.938571 0.411707 0.839665 0.697956 0.301388 0.6398 0.84263 0.37725 0.0867452 0.84481 0.512765 0.419067 0.414848 0.964689 0.826222 0.714982 0.52706 0.379169 0.68205 0.577311 0.814166 0.932677 0.824613 0.414364 0.711447 0.554195 0.453135 0.828792 
0.229548 0.31971 0.212886 0.386607 0.957413 0.098611 0.449546 0.974748 0.0371405 0.468037 0.472767 0.820034 6.3343e-05 0.218822 0.807859 0.37304 0.667832 0.874252 0.971186 0.0525947 0.975673 0.0088269 0.239897 0.857905 0.431258 0.648914 0.933216 0.605344 0.112739 0.407062 0.906798 0.621762 0.460799 0.68708 0.840025 0.442522 0.915709 0.32178 0.946428 0.139862 0.0727437 0.53252 0.421752 0.26769 0.193376 0.0260615 0.631309 0.545664 0.432336 0.539535 0.585723 0.216173 0.11199 0.429608 0.252241 0.434078 0.201216 0.317677 0.0146086 0.227411 0.609995 0.552133 0.129908 0.0126002 
0.534149 0.533044 0.386274 0.614894 0.391848 0.782535 0.769948 0.715441 0.827911 0.0777401 0.148022 0.193636 0.987242 0.903475 0.574001 0.575326 0.655336 0.270931 0.567346 0.449092 0.31982 0.234484 0.145039 0.0103802 0.269893 0.206681 0.663672 0.4088 0.71659 0.109922 0.610363 0.343233 0.615251 0.307907 0.958005 0.109346 0.794894 0.761021 0.916056 0.244539 0.489439 0.846478 0.0940692 0.0600179 0.684568 0.626463 0.253601 0.902424 0.637307 0.396538 0.621188 0.172184 0.270064 0.486168 0.788474 0.649804 0.135741 0.00278841 0.32617 0.356266 0.0126684 0.730265 0.428258 0.29067 
0.611694 0.105815 0.799237 0.653715 0.601463 0.875299 0.323769 0.422025 0.278943 0.116612 0.0527985 0.449069 0.0464987 0.50729 0.977136 0.842181 0.669693 0.613363 0.8065 0.782909 0.665464 0.975613 0.919754 0.187684 0.180741 0.795388 0.447639 0.0878862 0.613324 0.0603046 0.713637 0.83413 0.599668 0.0300604 0.0337547 0.234179 0.6596 0.142983 0.779965 0.555155 0.472908 0.760774 0.640936 0.0409426 0.622598 0.918926 0.153744 0.403358 0.857734 0.326341 0.190491 0.292289 0.361857 0.0309743 0.720248 0.997233 0.862815 0.0659048 0.300639 0.400897 0.905576 0.0556786 0.417159 0.129978 
0.484054 0.636457 0.243796 0.567132 0.981815 0.587018 0.81938 0.688023 0.94009 0.876604 0.377594 0.41082 0.912462 0.468251 0.463035 0.0435111 0.0678724 0.469594 0.715613 0.519612 0.994024 0.537615 0.349635 0.22554 0.132457 0.914264 0.803041 0.499875 0.0960448 0.226267 0.574164 0.650857 0.271446 0.830242 0.611101 0.161099 0.963346 0.596308 0.243457 0.410517 0.705784 0.222916 0.42627 0.903518 0.152589 0.398568 0.330628 0.544619 0.0670142 0.412512 0.989675 0.750867 0.193154 0.181971 0.310846 0.196991 0.622969 0.0117844 0.60847 0.708156 0.00253811 0.147409 0.593485 0.868209 
0.429077 0.439033 0.0326261 0.367416 0.0152999 0.333938 0.533415 0.942468 0.833866 0.39104 0.835741 0.894224 0.918478 0.474662 0.141997 0.609869 0.55198 0.118499 0.965248 0.707666 0.864817 0.711538 0.751454 0.230652 0.540223 0.145286 0.548567 0.485486 0.595909 0.731517 0.476187 0.750988 0.427328 0.701754 0.169808 0.928903 0.517729 0.875 0.512723 0.322831 0.438083 0.52096 0.593098 0.672906 0.278 0.560823 0.00550276 0.112834 0.518801 0.769245 0.617427 0.221614 0.219204 0.189446 0.56105 0.411926 0.945335 0.894123 0.583696 0.190613 0.988279 0.878651 0.470875 0.784634 
0.974474 0.632522 0.519531 0.95395 0.239586 0.471275 0.410769 0.645945 0.787275 0.735129 0.844923 0.354981 0.251369 0.948233 0.68018 0.67117 0.816897 0.192502 0.959571 0.551662 0.0659398 0.629025 0.943316 0.207388 0.768018 0.716813 0.891743 0.383548 0.907035 0.109956 0.685435 0.667725 0.1381 0.946641 0.880427 0.302725 0.931028 0.970524 0.760995 0.0747628 0.566289 0.295803 0.378605 0.258138 0.694112 0.312792 0.000972967 0.702615 0.561182 0.295327 0.244342 0.228978 0.0261311 0.688782 0.786502 0.288002 0.729242 0.309774 0.784826 0.649762 0.505396 0.910612 0.789082 0.620148 
0.933877 0.357997 0.656134 0.534207 0.785671 0.748285 0.22438 0.85975 0.899945 0.988945 0.706176 0.825161 0.303827 0.367104 0.147657 0.474234 0.948819 0.109046 0.372774 0.477366 0.3815 0.693428 0.489402 0.745936 0.472916 0.350499 0.741091 0.743345 0.228629 0.0689509 0.116475 0.834659 0.855814 0.26662 0.829236 0.800109 0.152569 0.663378 0.669287 0.267467 0.464817 0.197598 0.725004 0.544985 0.40834 0.480713 0.232658 0.845792 0.644516 0.328214 0.229283 0.745005 0.796705 0.330317 0.723302 0.559005 0.252223 0.664572 0.338697 0.608242 0.706027 0.217391 0.812741 0.603351 
0.0144318 0.337706 0.299396 0.658376 0.716224 0.326969 0.581114 0.875961 0.245624 0.939092 0.551121 0.132679 0.0751691 0.0580578 0.951374 0.957818 0.821903 0.209645 0.50912 0.731725 0.656706 0.0154914 0.211582 0.388382 0.863976 0.815239 0.944981 0.268934 0.741039 0.813234 0.279555 0.650379 0.340693 0.987887 0.31028 0.855125 0.365977 0.693067 0.746093 0.15623 0.241995 0.00126931 0.907936 0.280728 0.538271 0.499463 0.674841 0.929068 0.878734 0.636869 0.293805 0.507779 0.530472 0.441873 0.285405 0.245405 0.0915984 0.157771 0.678693 0.733423 0.819668 0.612177 0.247133 0.646997 
0.206238 0.663241 0.227808 0.281017 0.652677 0.837356 0.867094 0.562696 0.659198 0.702123 0.219416 0.125171 0.110286 0.0541325 0.743189 0.88085 0.564786 0.0708656 0.931057 0.335489 0.215867 0.447163 0.72933 0.373358 0.0558082 0.882941 0.502844 0.26677 0.766609 0.910797 0.478186 0.821128 0.539787 0.0877934 0.0324783 0.759482 0.268969 0.828902 0.945012 0.437025 0.934287 0.659134 0.233389 0.817215 0.512702 0.546497 0.662695 0.969502 0.190648 0.581102 0.438798 0.293163 0.583626 0.290935 0.604094 0.670039 0.142834 0.103405 0.803152 0.292486 0.113076 0.725637 0.211758 0.360882 
0.510795 0.768565 0.142286 0.990035 0.317287 0.352058 0.284845 0.397551 0.408577 0.812817 0.974751 0.956699 0.639603 0.777154 0.4992 0.624846 0.433835 0.0158557 0.8921 0.85689 0.642827 0.9893 0.363778 0.129736 0.537937 0.220618 0.753301 0.731159 0.561721 0.598178 0.618077 0.154733 0.244851 0.627839 0.872912 0.945 0.695004 0.912843 0.667019 0.844791 0.754451 0.856693 0.977737 0.761711 0.0276006 0.675333 0.338728 0.607327 0.248396 0.455517 0.580161 0.254744 0.636134 0.481818 0.757118 0.996358 0.656809 0.634787 0.451701 0.0394066 0.517998 0.874891 0.226647 0.84095 
0.1039 0.109599 0.559006 0.980586 0.82589 0.18934 0.681906 0.454069 0.943745 0.722402 0.30235 0.572104 0.767166 0.806821 0.744312 0.600536 0.206238 0.960903 0.550241 0.20625 0.649516 0.916233 0.256634 0.580174 0.832714 0.629561 0.0655801 0.0490783 0.149357 0.254569 0.123029 0.612256 0.144761 0.309854 0.409756 0.232529 0.591525 0.996635 0.68338 0.4174 0.634062 0.4949 0.321825 0.724341 0.591311 0.54948 0.984053 0.714348 0.451665 0.000284887 0.712246 0.414675 0.674213 0.3728 0.856668 0.388345 0.186209 0.0372072 0.243729 0.663928 0.909433 0.312303 0.220807 0.812745 
0.475159 0.835844 0.528546 0.218787 0.455094 0.630869 0.153764 0.323265 0.2434 0.322587 0.305159 0.241442 0.14439 0.906392 0.227593 0.642017 0.891294 0.506977 0.649119 0.00389267 0.562422 0.44166 0.545376 0.316731 0.689305 0.547272 0.728503 0.453343 0.314649 0.140226 0.0898692 0.989241 0.463851 0.801486 0.905727 0.773455 0.999816 0.788971 0.494504 0.789034 0.535161 0.670864 0.736729 0.0363322 0.683886 0.128589 0.631482 0.856343 0.800219 0.315364 0.0230015 0.156329 0.209782 0.677094 0.802373 0.0442614 0.695594 0.548117 0.195795 0.420516 0.3302 0.288532 0.833715 0.462388 
0.778171 0.195137 0.834462 0.193046 0.849914 0.56882 0.744273 0.62866 0.0106908 0.52913 0.239006 0.733609 0.822952 0.843924 0.323697 0.057926 0.455827 0.555361 0.0813521 0.270487 0.0102065 0.299017 0.12872 0.0597197 0.230285 0.373292 0.179929 0.498736 0.174895 0.61385 0.0618529 0.181023 0.767342 0.751155 0.137172 0.437743 0.931043 0.962886 0.404212 0.0834798 0.528099 0.343204 0.0435775 0.414562 0.3677 0.550646 0.79982 0.588492 0.708686 0.618056 0.29864 0.59088 0.951352 0.159934 0.44167 0.579647 0.319502 0.832683 0.0468154 0.805335 0.762487 0.189605 0.0887221 0.425831 
0.802642 0.501222 0.36049 0.767271 0.955465 0.0875919 0.253806 0.267415 0.561162 0.699145 0.940488 0.838985 0.882577 0.163739 0.789473 0.0987942 0.552302 0.0761615 0.32026 0.825034 0.592219 0.456368 0.728895 0.254618 0.498279 0.839437 0.791655 0.571405 0.508079 0.612663 0.695982 0.744246 0.309574 0.410535 0.286924 0.124718 0.940646 0.974056 0.768685 0.653921 0.909854 0.875122 0.744098 0.632668 0.692061 0.208977 0.302824 0.195071 0.518732 0.43564 0.175273 0.473955 0.103758 0.669857 0.692632 0.441507 0.861727 0.773686 0.187138 0.215642 0.126242 0.120758 0.47555 0.846431 
0.370502 0.185566 0.87126 0.44205 0.304231 0.720295 0.646105 0.63826 0.790328 0.747319 0.98112 0.31006 0.570722 0.0198721 0.917199 0.648727 0.535034 0.911091 0.426619 0.580193 0.802863 0.467727 0.716565 0.855559 0.49425 0.883653 0.250797 0.465207 0.573045 0.0896414 0.694349 0.513376 0.75455 0.316668 0.375234 0.831232 0.721169 0.833502 0.237178 0.723658 0.0366702 0.538153 0.451615 0.459692 0.726844 0.310236 0.229579 0.251977 0.284947 0.111926 0.303651 0.123622 0.461742 0.238969 0.455242 0.995028 0.60437 0.329306 0.424402 0.809154 0.023287 0.014424 0.718987 0.488127 
0.65118 0.221747 0.731773 0.259161 0.378639 0.467439 0.910858 0.336516 0.40376 0.86887 0.301937 0.216434 0.193104 0.478067 0.00463113 0.913744 0.91025 0.0610435 0.774903 0.342166 0.0678734 0.937492 0.437146 0.903758 0.823276 0.373843 0.304686 0.493573 0.106399 0.903112 0.362188 0.933028 0.135773 0.906913 0.560341 0.40071 0.3243 0.507679 0.686486 0.441668 0.995688 0.859085 0.708274 0.225122 0.699745 0.869676 0.675018 0.835317 0.129779 0.882956 0.782073 0.954404 0.359279 0.648998 0.218835 0.56547 0.492154 0.448351 0.874185 0.786475 0.296756 0.989132 0.526002 0.0705242 
0.194217 0.0114415 0.66855 0.837153 0.514997 0.667787 0.232499 0.423472 0.445626 0.705194 0.113148 0.727871 0.101216 0.376804 0.281232 0.667627 0.683922 0.816778 0.571911 0.335841 0.335344 0.132118 0.0614115 0.652325 0.324112 0.771032 0.583542 0.578429 0.540051 0.465237 0.463664 0.0172423 0.885429 0.566906 0.60098 0.182442 0.0939425 0.682876 0.710572 0.41264 0.981515 0.0958712 0.830506 0.704832 0.358745 0.554119 0.658537 0.737034 0.447546 0.539908 0.701693 0.869578 0.907755 0.32466 0.193945 0.791766 0.355953 0.87662 0.896445 0.087721 0.839979 0.105278 0.861354 0.523333 
0.405231 0.430594 0.305009 0.660571 0.746875 0.473226 0.340928 0.9665 0.359705 0.858407 0.884954 0.985742 0.505492 0.432083 0.775021 0.285007 0.862637 0.522894 0.137462 0.973631 0.551072 0.179807 0.517446 0.284935 0.557945 0.833708 0.639271 0.885341 0.185503 0.816554 0.460949 0.839401 0.328848 0.428167 0.113433 0.791919 0.0152704 0.211827 0.390504 0.107977 0.106216 0.206343 0.0121336 0.305121 0.364742 0.430924 0.574269 0.634978 0.960998 0.0718932 0.958353 0.874588 0.446801 0.891777 0.213517 0.271553 0.128601 0.510009 0.821993 0.976203 0.800029 0.0709586 0.932868 0.654162 
0.237876 0.736533 0.964374 0.174497 0.706651 0.331983 0.0241269 0.171714 0.939876 0.462043 0.132592 0.522398 0.873296 0.298748 0.397477 0.823779 0.27878 0.664693 0.286038 0.824844 0.201599 0.229551 0.444928 0.167438 0.0215025 0.781403 0.850581 0.542455 0.713882 0.191121 0.521099 0.242542 0.854149 0.720212 0.82618 0.338823 0.00278492 0.53951 0.905887 0.517466 0.375651 0.185262 0.837896 0.433738 0.983782 0.543764 0.175054 0.383378 0.224758 0.210424 0.663063 0.695765 0.509197 0.690463 0.457265 0.721368 0.293445 0.81739 0.0355914 0.949115 0.918715 0.0785414 0.18399 0.756289 
0.340186 0.79894 0.171316 0.743316 0.139311 0.181598 0.453208 0.459203 0.716936 0.858701 0.334972 0.642433 0.245298 0.334882 0.246497 0.0591848 0.213541 0.894911 0.0870059 0.434919 0.927378 0.524336 0.221358 0.020097 0.978782 0.546316 0.783192 0.514173 0.123648 0.310601 0.542757 0.970824 0.469831 0.325897 0.777489 0.465397 0.942667 0.210317 0.441327 0.0816925 0.321692 0.855879 0.232072 0.704381 0.885916 0.78965 0.314129 0.316845 0.309258 0.445752 0.863227 0.632851 0.335957 0.757752 0.440056 0.550147 0.2727 0.857261 0.829553 0.031909 0.170681 0.987342 0.742897 0.420216 
0.217886 0.437871 0.894343 0.844294 0.99284 0.126061 0.0497571 0.208815 0.075961 0.726463 0.00281532 0.632444 0.32794 0.0982634 0.633418 0.795454 0.862767 0.551952 0.115663 0.538293 0.537184 0.629179 0.676412 0.972989 0.238228 0.753927 0.37016 0.31701 0.556066 0.0299397 0.673706 0.800796 0.170207 0.700685 0.913031 0.876119 0.251572 0.578717 0.987992 0.57268 0.735004 0.184767 0.380245 0.675914 0.903641 0.301472 0.178005 0.700523 0.00244255 0.979259 0.701962 0.818143 0.15207 0.0157805 0.847493 0.405563 0.840597 0.528186 0.0145335 0.965154 0.775711 0.966677 0.758747 0.320662 
0.0341038 0.527222 0.445957 0.889844 0.889462 0.914673 0.527931 0.503233 0.259256 0.429121 0.364722 0.490202 0.55056 0.200643 0.59527 0.111464 0.175672 0.503715 0.43855 0.566739 0.327323 0.891254 0.455336 0.830104 0.930377 0.179917 0.633925 0.641867 0.926967 0.845231 0.617273 0.298581 0.133495 0.00295048 0.385457 0.306934 0.81518 0.929001 0.183788 0.17147 0.747257 0.133115 0.108613 0.538792 0.65801 0.783309 0.474452 0.113734 0.789594 0.727481 0.779113 0.0829152 0.0337507 0.425802 0.771943 0.221847 0.0830055 0.609061 0.0212649 0.353364 0.944707 0.257075 0.847619 0.590742 
0.485665 0.463445 0.601489 0.168101 0.743543 0.640486 0.901733 0.0599774 0.472071 0.521935 0.674258 0.871775 0.397775 0.302637 0.979854 0.15105 0.195313 0.263504 0.976582 0.101411 0.549568 0.891512 0.105049 0.669522 0.594219 0.589543 0.771567 0.0960741 0.758896 0.998787 0.468846 0.0988045 0.294624 0.288522 0.781018 0.861251 0.566078 0.638614 0.219916 0.353928 0.805103 0.84411 0.679573 0.178676 0.222852 0.171661 0.510926 0.608632 0.671526 0.961133 0.176335 0.918688 0.471898 0.346097 0.263806 0.261971 0.122863 0.417794 0.124836 0.1211 0.214111 0.790878 0.753093 0.154173 
0.576965 0.311803 0.374245 0.104171 0.165697 0.889048 0.709065 0.929499 0.82756 0.694319 0.0419303 0.000880933 0.814548 0.111323 0.178575 0.0625628 0.263303 0.445945 0.885244 0.929607 0.250243 0.0811526 0.957006 0.07324 0.727313 0.946665 0.502302 0.65929 0.0507859 0.734061 0.198752 0.320446 0.07097 0.0768221 0.849674 0.643667 0.179115 0.475854 0.960048 0.603245 0.657039 0.95057 0.165037 0.423773 0.0840987 0.2668 0.0722811 0.0952657 0.25353 0.79474 0.994389 0.695501 0.429511 0.347306 0.296354 0.139636 0.00898936 0.793803 0.961442 0.845169 0.799643 0.249854 0.771249 0.684863 
0.425318 0.898397 0.0731112 0.767297 0.373777 0.50438 0.193567 0.158417 0.894933 0.614271 0.158538 0.780624 0.327995 0.80598 0.756689 0.66417 0.793513 0.0663055 0.661785 0.867687 0.731761 0.104393 0.149907 0.639296 0.00409587 0.0896553 0.385492 0.0515721 0.236934 0.297182 0.125359 0.528776 0.0057539 0.963821 0.498731 0.463793 0.173323 0.573711 0.337718 0.547108 0.241834 0.222228 0.067248 0.221414 0.633545 0.1894 0.743718 0.589768 0.925112 0.848537 0.11439 0.0445605 0.758437 0.552888 0.699561 0.414091 0.813213 0.101075 0.970797 0.186956 0.907511 0.388297 0.487285 0.220041 
0.395951 0.365388 0.599815 0.456077 0.220907 0.315788 0.795005 0.279893 0.666496 0.929279 0.188009 0.179751 0.074857 0.380673 0.776987 0.447665 0.95668 0.56955 0.718101 0.184135 0.3621 0.401451 0.615056 0.632516 0.259187 0.0603398 0.590403 0.553118 0.883761 0.47249 0.554945 0.955697 0.336849 0.622317 0.202297 0.0283622 0.322082 0.677259 0.436741 0.552286 0.0422913 0.296886 0.289352 0.168723 0.936426 0.0817501 0.165244 0.446843 0.202156 0.598205 0.873389 0.998906 0.98618 0.407165 0.494274 0.559777 0.97392 0.348766 0.429002 0.627013 0.217609 0.220165 0.387687 0.0459177 
0.573748 0.96871 0.533869 0.87365 0.775832 0.695144 0.371325 0.0743788 0.418184 0.987316 0.199844 0.614106 0.14879 0.942685 0.857356 0.893265 0.574839 0.189541 0.348952 0.35707 0.701461 0.356911 0.116689 0.0922872 0.965068 0.196375 0.185862 0.154382 0.9016 0.629718 0.0481257 0.352899 0.658489 0.737368 0.0110408 0.926113 0.74793 0.64025 0.382277 0.364796 0.363096 0.814356 0.678067 0.310791 0.54396 0.316511 0.150855 0.0222822 0.0180433 0.28801 0.839705 0.396734 0.912747 0.787754 0.772321 0.553523 0.52793 0.391169 0.926184 0.73386 0.785591 0.179765 0.376774 0.499193 
0.235017 0.313309 0.655047 0.363556 0.401293 0.102067 0.456075 0.428631 0.269122 0.335301 0.333021 0.242853 0.535392 0.460813 0.872525 0.238094 0.446746 0.105464 0.497692 0.551564 0.110107 0.339152 0.312602 0.124823 0.448444 0.0940324 0.192843 0.604796 0.692791 0.139838 0.0311554 0.756181 0.923827 0.625052 0.57827 0.29625 0.367569 0.553034 0.0414635 0.621564 0.769812 0.79325 0.0836265 0.838768 0.372306 0.794186 0.382326 0.46746 0.233074 0.792374 0.511764 0.487757 0.101758 0.277828 0.0394624 0.674814 0.351179 0.958458 0.606213 0.678097 0.386533 0.378665 0.796748 0.216186 
0.812083 0.050803 0.71279 0.599493 0.437667 0.990579 0.19699 0.387755 0.668117 0.728152 0.263446 0.933548 0.129458 0.0949563 0.991084 0.464029 0.529458 0.520018 0.423919 0.266678 0.118467 0.646527 0.674557 0.474165 0.0453754 0.718962 0.499959 0.10909 0.220284 0.80794 0.394975 0.275273 0.351772 0.185698 0.967565 0.375475 0.0241367 0.841819 0.491238 0.336687 0.160373 0.194309 0.968219 0.731508 0.849329 0.316348 0.840759 0.914852 0.491837 0.299412 0.853 0.999063 0.490733 0.75354 0.308006 0.547427 0.879993 0.382867 0.212736 0.161414 0.00456394 0.998614 0.172625 0.619553 
0.553345 0.459065 0.054791 0.58454 0.720644 0.505153 0.989529 0.659944 0.494177 0.686759 0.581318 0.372887 0.780608 0.80517 0.523891 0.306396 0.889211 0.881281 0.531231 0.182336 0.299218 0.323012 0.680117 0.462451 0.150133 0.447013 0.00642985 0.860036 0.908274 0.659115 0.708161 0.0337039 0.083317 0.72268 0.854955 0.340423 0.734589 0.148607 0.413116 0.96169 0.910746 0.045559 0.0279675 0.569067 0.561996 0.562057 0.292507 0.594581 0.0954655 0.70892 0.496379 0.512635 0.757601 0.196518 0.971447 0.789184 0.963222 0.170345 0.803938 0.431971 0.958242 0.949553 0.0738283 0.304485 
