20.3357 0000100000101101101110110111100011110110011101110010110101110100111011111101011101111011001111010110
79.4203 1001010001111010101010011001110111110000100110011011010100101111011100101010110000001111000000010000
0.799272 0.679842 0.0361477 0.951599 0.697673 0.156814 0.846188 0.340338 0.824352 0.174681 0.462894 0.0985647 0.77151 0.375285 0.425729 0.967012 0.282042 0.582159 0.499477 0.291064 0.569893 0.875763 0.926464 0.956953 0.292758 0.232593 0.26697 0.0851721 0.750855 0.385413 0.606658 0.162855 0.401491 0.804374 0.540911 0.757512 0.398324 0.801466 0.848599 0.0822989 0.942565 0.52335 0.614949 0.760619 0.215588 0.892864 0.767273 0.423323 0.832141 0.0287975 0.28149 0.712736 0.378706 0.59739 0.732915 0.280433 0.596912 0.502751 0.135028 0.636275 0.420948 0.300541 0.948285 0.686538 
0.727787 0.392041 0.0807768 0.389475 0.104862 0.955521 0.716805 0.374873 0.947768 0.236106 0.699891 0.720104 0.364986 0.0297914 0.426472 0.122377 0.731559 0.380151 0.220913 0.771732 0.349433 0.791538 0.315812 0.54472 0.554323 0.64189 0.241092 0.936893 0.644883 0.216813 0.684251 0.541111 0.405934 0.432208 0.690475 0.472369 0.837206 0.129708 0.524772 0.0180476 0.804705 0.899594 0.295822 0.226654 0.878067 0.412132 0.12871 0.885303 0.218084 0.613867 0.442704 0.753186 0.457499 0.0366159 0.660744 0.345007 0.773741 0.665668 0.418689 0.639241 0.355026 0.42546 0.963218 0.392977 
0.317543 0.386958 0.785866 0.310785 0.974823 0.503213 0.96136 0.501635 0.036354 0.550324 0.00848552 0.296272 0.738574 0.687912 0.808132 0.253494 0.70558 0.294706 0.432831 0.648203 0.841331 0.425647 0.484529 0.731311 0.571607 0.284471 0.470414 0.237528 0.238046 0.606715 0.337627 0.174546 0.126253 0.377532 0.153728 0.353819 0.201405 0.584414 0.0537528 0.340597 0.553503 0.161511 0.370756 0.699086 0.748703 0.487532 0.896938 0.320912 0.263929 0.94354 0.844106 0.804629 0.145209 0.946331 0.840851 0.484506 0.701219 0.106703 0.368069 0.961791 0.74025 0.193888 0.235366 0.606234 
0.114346 0.04222 0.191933 0.103433 0.259533 0.847607 0.77956 0.764886 0.218997 0.124147 0.979118 0.199054 0.641138 0.519348 0.849762 0.913967 0.613637 0.989382 0.121084 0.894069 0.862743 0.232378 0.296308 0.346876 0.00188901 0.729216 0.244301 0.935532 0.434775 0.514987 0.0895478 0.33556 0.191604 0.732599 0.507943 0.372708 0.855741 0.49154 0.380889 0.250078 0.742247 0.334568 0.970825 0.0707794 0.391517 0.625957 0.577572 0.889524 0.936434 0.751857 0.567885 0.359995 0.659605 0.689338 0.41782 0.905701 0.386951 0.417219 0.915179 0.0260323 0.592828 0.753468 0.443256 0.536447 
0.421231 0.212296 0.779587 0.0245571 0.515197 0.544634 0.90628 0.982632 0.040159 0.233925 0.0809011 0.679777 0.48108 0.51144 0.544472 0.590802 0.901057 0.703628 0.414693 0.206527 0.44748 0.0832282 0.579605 0.605088 0.999845 0.531383 0.142557 0.583643 0.331188 0.412537 0.73781 0.0510715 0.571189 0.919341 0.594164 0.347225 0.676158 0.502775 0.153171 0.310685 0.585973 0.976569 0.761898 0.724311 0.36783 0.962358 0.158405 0.400788 0.192123 0.97463 0.809018 0.126032 0.871053 0.431954 0.0568426 0.633525 0.80392 0.59581 0.217781 0.332707 0.0445582 0.570871 0.684685 0.320122 
0.848125 0.135521 0.292736 0.0767553 0.0778247 0.448441 0.429106 0.758639 0.537963 0.39895 0.711274 0.186991 0.438482 0.81121 0.833047 0.405243 0.681187 0.0035006 0.348632 0.062403 0.517882 0.921947 0.823059 0.44109 0.0456534 0.925551 0.139646 0.527754 0.988002 0.679695 0.664951 0.164221 0.230365 0.203948 0.1191 0.656802 0.168355 0.239374 0.975005 0.317129 0.320421 0.453481 0.922478 0.347373 0.929636 0.89766 0.406934 0.285962 0.365443 0.313824 0.639717 0.934702 0.440221 0.171761 0.919481 0.388448 0.74593 0.570763 0.65195 0.916998 0.44037 0.0156064 0.203383 0.898059 
0.5285 0.476005 0.240914 0.432458 0.207561 0.0233513 0.547111 0.971672 0.657995 0.942808 0.975634 0.944052 0.550654 0.263888 0.235286 0.373727 0.108216 0.586998 0.501078 0.344227 0.975579 0.161377 0.345819 0.0228263 0.998544 0.218919 0.310445 0.33051 0.225206 0.489455 0.0594845 0.542272 0.4785 0.00987024 0.780093 0.612772 0.974496 0.809062 0.760058 0.271263 0.0548609 0.331775 0.815741 0.0617819 0.383282 0.763712 0.932833 0.834736 0.187863 0.666892 0.32144 0.971271 0.989952 0.353049 0.821948 0.83981 0.209275 0.556175 0.260075 0.189209 0.176516 0.0132347 0.906914 0.103532 
0.352984 0.266393 0.989728 0.331599 0.708638 0.194278 0.129332 0.81752 0.104945 0.725453 0.542777 0.369858 0.00167713 0.377096 0.949022 0.722487 0.431489 0.819892 0.21036 0.944875 0.256526 0.772779 0.728944 0.399838 0.168734 0.40087 0.412979 0.801075 0.720058 0.483889 0.829066 0.7576 0.947167 0.217053 0.0919083 0.742371 0.926155 0.498113 0.797116 0.0288241 0.465209 0.983228 0.452482 0.83426 0.145016 0.919206 0.0523246 0.228203 0.40457 0.3752 0.942196 0.458092 0.0950761 0.413836 0.344662 0.521969 0.0915936 0.752579 0.36439 0.250771 0.531266 0.190424 0.802638 0.415258 
0.475685 0.223909 0.207577 0.765504 0.649297 0.0391255 0.817358 0.89899 0.71178 0.17367 0.414398 0.173511 0.690484 0.661812 0.494722 0.928889 0.0283991 0.46555 0.81608 0.841102 0.595801 0.708229 0.00343136 0.5612 0.635376 0.919111 0.101655 0.88924 0.619735 0.907507 0.664769 0.878694 0.254085 0.778074 0.4032 0.364869 0.734585 0.30665 0.239208 0.826352 0.118371 0.56575 0.860971 0.725299 0.272951 0.0973961 0.742199 0.639016 0.0233969 0.736076 0.300818 0.446677 0.605886 0.271716 0.520962 0.802032 0.885761 0.449455 0.112063 0.657406 0.558388 0.438771 0.085515 0.587167 
0.0281831 0.410973 0.632008 0.213736 0.136056 0.15952 0.485103 0.347033 0.647426 0.78242 0.527975 0.254364 0.686728 0.344244 0.298097 0.404106 0.449175 0.700986 0.137977 0.240442 0.296451 0.566743 0.239798 0.634473 0.261614 0.761027 0.507766 0.421593 0.674171 0.483939 0.155942 0.118041 0.906456 0.307969 0.410549 0.282701 0.92223 0.255129 0.396551 0.865912 0.491458 0.200532 0.286551 0.360035 0.514852 0.692615 0.606421 0.815005 0.853616 0.659503 0.805646 0.23836 0.854124 0.879015 0.0526441 0.892673 0.345697 0.370403 0.0232856 0.960376 0.163516 0.849626 0.947939 0.443714 
0.319331 0.288267 0.619028 0.354351 0.952953 0.450282 0.114982 0.408649 0.606682 0.76343 0.213708 0.502795 0.998642 0.957925 0.197103 0.840465 0.68302 0.568729 0.62225 0.51341 0.876161 0.194528 0.549531 0.969712 0.204493 0.707187 0.121717 0.903829 0.618589 0.828929 0.73635 0.434901 0.603984 0.167134 0.633344 0.108068 0.674855 0.971718 0.791458 0.780828 0.558629 0.412982 0.965161 0.246172 0.0704146 0.489284 0.607312 0.89433 0.152683 0.211862 0.637109 0.169358 0.44523 0.898116 0.0113112 0.439336 0.647096 0.092193 0.977975 0.804039 0.943311 0.354502 0.264164 0.489988 
0.36326 0.241125 0.166663 0.997209 0.704054 0.230935 0.509558 0.364019 0.489047 0.51621 0.782921 0.409515 0.946213 0.0945401 0.118725 0.273583 0.416202 0.544875 0.106889 0.861039 0.296942 0.058803 0.00947128 0.0885347 0.860858 0.413843 0.840417 0.497557 0.849752 0.20375 0.680622 0.079803 0.986535 0.432619 0.00916586 0.983187 0.920712 0.795926 0.712662 0.24387 0.624975 0.95137 0.668696 0.55186 0.849622 0.218886 0.606256 0.202725 0.495373 0.0672705 0.531393 0.823721 0.0132476 0.474851 0.887023 0.819652 0.903557 0.240592 0.846881 0.0939252 0.793343 0.259555 0.225036 0.66536 
0.0927795 0.365989 0.712944 0.951291 0.995245 0.462104 0.647178 0.0324341 0.185075 0.305386 0.829368 0.266639 0.860371 0.578879 0.410034 0.639525 0.836588 0.0497761 0.975136 0.134838 0.531783 0.32161 0.24182 0.887867 0.59917 0.496094 0.630362 0.542498 0.0715535 0.120163 0.135082 0.837539 0.816518 0.404913 0.491759 0.621395 0.331942 0.244083 0.946968 0.995024 0.70714 0.0925603 0.75631 0.0796068 0.682393 0.709384 0.027739 0.443293 0.436103 0.508738 0.197638 0.26307 0.416674 0.00527403 0.0775051 0.677594 0.603707 0.207661 0.638081 0.526583 0.559712 0.0397737 0.883406 0.998904 
0.428561 0.907565 0.207872 0.339313 0.705565 0.396993 0.00639579 0.0762546 0.925136 0.989324 0.772186 0.419989 0.565193 0.561485 0.709272 0.388165 0.95944 0.538941 0.819077 0.0292172 0.571626 0.859512 0.954076 0.903062 0.451342 0.876857 0.133895 0.357636 0.703038 0.285232 0.941568 0.55534 0.870651 0.772595 0.243829 0.947329 0.0974632 0.0125945 0.491299 0.294823 0.0658804 0.871502 0.929623 0.828515 0.555357 0.0334519 0.496707 0.903342 0.37096 0.751306 0.723964 0.640358 0.268841 0.519206 0.583792 0.880459 0.300521 0.711784 0.109601 0.453616 0.736619 0.634725 0.349465 0.369207 
0.16978 0.964537 0.902255 0.754274 0.730673 0.820373 0.116936 0.0753642 0.0483556 0.815284 0.0467918 0.892016 0.765879 0.000564309 0.836755 0.973413 0.646059 0.287399 0.673572 0.436368 0.79614 0.618591 0.558494 0.426378 0.859084 0.371554 0.837924 0.0827175 0.78077 0.256599 0.7508 0.558073 0.238722 0.171297 0.201229 0.907139 0.101117 0.923505 0.878944 0.656446 0.8927 0.726825 0.983668 0.686784 0.672839 0.229312 0.928027 0.358029 0.203466 0.977564 0.875503 0.308174 0.888443 0.61535 0.843523 0.648779 0.910986 0.623242 0.165162 0.534659 0.58414 0.599417 0.776714 0.271667 
0.656564 0.725357 0.221035 0.043068 0.654909 0.468066 0.637459 0.956264 0.0453846 0.283448 0.358074 0.617727 0.976565 0.30906 0.286885 0.786038 0.170265 0.771024 0.789652 0.438821 0.594146 0.598017 0.530245 0.0797369 0.730789 0.624765 0.00614248 0.854025 0.872114 0.736188 0.929435 0.817545 0.408852 0.78124 0.933712 0.697095 0.887164 0.495751 0.255763 0.155463 0.0477524 0.92929 0.896141 0.829703 0.404193 0.856438 0.593022 0.203054 0.0452477 0.0194921 0.53087 0.613519 0.504002 0.462338 0.00187012 0.231881 0.836068 0.887804 0.0115355 0.489356 0.801334 0.00108923 0.449676 0.195222 
0.562058 0.974676 0.197419 0.0983204 0.525369 0.390404 0.885495 0.206716 0.512997 0.795704 0.48317 0.0386185 0.00978839 0.93333 0.324861 0.640944 0.906343 0.706887 0.552935 0.120034 0.966184 0.817773 0.340246 0.157879 0.246185 0.865765 0.303109 0.650111 0.955775 0.780484 0.40546 0.557559 0.476545 0.55152 0.366833 0.222721 0.496366 0.612896 0.924903 0.439495 0.216504 0.805559 0.917155 0.777262 0.327538 0.236849 0.0358308 0.338712 0.962069 0.201731 0.142448 0.042274 0.76495 0.695266 0.348719 0.31876 0.414838 0.791996 0.441913 0.424281 0.565157 0.954465 0.29927 0.391658 
0.423045 0.311145 0.708725 0.447646 0.0778353 0.904502 0.517991 0.791637 0.372347 0.975518 0.887815 0.625047 0.908344 0.63732 0.975805 0.549172 0.851148 0.388144 0.408853 0.686582 0.562258 0.197878 0.5266 0.6166 0.414142 0.461585 0.310532 0.506018 0.283677 0.285364 0.180288 0.0401206 0.956724 0.149199 0.740045 0.411111 0.357461 0.445277 0.929238 0.944105 0.904964 0.0644176 0.815016 0.217172 0.652852 0.900567 0.0147096 0.414436 0.0616939 0.640151 0.209056 0.690761 0.590929 0.300821 0.47754 0.68055 0.241375 0.26025 0.650397 0.170397 0.702137 0.434785 0.149899 0.584585 
0.731865 0.230018 0.441119 0.219108 0.26442 0.717432 0.282047 0.921268 0.0191581 0.247385 0.609349 0.731923 0.844958 0.111959 0.086874 0.232192 0.191563 0.492291 0.870139 0.242434 0.797592 0.92495 0.69226 0.944306 0.292496 0.430734 0.903471 0.994514 0.0198141 0.741578 0.00183327 0.478487 0.500384 0.857593 0.755291 0.0822514 0.192073 0.67717 0.766851 0.477058 0.921353 0.963646 0.261996 0.438106 0.716658 0.64922 0.401842 0.558257 0.312834 0.508116 0.300318 0.797081 0.450057 0.302559 0.3453 0.0493887 0.558549 0.702945 0.14378 0.13215 0.135796 0.57947 0.747935 0.515767 
0.512992 0.207254 0.782906 0.632632 0.154162 0.62184 0.97655 0.739299 0.861017 0.669027 0.248223 0.157334 0.441067 0.687226 0.643274 0.910408 0.121424 0.675604 0.701057 0.867816 0.0397106 0.619664 0.102569 0.588705 0.934967 0.289201 0.560507 0.319419 0.0208809 0.104605 0.307285 0.763559 0.0785771 0.108136 0.556498 0.989323 0.292369 0.841022 0.589018 0.18572 0.190772 0.82877 0.612949 0.152445 0.871372 0.796488 0.371505 0.24265 0.766508 0.729779 0.625375 0.0831568 0.51321 0.562747 0.197721 0.238968 0.580327 0.931398 0.787242 0.120947 0.126211 0.0663124 0.80161 0.00464814 
0.565587 0.340374 0.367003 0.443685 0.0638307 0.647804 0.832097 0.427836 0.3598 0.22769 0.236527 0.0941725 0.45678 0.304684 0.757943 0.733497 0.826294 0.774558 0.983906 0.802791 0.631159 0.106685 0.0385052 0.424342 0.791766 0.741077 0.422792 0.642655 0.2259 0.076284 0.173936 0.893317 0.3549 0.865921 0.859966 0.499879 0.990001 0.725 0.774141 0.254662 0.272587 0.382947 0.706916 0.336194 0.307923 0.345153 0.233011 0.435677 0.746688 0.882948 0.476188 0.646559 0.504604 0.200502 0.327593 0.449546 0.337002 0.576187 0.381287 0.130034 0.945868 0.163475 0.0830215 0.625376 
0.151709 0.431371 0.650779 0.496879 0.199101 0.454648 0.935328 0.225202 0.956198 0.702033 0.122346 0.733768 0.386865 0.569752 0.178412 0.38702 0.0633197 0.297221 0.750276 0.864135 0.0442648 0.899781 0.803054 0.883321 0.129428 0.702164 0.0874484 0.402285 0.608654 0.307581 0.0839169 0.898045 0.328376 0.728064 0.373496 0.983285 0.375218 0.96269 0.366197 0.179013 0.367876 0.0226516 0.794688 0.373314 0.269143 0.214231 0.152239 0.665073 0.112325 0.574437 0.876948 0.644473 0.675674 0.442613 0.077225 0.343375 0.0947611 0.333905 0.231105 0.526687 0.475781 0.597278 0.592229 0.539644 
0.703836 0.0734239 0.60177 0.618786 0.373651 0.896055 0.0459882 0.452788 0.181243 0.446425 0.841203 0.573457 0.557143 0.730381 0.572914 0.431215 0.444484 0.917823 0.87362 0.634755 0.55023 0.112579 0.154831 0.704702 0.346526 0.888987 0.328902 0.575551 0.203649 0.383944 0.156528 0.74426 0.953526 0.708918 0.0855045 0.57823 0.785501 0.521897 0.403816 0.417005 0.0731101 0.0798545 0.947074 0.50515 0.468197 0.972559 0.769256 0.500957 0.0811563 0.449531 0.771116 0.796096 0.353726 0.368237 0.495317 0.231416 0.204607 0.952517 0.0694143 0.598396 0.535881 0.0391653 0.74871 0.674114 
0.464842 0.705521 0.0591932 0.0533165 0.274729 0.206433 0.75603 0.855058 0.748677 0.552931 0.217668 0.589455 0.376062 0.549291 0.0316735 0.916299 0.170618 0.202603 0.687803 0.0461111 0.25001 0.362145 0.0665225 0.902494 0.552896 0.769677 0.933321 0.153203 0.73192 0.356729 0.817162 0.392305 0.514024 0.743744 0.627491 0.338933 0.290303 0.759945 0.72931 0.984869 0.608874 0.80804 0.241688 0.694105 0.849557 0.246647 0.43494 0.197264 0.232585 0.381191 0.631624 0.90025 0.557866 0.992688 0.610992 0.178872 0.92774 0.712408 0.419821 0.413951 0.568562 0.500089 0.664188 0.780249 
0.987248 0.109708 0.968275 0.367969 0.853271 0.675019 0.873214 0.36896 0.771097 0.7745 0.533329 0.159512 0.14069 0.803393 0.0827817 0.332911 0.238387 0.176097 0.987278 0.824975 0.858459 0.302154 0.75776 0.541509 0.151906 0.27012 0.112189 0.211414 0.399222 0.757541 0.188551 0.512573 0.551784 0.633296 0.705996 0.432969 0.057624 0.739355 0.347346 0.867668 0.347453 0.764464 0.52288 0.0991186 0.923952 0.187713 0.896016 0.606027 0.498332 0.731287 0.180712 0.98917 0.98549 0.357323 0.752698 0.930061 0.320602 0.0476628 0.767716 0.0805657 0.235615 0.248994 0.598773 0.855092 
0.749953 0.120177 0.4175 0.242776 0.150713 0.438198 0.609732 0.0534653 0.882733 0.25978 0.00652444 0.117254 0.79695 0.918032 0.930583 0.561249 0.691786 0.235321 0.339553 0.602981 0.275365 0.390034 0.367611 0.570889 0.130285 0.378195 0.45766 0.306118 0.380771 0.46474 0.946879 0.799827 0.184788 0.379798 0.703993 0.780915 0.933684 0.292172 0.837993 0.224644 0.491368 0.459946 0.956883 0.525655 0.518076 0.0230985 0.230075 0.105077 0.47239 0.875927 0.814897 0.333195 0.0823243 0.692958 0.827364 0.0482629 0.907021 0.677924 0.980418 0.260767 0.0820603 0.784817 0.154816 0.751346 
0.284776 0.7431 0.100133 0.503597 0.209296 0.104303 0.108955 0.739279 0.0711758 0.662943 0.00802824 0.580148 0.836758 0.18012 0.578405 0.969688 0.0754071 0.850052 0.685859 0.309133 0.0938124 0.729641 0.547158 0.744478 0.42407 0.223914 0.876554 0.862672 0.853496 0.68253 0.72981 0.812595 0.489655 0.60041 0.303673 0.736919 0.303963 0.478053 0.173927 0.606811 0.791645 0.842048 0.0196842 0.188414 0.271081 0.0982466 0.231514 0.649191 0.339011 0.144945 0.295075 0.431754 0.955799 0.395944 0.172048 0.975842 0.0509861 0.585812 0.119246 0.342372 0.812138 0.564472 0.390593 0.52492 
0.298868 0.852462 0.806271 0.539621 0.489102 0.870988 0.891289 0.636028 0.136101 0.96245 0.969371 0.207245 0.645693 0.24136 0.627398 0.714144 0.8902 0.0911343 0.813674 0.0214632 0.502029 0.223515 0.508426 0.819274 0.494161 0.612317 0.817502 0.310951 0.351573 0.733839 0.910207 0.68694 0.281224 0.392328 0.59715 0.504948 0.259409 0.358616 0.244175 0.664922 0.458473 0.608241 0.621293 0.40163 0.927823 0.301664 0.359236 0.861428 0.597972 0.047737 0.768274 0.35939 0.879339 0.542944 0.941102 0.612507 0.155152 0.0096692 0.473518 0.964385 0.912417 0.958696 0.996424 0.876626 
0.538725 0.23282 0.556143 0.756161 0.386908 0.610215 0.90266 0.417185 0.3012 0.371029 0.901652 0.87519 0.536114 0.493288 0.859961 0.210237 0.401004 0.61555 0.312877 0.0774936 0.508776 0.489886 0.842088 0.520133 0.443756 0.405574 0.765994 0.958236 0.454077 0.817254 0.941657 0.992501 0.269221 0.772359 0.244812 0.119861 0.318156 0.215109 0.593656 0.355177 0.576134 0.450068 0.892623 0.495474 0.763193 0.749715 0.6923 0.776636 0.763883 0.997388 0.805104 0.243909 0.619497 0.176275 0.167175 0.79793 0.653009 0.969967 0.932222 0.0929388 0.235612 0.989454 0.491881 0.819312 
0.346514 0.788638 0.69818 0.582442 0.772752 0.642854 0.774549 0.82486 0.332844 0.763678 0.0204419 0.547119 0.320191 0.0233724 0.423432 0.956202 0.424564 0.473146 0.11353 0.412146 0.108537 0.745627 0.390924 0.410506 0.70264 0.519605 0.531937 0.169776 0.299044 0.647126 0.829578 0.0453466 0.227318 0.0337102 0.162646 0.983026 0.262787 0.295386 0.282897 0.578045 0.109883 0.404641 0.176987 0.849451 0.649148 0.319931 0.0835015 0.902627 0.677194 0.708941 0.977107 0.140688 0.0146011 0.238167 0.299266 0.598764 0.779009 0.311262 0.0253916 0.88735 0.496565 0.13968 0.418692 0.995959 
0.977392 0.621587 0.840539 0.994267 0.544302 0.199308 0.987188 0.256383 0.00454926 0.276405 0.504253 0.224101 0.122747 0.178246 0.733178 0.0269348 0.967242 0.524378 0.511418 0.958823 0.019213 0.00419256 0.138147 0.22311 0.894254 0.759303 0.439477 0.894025 0.674819 0.757824 0.48298 0.781578 0.0553274 0.804154 0.572198 0.771462 0.410753 0.133598 0.12379 0.625131 0.424114 0.516412 0.667959 0.639203 0.875436 0.629858 0.905694 0.920575 0.116611 0.799711 0.384862 0.240854 0.490211 0.426993 0.974072 0.517898 0.233122 0.581156 0.10093 0.366622 0.573629 0.43939 0.584396 0.100804 
0.453714 0.848634 0.769557 0.686052 0.310614 0.817527 0.154108 0.103698 0.0782882 0.181196 0.0164513 0.970884 0.464006 0.341577 0.672326 0.6241 0.0863887 0.573291 0.776908 0.46753 0.763041 0.442896 0.374914 0.680782 0.458512 0.741092 0.798535 0.0775705 0.113263 0.984993 0.0697447 0.311392 0.684923 0.405037 0.0856995 0.0462839 0.477544 0.494969 0.411298 0.991105 0.963873 0.379473 0.288736 0.799441 0.713951 0.704368 0.0320711 0.810613 0.132292 0.741884 0.85988 0.942481 0.806664 0.912807 0.396701 0.463992 0.324403 0.906171 0.652964 0.540042 0.886422 0.0495346 0.547591 0.447495 
0.0220319 0.0647156 0.134105 0.960692 0.403176 0.604442 0.536454 0.262974 0.0876133 0.832813 0.00773857 0.830301 0.563024 0.621097 0.613291 0.251246 0.598484 0.235466 0.0410801 0.87915 0.244392 0.0292425 0.249152 0.10823 0.716118 0.111201 0.232018 0.417684 0.675186 0.887965 0.426059 0.624489 0.825274 0.95888 0.614485 0.102452 0.485489 0.479482 0.750078 0.602993 0.806077 0.190067 0.219981 0.193262 0.000705123 0.783657 0.635922 0.440639 0.924111 0.861892 0.815071 0.540862 0.854901 0.0103037 0.675973 0.321477 0.575143 0.35885 0.282113 0.767407 0.898976 0.125895 0.483632 0.662498 
0.279104 0.712012 0.803178 0.650903 0.791748 0.660293 0.67871 0.0191042 0.937735 0.184947 0.48915 0.0211068 0.354533 0.444209 0.892936 0.220672 0.954459 0.601261 0.793576 0.227507 0.697121 0.852473 0.0996547 0.915155 0.393222 0.722256 0.591842 0.373323 0.118071 0.601287 0.313238 0.780564 0.0533023 0.0933821 0.583851 0.882432 0.927714 0.183919 0.241113 0.632764 0.428811 0.898778 0.2503 0.481238 0.991064 0.181584 0.0136973 0.697952 0.331008 0.503208 0.737592 0.147438 0.789036 0.194375 0.487534 0.364201 0.722292 0.983558 0.344855 0.176456 0.167844 0.555994 0.415258 0.6233 
0.594731 0.0600032 0.82787 0.0548373 0.781679 0.0533259 0.915093 0.300566 0.318653 0.595102 0.77375 0.234518 0.905144 0.0120167 0.700721 0.743681 0.345525 0.775415 0.244491 0.329814 0.439209 0.155024 0.470339 0.90716 0.00617395 0.466403 0.389617 0.0412668 0.809243 0.825081 0.356892 0.41388 0.124478 0.731384 0.396657 0.690249 0.628415 0.250052 0.472062 0.869277 0.609677 0.47855 0.836418 0.62074 0.138909 0.705814 0.546449 0.958334 0.872791 0.825081 0.597647 0.197771 0.805711 0.550659 0.131771 0.658489 0.850497 0.0138306 0.257211 0.943364 0.567324 0.0995256 0.202483 0.105636 
0.587998 0.75871 0.00505372 0.860253 0.942475 0.213247 0.35382 0.914046 0.191884 0.0108771 0.16444 0.628384 0.0366895 0.217422 0.857004 0.925365 0.314028 0.864786 0.656816 0.175255 0.624687 0.883224 0.17782 0.485232 0.83129 0.694165 0.367663 0.353515 0.890597 0.951423 0.421033 0.970938 0.320469 0.933264 0.95663 0.238273 0.111272 0.469908 0.118567 0.324443 0.139954 0.676899 0.0116001 0.910555 0.22179 0.000555315 0.755079 0.228904 0.573285 0.469297 0.543573 0.51638 0.355967 0.277262 0.609481 0.834038 0.0254984 0.791211 0.266176 0.271886 0.935723 0.9952 0.76675 0.510907 
0.464799 0.945619 0.544702 0.190568 0.493644 0.608446 0.524746 0.791357 0.453527 0.36917 0.62996 0.0618937 0.728105 0.0342946 0.988898 0.0746938 0.793302 0.96353 0.368172 0.976913 0.43011 0.22529 0.518266 0.242141 0.832621 0.0620638 0.95747 0.53023 0.23236 0.448092 0.0283761 0.260951 0.0492537 0.474748 0.39586 0.21631 0.499652 0.13697 0.730593 0.870658 0.478583 0.73369 0.844488 0.19047 0.969602 0.569271 0.371862 0.880691 0.64643 0.28105 0.917385 0.669678 0.0781036 0.606307 0.0813145 0.799637 0.0868351 0.0771994 0.402435 0.417602 0.28706 0.0459727 0.305713 0.86157 
0.56437 0.483908 0.649757 0.950023 0.937153 0.0877669 0.507927 0.191735 0.989561 0.66242 0.839216 0.734067 0.518297 0.752465 0.544602 0.626129 0.285312 0.94834 0.619089 0.169141 0.805361 0.881784 0.710137 0.569254 0.781579 0.49825 0.798465 0.539053 0.84324 0.602081 0.773211 0.269222 0.963928 0.161646 0.65964 0.652001 0.286965 0.409344 0.0986985 0.371321 0.103743 0.165489 0.828908 0.35888 0.71036 0.367649 0.873789 0.415575 0.0458277 0.566111 0.866715 0.118398 0.0269838 0.706329 0.530528 0.562976 0.91587 0.296314 0.00193905 0.827005 0.0357309 0.523194 0.290557 0.391719 
0.312873 0.249968 0.102481 0.851498 0.234026 0.460061 0.366735 0.568413 0.381139 0.531593 0.0394625 0.897824 0.821574 0.351456 0.129101 0.278338 0.515595 0.0378837 0.0154618 0.625922 0.336577 0.0123011 0.257491 0.106106 0.312248 0.963016 0.384731 0.142592 0.0948219 0.745065 0.709559 0.232593 0.716305 0.512624 0.0113579 0.762365 0.733708 0.903304 0.973013 0.449177 0.820856 0.994661 0.566507 0.139883 0.203521 0.0489986 0.653178 0.551278 0.60241 0.888848 0.487335 0.142248 0.934068 0.534804 0.899546 0.893466 0.373647 0.534764 0.47452 0.449713 0.120751 0.858948 0.57841 0.999792 
0.161438 0.605972 0.0825655 0.726365 0.0139049 0.102732 0.510097 0.957999 0.344788 0.655486 0.640561 0.988387 0.981906 0.0302034 0.0230148 0.947002 0.630116 0.595815 0.61779 0.940024 0.696628 0.0829007 0.562929 0.624613 0.255406 0.732806 0.127636 0.733125 0.642444 0.139192 0.629445 0.474401 0.77901 0.371314 0.527296 0.486007 0.89659 0.0578735 0.0728789 0.0143313 0.943711 0.953108 0.822523 0.417293 0.335132 0.234981 0.707816 0.212966 0.980196 0.908838 0.0708915 0.0157876 0.660749 0.379529 0.926253 0.074297 0.885134 0.807617 0.688742 0.867999 0.00294213 0.739046 0.861357 0.1672 
0.622103 0.198485 0.82211 0.940446 0.298973 0.724939 0.946633 0.659064 0.545093 0.405411 0.90949 0.49785 0.980814 0.352095 0.741096 0.885779 0.263108 0.710096 0.643873 0.626028 0.583097 0.86453 0.382199 0.67751 0.019741 0.00168274 0.308767 0.930119 0.347768 0.158239 0.760879 0.804461 0.80769 0.0955334 0.177522 0.71838 0.439132 0.901971 0.827135 0.334097 0.548949 0.588919 0.0591429 0.053706 0.422006 0.147397 0.211189 0.206477 0.131084 0.518923 0.580497 0.285286 0.994419 0.957406 0.0572764 0.396819 0.713099 0.412486 0.759507 0.733533 0.535699 0.885785 0.827865 0.202008 
0.372606 0.466565 0.0420552 0.653938 0.999016 0.285557 0.660727 0.815738 0.43404 0.562246 0.701112 0.0256593 0.958929 0.607539 0.783576 0.478385 0.805259 0.0368891 0.48787 0.418667 0.585311 0.987273 0.322408 0.906816 0.488533 0.800034 0.255742 0.213682 0.513085 0.188784 0.9399 0.840412 0.92365 0.806866 0.311629 0.0391699 0.230096 0.953461 0.957873 0.64884 0.841069 0.124366 0.395077 0.791001 0.788867 0.967356 0.0167997 0.0484455 0.106362 0.793512 0.429433 0.057928 0.512828 0.0844204 0.323219 0.534647 0.48875 0.90049 0.139063 0.267546 0.282623 0.829024 0.79766 0.595253 
0.0100458 0.195919 0.584171 0.26086 0.348758 0.0395897 0.629538 0.593589 0.0286124 0.37938 0.685314 0.804224 0.654974 0.983994 0.384501 0.532452 0.958107 0.664133 0.660821 0.0450761 0.528631 0.222396 0.18803 0.705807 0.683959 0.896317 0.168728 0.513576 0.137452 0.649205 0.171993 0.123325 0.455019 0.0873797 0.515248 0.753914 0.0615553 0.295456 0.0670569 0.565522 0.694793 0.0800018 0.569763 0.121923 0.756105 0.134521 0.53509 0.87891 0.303188 0.308956 0.387637 0.213528 0.853862 0.924622 0.752601 0.911876 0.606727 0.486298 0.643326 0.266192 0.167678 0.629685 0.890162 0.877628 
0.561842 0.869624 0.411838 0.762544 0.0198792 0.110069 0.87601 0.675791 0.397346 0.279935 0.172839 0.469395 0.64988 0.27049 0.517107 0.557011 0.98894 0.0067462 0.956516 0.644571 0.972547 0.404683 0.157945 0.857699 0.566776 0.287859 0.515127 0.16736 0.35067 0.0847202 0.507191 0.412415 0.477036 0.98422 0.782159 0.818163 0.613391 0.271113 0.747881 0.432451 0.891507 0.440718 0.397417 0.600552 0.969692 0.000418144 0.273979 0.493432 0.0249004 0.643603 0.149458 0.831016 0.495961 0.447835 0.678094 0.534089 0.238618 0.250255 0.629244 0.291584 0.0893971 0.466974 0.619201 0.369196 
0.894402 0.763085 0.333656 0.828664 0.939772 0.0780843 0.367878 0.0404714 0.718205 0.9547 0.553626 0.584913 0.545744 0.34442 0.600255 0.229075 0.975377 0.666954 0.237178 0.752901 0.679889 0.103814 0.84928 0.297739 0.59345 0.660821 0.943251 0.0213191 0.154688 0.710077 0.28158 0.566168 0.709102 0.789512 0.348576 0.834441 0.720402 0.200425 0.707453 0.108183 0.872832 0.621793 0.469545 0.716412 0.457776 0.0355691 0.941292 0.307626 0.697186 0.694368 0.230909 0.169359 0.832958 0.860403 0.00980327 0.305661 0.756898 0.968762 0.30013 0.797255 0.995055 0.413168 0.563496 0.124128 
0.216118 0.0598259 0.0581771 0.209655 0.63145 0.52655 0.977916 0.0371783 0.752082 0.3909 0.262621 0.633496 0.346786 0.566163 0.802404 0.345003 0.145986 0.706042 0.852922 0.0884646 0.54481 0.305784 0.355904 0.13358 0.0544781 0.957397 0.617239 0.685232 0.565484 0.521246 0.636434 0.465034 0.130584 0.80261 0.0366858 0.608991 0.893694 0.297298 0.107859 0.676808 0.36475 0.476358 0.174382 0.810836 0.147997 0.0599166 0.155627 0.0652518 0.339846 0.986803 0.695458 0.855482 0.25143 0.9191 0.935554 0.929173 0.53005 0.0105085 0.371429 0.918174 0.573718 0.305247 0.245737 0.151675 
0.845024 0.243791 0.739749 0.687421 0.717786 0.662998 0.413312 0.0431891 0.110008 0.910659 0.83794 0.48674 0.315543 0.0755618 0.419798 0.562884 0.254241 0.768531 0.925513 0.489982 0.98899 0.412856 0.259504 0.13062 0.123664 0.468343 0.606538 0.912678 0.62206 0.750925 0.94957 0.622919 0.421907 0.0983538 0.906173 0.803491 0.407656 0.57163 0.327952 0.994183 0.853602 0.788815 0.730859 0.975246 0.503003 0.994953 0.929322 0.996744 0.134457 0.347273 0.00709538 0.809459 0.77776 0.628223 0.797858 0.262044 0.215883 0.189224 0.933796 0.838146 0.859255 0.72386 0.458415 0.60179 
0.153404 0.239904 0.51931 0.778399 0.224638 0.766395 0.840806 0.934121 0.269374 0.129008 0.899644 0.462383 0.91463 0.460385 0.605316 0.907324 0.730896 0.0871837 0.0621322 0.44577 0.109383 0.0564985 0.000357771 0.405441 0.577109 0.954613 0.11892 0.284752 0.294508 0.14838 0.661513 0.881012 0.26417 0.00824832 0.754649 0.180885 0.711024 0.0585451 0.377192 0.102899 0.626883 0.799365 0.597977 0.984611 0.165982 0.00219539 0.747478 0.803129 0.813491 0.382582 0.91899 0.0493679 0.708747 0.611752 0.987478 0.311357 0.701751 0.134701 0.644 0.427599 0.114273 0.841439 0.243767 0.322707 
0.0684894 0.963394 0.329234 0.495483 0.180463 0.0256259 0.232913 0.90017 0.649802 0.583036 0.0328357 0.485654 0.586547 0.236953 0.374191 0.7585 0.670374 0.419668 0.427392 0.000540573 0.10564 0.356126 0.915065 0.513963 0.0181803 0.871085 0.0527462 0.631823 0.263573 0.297434 0.96106 0.259513 0.136761 0.758086 0.363585 0.84196 0.307488 0.556438 0.866876 0.733192 0.671347 0.656772 0.0211268 0.238253 0.719955 0.508266 0.861509 0.423266 0.941798 0.937119 0.605048 0.462206 0.954884 0.054052 0.0887681 0.531497 0.00797628 0.885109 0.902985 0.92113 0.19576 0.743309 0.22783 0.250883 
0.129186 0.873429 0.226306 0.358515 0.164407 0.51294 0.776354 0.662582 0.455924 0.850146 0.812401 0.213068 0.475244 0.503638 0.326168 0.171326 0.0661539 0.752909 0.259516 0.549003 0.804941 0.554471 0.190895 0.726422 0.11114 0.0386045 0.896801 0.373087 0.0941291 0.921879 0.575878 0.442525 0.652504 0.87824 0.379811 0.96137 0.0298493 0.151042 0.158138 0.388022 0.880386 0.863119 0.0742144 0.861022 0.64664 0.798228 0.138642 0.90944 0.540405 0.552031 0.567051 0.506638 0.152838 0.612137 0.7202 0.00958714 0.695221 0.165554 0.0472619 0.0329972 0.517091 0.274592 0.487711 0.882417 
0.905014 0.0379891 0.739381 0.968149 0.546958 0.971956 0.907418 0.592821 0.726113 0.993756 0.654916 0.75437 0.296779 0.0644996 0.324194 0.565043 0.639163 0.382002 0.388893 0.209742 0.63399 0.810646 0.42819 0.188294 0.420641 0.175913 0.0388014 0.944718 0.141823 0.363669 0.778005 0.0454788 0.418094 0.662117 0.249609 0.0348159 0.464534 0.250739 0.455057 0.617559 0.342395 0.912773 0.437425 0.372624 0.524344 0.0675704 0.0822441 0.0736352 0.514744 0.514185 0.801673 0.239491 0.839665 0.69437 0.873082 0.949452 0.340491 0.30651 0.0201928 0.164399 0.831146 0.483838 0.661043 0.610436 
0.15744 0.488457 0.692294 0.391702 0.682489 0.975791 0.517789 0.0954012 0.249017 0.830624 0.20848 0.252926 0.60837 0.177341 0.41914 0.158322 0.905493 0.556074 0.622972 0.932779 0.757558 0.74591 0.702786 0.44573 0.753031 0.604336 0.165963 0.492131 0.835675 0.388999 0.757364 0.504775 0.947945 0.865125 0.00178019 0.339098 0.922333 0.919201 0.222447 0.332897 0.00614598 0.0246218 0.890449 0.926291 0.283517 0.220381 0.0680457 0.795202 0.641792 0.361063 0.952239 0.274616 0.369721 0.241978 0.596131 0.129226 0.984634 0.392318 0.270784 0.10419 0.749747 0.323756 0.349742 0.728511 
0.147019 0.67934 0.756502 0.68111 0.226444 0.940677 0.824144 0.349715 0.309254 0.154358 0.517694 0.928378 0.00931616 0.148688 0.52025 0.14996 0.311596 0.26116 0.966513 0.178911 0.756733 0.192169 0.813254 0.384767 0.393115 0.204983 0.259409 0.501988 0.32521 0.296872 0.130433 0.353081 0.0363641 0.554809 0.506057 0.949506 0.667062 0.0586263 0.368989 0.0172477 0.2536 0.302686 0.599606 0.740672 0.00699782 0.612487 0.903672 0.513939 0.356871 0.850974 0.449791 0.699439 0.0647766 0.47179 0.392677 0.710275 0.790001 0.895136 0.483488 0.937206 0.210355 0.843196 0.319265 0.705038 
0.381289 0.586896 0.413189 0.0547855 0.436946 0.724556 0.180685 0.822499 0.632512 0.270553 0.484152 0.867459 0.71455 0.837765 0.735223 0.830391 0.475821 0.633298 0.491008 0.722425 0.521043 0.268938 0.213394 0.886497 0.130631 0.799345 0.708939 0.930128 0.52529 0.740168 0.28242 0.708644 0.617813 0.537238 0.505518 0.248255 0.540066 0.704188 0.541063 0.4105 0.209676 0.924658 0.921782 0.0328915 0.982757 0.438665 0.060283 0.588287 0.64998 0.258123 0.0520687 0.526365 0.817955 0.620484 0.348372 0.0537509 0.482884 0.89413 0.773358 0.602743 0.62115 0.249747 0.68154 0.379788 
0.696693 0.589197 0.913296 0.674607 0.0678455 0.969879 0.0517697 0.803102 0.215086 0.355797 0.449892 0.0102137 0.679026 0.924287 0.485524 0.569394 0.322862 0.532589 0.529543 0.702435 0.168172 0.271868 0.351176 0.141061 0.796386 0.375561 0.579951 0.581912 0.369895 0.493663 0.766346 0.920416 0.721427 0.929738 0.429461 0.379257 0.0267807 0.671574 0.787903 0.154426 0.0744272 0.240722 0.0243274 0.235453 0.463779 0.0666981 0.407812 0.786241 0.0937848 0.427256 0.105232 0.484127 0.120508 0.609989 0.585926 0.303004 0.809218 0.53658 0.402916 0.1353 0.00261979 0.319058 0.244061 0.356464 
0.334631 0.691987 0.364859 0.889652 0.989611 0.0996235 0.776802 0.395531 0.204943 0.275967 0.33253 0.277698 0.372521 0.962546 0.226445 0.0528585 0.904231 0.261859 0.903047 0.337837 0.376945 0.582585 0.354089 0.144936 0.145778 0.3427 0.897884 0.841618 0.789889 0.81312 0.238315 0.611399 0.892461 0.324327 0.716515 0.336551 0.892158 0.792714 0.89149 0.411536 0.37226 0.381619 0.0265038 0.779224 0.299659 0.989005 0.438031 0.715942 0.189658 0.424861 0.3067 0.768207 0.395167 0.302971 0.52664 0.702969 0.403334 0.194669 0.806299 0.995081 0.651659 0.678842 0.202881 0.323799 
0.779323 0.571753 0.0880835 0.947422 0.715352 0.0434287 0.864111 0.0503766 0.213501 0.435942 0.0997704 0.941982 0.64803 0.885604 0.552529 0.0547943 0.0407317 0.00797379 0.498281 0.868314 0.603987 0.967507 0.869867 0.30769 0.210699 0.293492 0.187352 0.930574 0.303466 0.0908454 0.198929 0.576759 0.374718 0.0962386 0.234885 0.292999 0.533578 0.942753 0.0730967 0.447723 0.713816 0.453254 0.804943 0.659635 0.973719 0.458413 0.726381 0.483537 0.254131 0.0713565 0.434704 0.528975 0.0562741 0.84417 0.777321 0.84449 0.835077 0.825963 0.588536 0.849902 0.138738 0.267458 0.0592833 0.754979 
0.921243 0.48502 0.179297 0.835843 0.473334 0.236151 0.491642 0.377776 0.308712 0.211324 0.753988 0.479308 0.538277 0.200584 0.310343 0.283644 0.323462 0.368329 0.731296 0.805804 0.309631 0.0905821 0.243745 0.96509 0.292311 0.551873 0.15955 0.852116 0.926195 0.977328 0.831791 0.444793 0.229471 0.0441305 0.403164 0.568019 0.455516 0.839092 0.508043 0.81458 0.96547 0.347416 0.870354 0.187568 0.139289 0.366454 0.328406 0.98184 0.359943 0.529649 0.767578 0.40562 0.035555 0.218303 0.589362 0.217927 0.165769 0.279291 0.150126 0.109797 0.501723 0.675908 0.321199 0.0586819 
0.982729 0.49373 0.878312 0.192696 0.658365 0.0637328 0.441685 0.932833 0.930263 0.0539635 0.92149 0.792756 0.216477 0.0181509 0.425364 0.238572 0.0617648 0.946225 0.597847 0.704907 0.968021 0.122534 0.360324 0.0988743 0.958134 0.685696 0.22718 0.760258 0.0970089 0.953209 0.480699 0.762968 0.477238 0.30467 0.776544 0.651665 0.439574 0.984595 0.345169 0.238193 0.00405067 0.563657 0.0891312 0.599084 0.323126 0.661138 0.536281 0.591093 0.792755 0.990291 0.013944 0.32917 0.316524 0.391163 0.812274 0.876105 0.0147923 0.748281 0.0569976 0.944381 0.99463 0.427321 0.620936 0.676723 
0.386763 0.0912476 0.652614 0.350713 0.00501531 0.0499563 0.389093 0.0330721 0.11041 0.252578 0.428063 0.204557 0.482396 0.161919 0.181965 0.981022 0.594974 0.581916 0.0745022 0.204624 0.645553 0.848502 0.815715 0.774828 0.634233 0.0266286 0.563249 0.0209778 0.49369 0.269606 0.927 0.513022 0.28764 0.171789 0.568451 0.537139 0.219877 0.146781 0.086437 0.766894 0.16668 0.245521 0.162655 0.911496 0.623807 0.301101 0.0529699 0.306213 0.305846 0.0547292 0.199302 0.692845 0.376798 0.676031 0.503228 0.523781 0.533844 0.662567 0.980041 0.083328 0.622585 0.320318 0.665373 0.824762 
0.043053 0.36235 0.894317 0.348029 0.0425112 0.67026 0.390839 0.759682 0.0985393 0.85913 0.428091 0.9275 0.626573 0.317872 0.0846319 0.240171 0.990171 0.34593 0.831864 0.179708 0.158976 0.815083 0.450784 0.234439 0.260178 0.35928 0.244531 0.925539 0.867283 0.616973 0.876085 0.440503 0.129778 0.972192 0.456024 0.930611 0.711051 0.855657 0.0123816 0.941182 0.563695 0.882566 0.34848 0.130842 0.897592 0.199957 0.194859 0.552036 0.205705 0.0302469 0.339749 0.737048 0.654422 0.982834 0.698547 0.4381 0.713778 0.893564 0.303766 0.301139 0.72106 0.747173 0.754462 0.31715 
0.859846 0.589661 0.83755 0.830287 0.2614 0.867008 0.858485 0.954459 0.0778628 0.378789 0.693273 0.883449 0.735995 0.289182 0.663909 0.516569 0.417535 0.400155 0.590844 0.0985108 0.411922 0.185385 0.463671 0.671791 0.208161 0.569683 0.829433 0.468089 0.506998 0.532998 0.921834 0.115663 0.703079 0.542267 0.191205 0.183445 0.809901 0.664095 0.103477 0.0699159 0.600403 0.243302 0.550838 0.444985 0.216343 0.981189 0.748683 0.29561 0.0931981 0.630281 0.331906 0.937275 0.0874428 0.247282 0.134221 0.0667433 0.341306 0.630564 0.574733 0.83159 0.485133 0.120627 0.966186 0.860772 
0.57727 0.766738 0.910457 0.284272 0.817715 0.182959 0.429999 0.804769 0.752606 0.745383 0.425162 0.674101 0.404836 0.382832 0.0260038 0.524252 0.905735 0.160853 0.126136 0.849824 0.890925 0.849749 0.993986 0.38452 0.875548 0.693983 0.658758 0.589431 0.587848 0.297996 0.926637 0.289227 0.661732 0.852712 0.677772 0.546853 0.463383 0.446382 0.174727 0.310413 0.224923 0.786553 0.0996209 0.309475 0.337537 0.699409 0.316647 0.981574 0.329806 0.513116 0.739282 0.787817 0.620867 0.284085 0.514192 0.340704 0.270511 0.716922 0.0864201 0.442425 0.45945 0.0914514 0.420153 0.716523 
0.924896 0.681086 0.146658 0.383737 0.557089 0.0687369 0.166482 0.327656 0.847232 0.120152 0.630963 0.81113 0.0958956 0.820734 0.600124 0.585954 0.13983 0.864921 0.833627 0.970439 0.491074 0.32968 0.100037 0.341812 0.775765 0.49265 0.516032 0.533998 0.445771 0.216106 0.41235 0.761848 0.631881 0.779463 0.342362 0.816751 0.213866 0.984955 0.57495 0.760383 0.296566 0.945025 0.485488 0.466938 0.497388 0.570767 0.963819 0.494704 0.941956 0.0862705 0.952118 0.190455 0.29766 0.639091 0.348345 0.539577 0.276879 0.437013 0.0533864 0.0244511 0.238888 0.371248 0.699809 0.630238 
0.880895 0.404818 0.566384 0.690438 0.459937 0.503761 0.116903 0.255385 0.448377 0.374394 0.707875 0.623327 0.0208486 0.666981 0.387414 0.160781 0.454615 0.991362 0.570091 0.540385 0.332547 0.312974 0.110135 0.965009 0.705074 0.99576 0.643414 0.107244 0.472 0.205148 0.193992 0.671289 0.541827 0.688612 0.649916 0.408642 0.165095 0.23184 0.615064 0.617974 0.592375 0.67514 0.748323 0.271677 0.967236 0.751636 0.771579 0.258096 0.687591 0.491139 0.306141 0.419313 0.294525 0.757963 0.874265 0.390542 0.529043 0.0159667 0.992187 0.0355746 0.448887 0.320863 0.197203 0.519313 
0.903944 0.429783 0.758908 0.833157 0.693857 0.353103 0.0783849 0.230113 0.0149074 0.0503327 0.318571 0.970166 0.987893 0.297742 0.73225 0.59273 0.285877 0.915433 0.736404 0.764812 0.891511 0.726014 0.308255 0.717442 0.140685 0.899381 0.787635 0.204363 0.21322 0.516424 0.628216 0.192337 0.244909 0.741941 0.623503 0.79545 0.318894 0.0976214 0.99851 0.78593 0.876311 0.943992 0.59297 0.529641 0.453098 0.7181 0.0830454 0.337424 0.989079 0.0990499 0.993465 0.743971 0.354647 0.685335 0.572725 0.147585 0.603853 0.800708 0.667481 0.454522 0.063359 0.104207 0.321889 0.692675 
0.912196 0.894948 0.410827 0.311159 0.732192 0.892338 0.599024 0.313889 0.51572 0.777829 0.770466 0.851477 0.628563 0.516714 0.0975084 0.909609 0.884825 0.159386 0.970299 0.218456 0.25556 0.150355 0.335683 0.0627579 0.381265 0.268166 0.336929 0.595406 0.00337447 0.833542 0.502689 0.722795 0.675563 0.870045 0.0554853 0.139041 0.627679 0.0923216 0.31062 0.714514 0.809808 0.909571 0.859756 0.0536042 0.323696 0.782608 0.633555 0.135497 0.299117 0.948268 0.964846 0.0313365 0.496045 0.459944 0.0715293 0.0796765 0.627344 0.832255 0.388438 0.193838 0.898409 0.216772 0.544258 0.689242 
0.843814 0.0326365 0.161522 0.843281 0.0570649 0.27918 0.394619 0.836772 0.350732 0.012109 0.0325442 0.932122 0.667526 0.978718 0.00761446 0.000747205 0.679333 0.738528 0.959396 0.454362 0.997639 0.612376 0.375037 0.34312 0.801917 0.0470843 0.5816 0.485578 0.558243 0.787283 0.1951 0.136048 0.800869 0.50065 0.947486 0.35776 0.476652 0.944806 0.0425206 0.942893 0.457519 0.791432 0.835994 0.631428 0.995776 0.755174 0.988555 0.822382 0.331873 0.376272 0.137319 0.0353021 0.241824 0.79578 0.0756382 0.288771 0.827451 0.667141 0.879552 0.0104839 0.833433 0.938487 0.258717 0.582598 
0.403785 0.896532 0.58094 0.328423 0.44149 0.847648 0.506977 0.322402 0.599141 0.786824 0.921772 0.942561 0.061044 0.349683 0.365082 0.547329 0.343269 0.985741 0.0437041 0.196203 0.62316 0.857773 0.488316 0.146422 0.456217 0.698088 0.163204 0.720566 0.994095 0.913949 0.158682 0.797166 0.881753 0.162808 0.88463 0.0811743 0.874355 0.760415 0.679715 0.212088 0.977422 0.124119 0.885311 0.546682 0.364188 0.792829 0.223743 0.962479 0.465428 0.259728 0.766926 0.866384 0.180509 0.125011 0.000992369 0.126272 0.345629 0.251144 0.612838 0.427256 0.174238 0.211042 0.671198 0.021295 
0.525154 0.45645 0.173316 0.36196 0.239947 0.827678 0.201106 0.563338 0.154052 0.566595 0.283176 0.259485 0.70921 0.118331 0.58334 0.205934 0.0249115 0.928183 0.525047 0.816816 0.969451 0.789384 0.919684 0.950817 0.162692 0.88883 0.911849 0.329754 0.4645 0.364837 0.244692 0.866746 0.464194 0.893878 0.861674 0.171821 0.495043 0.156404 0.829953 0.667268 0.732737 0.496589 0.742239 0.102999 0.318652 0.76633 0.427641 0.757344 0.994398 0.154555 0.130608 0.11413 0.779517 0.546226 0.0463324 0.701706 0.814245 0.930854 0.365105 0.102388 0.0742306 0.745976 0.355773 0.303132 
0.0321517 0.142522 0.685407 0.903733 0.54831 0.326553 0.972638 0.85344 0.131894 0.851834 0.128401 0.599179 0.216019 0.230054 0.753397 0.212128 0.806884 0.568581 0.293207 0.906034 0.743003 0.30935 0.0316045 0.391714 0.183415 0.0580179 0.109441 0.581695 0.619158 0.567018 0.432859 0.0103798 0.383101 0.430427 0.554561 0.34752 0.376424 0.18666 0.539777 0.5539 0.20817 0.451406 0.996311 0.195825 0.575689 0.854812 0.6072 0.917969 0.269511 0.153639 0.671951 0.753308 0.182961 0.652185 0.129564 0.516505 0.217907 0.405086 0.475075 0.137219 0.868884 0.307632 0.255805 0.765655 
0.672714 0.759176 0.173871 0.178607 0.1011 0.539623 0.232634 0.783503 0.6734 0.125413 0.970868 0.459248 0.745463 0.988448 0.336093 0.154327 0.740842 0.972753 0.230538 0.247293 0.229906 0.53157 0.41707 0.395778 0.154054 0.788216 0.0631377 0.202308 0.542355 0.640537 0.80019 0.479185 0.569187 0.919057 0.51258 0.791667 0.714745 0.147088 0.627868 0.0782582 0.795128 0.553501 0.255988 0.976886 0.547894 0.830982 0.587571 0.960225 0.830003 0.974328 0.0294455 0.430081 0.541029 0.837721 0.385172 0.720823 0.878203 0.228456 0.168897 0.693753 0.463512 0.486565 0.905873 0.359591 
0.279615 0.887613 0.0109277 0.0574733 0.0582699 0.773496 0.683218 0.623678 0.409398 0.645509 0.916854 0.16053 0.331926 0.914629 0.932936 0.5248 0.520718 0.0304186 0.573903 0.952048 0.632525 0.336137 0.264079 0.141445 0.47604 0.619935 0.132155 0.875711 0.557641 0.575124 0.787558 0.521509 0.9124 0.815675 0.369213 0.195181 0.846428 0.559912 0.185278 0.56336 0.635727 0.883085 0.21645 0.934287 0.153487 0.964231 0.705435 0.100735 0.000180887 0.683403 0.94544 0.105328 0.818578 0.299411 0.864832 0.288618 0.312578 0.235964 0.59943 0.586783 0.523613 0.461776 0.716808 0.163198 
0.444095 0.388492 0.32343 0.621355 0.555284 0.63351 0.154529 0.802547 0.634436 0.436592 0.208571 0.0774207 0.969176 0.264661 0.742086 0.83081 0.272636 0.30592 0.411095 0.569208 0.425666 0.278472 0.595054 0.959664 0.366795 0.0587366 0.412748 0.679059 0.0199691 0.233912 0.970365 0.405591 0.752578 0.325097 0.620138 0.0491499 0.346613 0.0520345 0.885551 0.685012 0.10449 0.627521 0.634355 0.0907394 0.425106 0.661503 0.460204 0.977677 0.00507768 0.346819 0.325967 0.638221 0.327736 0.0464488 0.040207 0.970398 0.10576 0.497119 0.318047 0.282166 0.722395 0.615174 0.177336 0.569535 
0.685187 0.829516 0.739626 0.551356 0.866601 0.691129 0.621103 0.606862 0.192961 0.335561 0.453019 0.332413 0.504387 0.167908 0.219326 0.305988 0.505159 0.354216 0.559058 0.607867 0.105828 0.409709 0.15416 0.0075668 0.457696 0.297604 0.252368 0.507176 0.367411 0.309534 0.57631 0.996946 0.0841275 0.80045 0.203874 0.551679 0.354664 0.688245 0.301487 0.0642271 0.0993554 0.95283 0.444062 0.949244 0.738864 0.339085 0.0498873 0.301413 0.0349704 0.116113 0.268274 0.23579 0.672527 0.199014 0.134872 0.874849 0.104384 0.369743 0.00703215 0.823957 0.81373 0.617745 0.256893 0.357207 
0.746064 0.708384 0.710363 0.523673 0.133814 0.401164 0.448831 0.0950162 0.517557 0.0954133 0.367747 0.139287 0.305456 0.520446 0.39482 0.207584 0.914471 0.0865488 0.546081 0.856195 0.878779 0.941377 0.309921 0.181466 0.899475 0.550899 0.620238 0.750555 0.995718 0.577361 0.218611 0.655698 0.465275 0.712348 0.312546 0.137498 0.423326 0.130561 0.134595 0.177312 0.178995 0.372527 0.666288 0.592157 0.244933 0.807597 0.0232045 0.762723 0.848613 0.119831 0.597359 0.06471 0.381592 0.0976466 0.160645 0.978813 0.576661 0.553335 0.0435902 0.255654 0.336661 0.443202 0.640497 0.530791 
0.122514 0.184251 0.306357 0.504994 0.717022 0.0372137 0.299863 0.214423 0.631046 0.173353 0.306227 0.781036 0.631697 0.830605 0.720508 0.598185 0.370849 0.00966398 0.966037 0.258151 0.621545 0.62295 0.660365 0.780979 0.325211 0.494641 0.277264 0.672134 0.302283 0.0682354 0.235815 0.191957 0.411031 0.619265 0.263155 0.953784 0.435002 0.204295 0.816618 0.475903 0.952756 0.295625 0.532375 0.273706 0.84037 0.855791 0.459172 0.921711 0.944963 0.0136002 0.254139 0.755919 0.697895 0.680184 0.6804 0.229872 0.817389 0.614149 0.443844 0.891625 0.918361 0.637519 0.750498 0.499429 
0.115634 0.221609 0.970561 0.166112 0.403083 0.744531 0.560349 0.459695 0.387235 0.637562 0.87737 0.272513 0.867975 0.795088 0.368511 0.0144009 0.677569 0.107935 0.731686 0.290629 0.546807 0.398417 0.0420208 0.640506 0.22075 0.116252 0.317607 0.762649 0.211772 0.300944 0.687531 0.982941 0.583353 0.703274 0.170874 0.691112 0.0857979 0.270217 0.934674 0.655505 0.714355 0.764389 0.754106 0.368146 0.761179 0.907778 0.644491 0.885858 0.350289 0.578374 0.788428 0.551089 0.398712 0.654876 0.618527 0.882903 0.452915 0.794353 0.436532 0.0405069 0.583913 0.464339 0.951002 0.843117 
0.981556 0.696042 0.726701 0.951825 0.153298 0.165791 0.657462 0.105892 0.191498 0.270193 0.611676 0.203745 0.438808 0.0927709 0.634974 0.510961 0.909849 0.441086 0.653239 0.332748 0.432483 0.89198 0.73796 0.350518 0.756815 0.0271657 0.793915 0.445914 0.830023 0.240296 0.117788 0.214474 0.0638315 0.401469 0.100929 0.28619 0.539 0.950666 0.556746 0.025035 0.862426 0.802137 0.675788 0.777389 0.453322 0.203806 0.521708 0.493582 0.483215 0.816994 0.931059 0.0194354 0.750707 0.670335 0.231037 0.106376 0.575552 0.865659 0.681638 0.459394 0.440249 0.0607052 0.620296 0.843251 
0.178887 0.649818 0.436643 0.989711 0.60715 0.9943 0.77158 0.542021 0.561665 0.0103512 0.851659 0.162604 0.0501411 0.690693 0.0311129 0.234451 0.726768 0.143006 0.902799 0.734035 0.483367 0.764483 0.0255935 0.582054 0.10352 0.895141 0.437635 0.900003 0.5037 0.894122 0.0121019 0.555289 0.825325 0.0979516 0.990682 0.200769 0.730543 0.720281 0.462189 0.362283 0.125127 0.905698 0.205234 0.845067 0.173749 0.274273 0.827593 0.651835 0.861439 0.779089 0.484266 0.0228487 0.100257 0.827066 0.649201 0.0227978 0.0961302 0.562272 0.683503 0.774805 0.743135 0.0838305 0.731458 0.580981 
0.745632 0.105237 0.496825 0.518844 0.5146 0.707764 0.227184 0.931171 0.668424 0.661078 0.380938 0.473025 0.481953 0.00303955 0.268422 0.724149 0.656899 0.960531 0.339101 0.869702 0.140265 0.173313 0.95372 0.831953 0.653047 0.671221 0.670645 0.436906 0.548148 0.560694 0.547383 0.581635 0.484649 0.778692 0.446307 0.331997 0.805703 0.663744 0.490317 0.0600334 0.99758 0.0358514 0.102634 0.404805 0.374746 0.220259 0.609233 0.177306 0.500745 0.171448 0.454065 0.0447795 0.858474 0.952739 0.890975 0.997611 0.61552 0.00158301 0.510944 0.089992 0.56708 0.340514 0.392108 0.597984 
0.215458 0.24564 0.90716 0.306506 0.814484 0.670455 0.451429 0.852351 0.980448 0.644472 0.404202 0.695177 0.729192 0.703157 0.742204 0.138995 0.79977 0.466642 0.0703713 0.691409 0.0984313 0.720815 0.929544 0.794181 0.779423 0.237578 0.656073 0.489812 0.0240609 0.207394 0.419556 0.541243 0.338106 0.496592 0.230416 0.258652 0.512367 0.178106 0.639994 0.223914 0.600238 0.545362 0.322538 0.660817 0.192302 0.289135 0.213589 0.1264 0.896531 0.634326 0.826732 0.00281547 0.883529 0.624388 0.477904 0.0212539 0.374908 0.383857 0.791167 0.510631 0.388409 0.235055 0.430588 0.608891 
0.990263 0.374657 0.214838 0.832542 0.792795 0.949913 0.578168 0.271431 0.777744 0.38298 0.608475 0.598387 0.845013 0.999145 0.597432 0.776348 0.818483 0.492948 0.194217 0.752949 0.833061 0.87463 0.842534 0.511074 0.183339 0.729941 0.789205 0.667445 0.708858 0.248179 0.761148 0.657237 0.574241 0.47979 0.168497 0.330019 0.910202 0.648427 0.697412 0.607074 0.636732 0.477855 0.570754 0.652613 0.411356 0.340898 0.0786315 0.130756 0.929036 0.316823 0.0396368 0.362881 0.969132 0.00640709 0.644357 0.997288 0.564984 0.118182 0.382844 0.244402 0.57573 0.00229035 0.217831 0.503407 
0.853761 0.74048 0.184627 0.79312 0.0960995 0.377678 0.784295 0.334935 0.830864 0.753522 0.25775 0.629048 0.13289 0.623157 0.548933 0.273631 0.160818 0.718918 0.693812 0.285787 0.343745 0.415226 0.731922 0.243672 0.973576 0.52644 0.94381 0.190785 0.882234 0.303819 0.840916 0.0321244 0.487356 0.232098 0.562678 0.00139739 0.0797011 0.976095 0.267591 0.984871 0.256851 0.706456 0.416546 0.0347945 0.372921 0.326959 0.74601 0.614077 0.470093 0.174675 0.545059 0.0677925 0.762118 0.558355 0.20936 0.660353 0.579827 0.380727 0.699127 0.254068 0.115438 0.417455 0.919374 0.541813 
0.383064 0.384047 0.0945355 0.504474 0.817385 0.590249 0.119635 0.318956 0.266871 0.638456 0.142133 0.904295 0.805696 0.295989 0.0387984 0.878379 0.164588 0.000264043 0.00094293 0.785204 0.770585 0.526172 0.186504 0.91568 0.591268 0.0855525 0.623445 0.54652 0.4326 0.929965 0.567914 0.514371 0.362073 0.521632 0.300368 0.824553 0.439606 0.453109 0.0122862 0.163988 0.867861 0.388025 0.968298 0.569405 0.0233604 0.837708 0.0912822 0.034149 0.849166 0.910131 0.332351 0.920461 0.915285 0.586328 0.430053 0.819004 0.554922 0.711643 0.771033 0.0792554 0.9697 0.919865 0.737701 0.882623 
0.393338 0.202527 0.16916 0.0634638 0.257392 0.191101 0.447452 0.705336 0.784554 0.257717 0.18407 0.464368 0.495015 0.249411 0.797138 0.196487 0.855343 0.740187 0.105817 0.78434 0.578425 0.883153 0.999999 0.989305 0.251971 0.0475854 0.539074 0.730163 0.153917 0.394388 0.308795 0.745896 0.412141 0.0374993 0.562954 0.508873 0.214261 0.544292 0.601161 0.284046 0.567615 0.281507 0.575107 0.37165 0.147836 0.112193 0.511646 0.589089 0.902428 0.615106 0.784703 0.779138 0.329696 0.367697 0.804888 0.26588 0.785911 0.555355 0.69759 0.122009 0.588586 0.294382 0.499492 0.251896 
0.0843501 0.417319 0.149778 0.61548 0.305096 0.437273 0.405195 0.881773 0.410574 0.55644 0.0802061 0.51239 0.216982 0.158467 0.051247 0.916923 0.263395 0.431597 0.556639 0.361885 0.937699 0.631221 0.272647 0.139057 0.635983 0.239888 0.647441 0.850934 0.264594 0.140504 0.237422 0.358576 0.95019 0.113729 0.309319 0.492407 0.112935 0.421358 0.984712 0.411464 0.323438 0.402875 0.410606 0.416836 0.256106 0.930278 0.365949 0.217477 0.579227 0.378151 0.976182 0.455238 0.632908 0.907954 0.400081 0.686801 0.3766 0.8325 0.328424 0.153492 0.548241 0.181809 0.799332 0.0673966 
0.100276 0.494866 0.804628 0.843173 0.939614 0.311324 0.199334 0.632796 0.764472 0.982751 0.914633 0.183164 0.216577 0.842989 0.685023 0.42416 0.252616 0.823163 0.359424 0.00404511 0.863081 0.444453 0.4121 0.371944 0.648133 0.289137 0.823109 0.935313 0.556414 0.129996 0.0271092 0.694818 0.797725 0.601429 0.20899 0.907684 0.392251 0.653877 0.0627668 0.138634 0.652247 0.424599 0.814172 0.725286 0.105413 0.675423 0.700095 0.659123 0.779391 0.468291 0.582199 0.458573 0.625125 0.975932 0.135132 0.76951 0.889617 0.184002 0.333242 0.128934 0.494395 0.291611 0.682778 0.744666 
0.876406 0.455445 0.624011 0.0178494 0.510232 0.191948 0.100802 0.2608 0.0896979 0.99059 0.0809579 0.126782 0.376588 0.922178 0.125768 0.193178 0.299673 0.300343 0.802615 0.509136 0.60324 0.475613 0.444703 0.973048 0.898368 0.818791 0.470628 0.135831 0.0944466 0.804192 0.288102 0.504743 0.973109 0.115272 0.556782 0.75288 0.42318 0.0786941 0.267462 0.62201 0.562449 0.73751 0.771092 0.0168516 0.1439 0.764696 0.876104 0.682195 0.224243 0.73021 0.0804295 0.63939 0.330038 0.900977 0.714671 0.16557 0.430305 0.135869 0.580711 0.781525 0.42761 0.833296 0.494055 0.105111 
0.858354 0.229344 0.563452 0.143622 0.117616 0.865259 0.453205 0.87273 0.00615675 0.932096 0.714699 0.764771 0.80422 0.636103 0.296089 0.47432 0.734685 0.256882 0.807369 0.405142 0.369861 0.663354 0.0416454 0.347843 0.160904 0.572374 0.863825 0.783876 0.746323 0.882741 0.580532 0.337005 0.439154 0.311666 0.435672 0.0936844 0.931036 0.00161373 0.317393 0.00841593 0.573911 0.899588 0.984473 0.013077 0.179995 0.589729 0.112135 0.0126912 0.783466 0.261653 0.564157 0.545263 0.394813 0.302398 0.972092 0.797976 0.872932 0.163741 0.923243 0.262046 0.203867 0.269037 0.966144 0.511821 
0.747557 0.606664 0.571223 0.540446 0.65691 0.672704 0.292088 0.338007 0.881713 0.753289 0.387636 0.503982 0.316551 0.761391 0.522098 0.23386 0.0666705 0.224923 0.602514 0.933366 0.905693 0.694997 0.00691849 0.474184 0.25629 0.514806 0.730025 0.232862 0.478488 0.990724 0.181185 0.707521 0.168706 0.940016 0.320454 0.452512 0.67075 0.691328 0.451319 0.373421 0.1614 0.612671 0.757222 0.172413 0.799236 0.789049 0.194295 0.434967 0.336674 0.434177 0.680639 0.805507 0.34184 0.865173 0.146548 0.627356 0.32809 0.351616 0.0742072 0.251307 0.833611 0.0133089 0.752287 0.000663737 
0.271321 0.356008 0.910897 0.728817 0.462377 0.906443 0.347932 0.0526435 0.606153 0.679975 0.565635 0.614873 0.43183 0.502265 0.894309 0.446323 0.287919 0.977468 0.160549 0.772578 0.813733 0.612868 0.759144 0.393239 0.064696 0.356109 0.315157 0.79781 0.484172 0.131661 0.498229 0.139437 0.436825 0.443277 0.752293 0.514391 0.105562 0.126884 0.468138 0.246755 0.879287 0.778628 0.550596 0.337537 0.62168 0.634921 0.113034 0.521935 0.95335 0.13626 0.586709 0.586083 0.117611 0.181948 0.544141 0.186144 0.93749 0.574951 0.206153 0.509733 0.284104 0.803599 0.292961 0.974205 
0.83298 0.672317 0.00581949 0.271976 0.871761 0.863338 0.8396 0.738887 0.0247085 0.210356 0.968689 0.956006 0.194476 0.790881 0.715884 0.0485605 0.233554 0.564412 0.69998 0.240492 0.140171 0.473517 0.985182 0.841835 0.294097 0.483074 0.921842 0.113732 0.664036 0.732278 0.349147 0.268987 0.754275 0.973914 0.419029 0.75663 0.664362 0.271171 0.975217 0.126579 0.571285 0.920996 0.456616 0.267336 0.392726 0.751648 0.544903 0.906427 0.641643 0.602031 0.0514667 0.652557 0.394501 0.154715 0.56878 0.0395935 0.686846 0.241309 0.810331 0.176948 0.599983 0.774214 0.0190257 0.538408 
0.752674 0.744478 0.400963 0.344231 0.789451 0.533968 0.244949 0.160656 0.863664 0.548927 0.203943 0.493239 0.470087 0.289156 0.451474 0.509111 0.41386 0.0689084 0.724772 0.754921 0.399535 0.689174 0.114358 0.990398 0.018173 0.380322 0.0760654 0.61363 0.165715 0.0789359 0.0263655 0.377147 0.872498 0.726602 0.950277 0.877025 0.662191 0.244537 0.17676 0.963208 0.193732 0.352812 0.538408 0.169568 0.44247 0.996941 0.380055 0.788273 0.260705 0.0712904 0.860118 0.599803 0.152975 0.55076 0.0879736 0.959281 0.674452 0.514968 0.589599 0.643815 0.544833 0.719819 0.581411 0.0362881 
0.759229 0.12463 0.344166 0.184845 0.250489 0.111942 0.253153 0.0807339 0.609905 0.0439042 0.446968 0.120166 0.94284 0.298077 0.281479 0.465927 0.999394 0.1972 0.0681107 0.679646 0.561344 0.947843 0.396936 0.937419 0.0944248 0.179435 0.117908 0.970432 0.144797 0.364485 0.0637793 0.383035 0.388175 0.698048 0.969816 0.541492 0.695077 0.133581 0.473429 0.156975 0.56001 0.143651 0.356206 0.619485 0.414752 0.110477 0.022553 0.3602 0.557897 0.33643 0.926528 0.285413 0.588263 0.597822 0.419551 0.0774555 0.239879 0.88047 0.972706 0.0607516 0.481917 0.406619 0.290726 0.803691 
0.409495 0.699695 0.870791 0.670876 0.368615 0.880884 0.138512 0.289267 0.787298 0.183786 0.902353 0.938518 0.30712 0.240092 0.0165027 0.657114 0.606907 0.86644 0.313934 0.387115 0.873973 0.942374 0.287075 0.835589 0.405327 0.015986 0.984115 0.797533 0.825588 0.842481 0.123097 0.133153 0.182521 0.734677 0.0726139 0.753308 0.801063 0.904687 0.176096 0.727687 0.545513 0.0496205 0.304806 0.199489 0.125862 0.112564 0.630765 0.767772 0.215619 0.668061 0.95503 0.76989 0.754106 0.971182 0.993711 0.792524 0.646701 0.919687 0.203703 0.760777 0.837469 0.790038 0.297853 0.554624 
0.297389 0.686679 0.835903 0.0772098 0.628404 0.963623 0.796639 0.0991441 0.762472 0.704337 0.894732 0.435784 0.227803 0.560659 0.575168 0.146333 0.936368 0.265863 0.908495 0.136469 0.178399 0.399947 0.141016 0.214262 0.296346 0.666897 0.124361 0.366184 0.490545 0.113553 0.339902 0.202295 0.0466667 0.0821838 0.237026 0.342599 0.403569 0.222169 0.42991 0.999703 0.583674 0.614723 0.425718 0.271689 0.0177086 0.504249 0.581969 0.24441 0.934412 0.707866 0.688898 0.351132 0.337975 0.415927 0.870182 0.431979 0.259059 0.31418 0.759465 0.307645 0.723189 0.421367 0.0397225 0.241921 
0.868373 0.130161 0.139186 0.839419 0.982672 0.875284 0.814145 0.608358 0.648032 0.345347 0.855826 0.0417276 0.402657 0.195824 0.683514 0.148023 0.592875 0.43559 0.691618 0.934971 0.120725 0.741684 0.669731 0.554901 0.938914 0.449742 0.826263 0.206959 0.381941 0.816241 0.544767 0.535414 0.519099 0.154748 0.897546 0.422313 0.382075 0.7222 0.0738325 0.975659 0.717788 0.272514 0.259252 0.713031 0.0927773 0.657249 0.510827 0.940151 0.0212266 0.815399 0.997959 0.670687 0.471058 0.0507611 0.453748 0.870364 0.884103 0.270464 0.140461 0.404414 0.310478 0.968492 0.819091 0.997669 
0.938245 0.778262 0.232811 0.843638 0.924114 0.208187 0.693834 0.756955 0.121099 0.62454 0.786611 0.187669 0.556004 0.0167596 0.734198 0.808504 0.783933 0.720984 0.199252 0.210854 0.776916 0.672309 0.428029 0.644449 0.728302 0.298877 0.411301 0.613765 0.025948 0.429195 0.336486 0.322078 0.111842 0.468594 0.975692 0.771042 0.301552 0.0123514 0.496202 0.155583 0.0179868 0.60062 0.137057 0.151884 0.211395 0.830892 0.353838 0.150509 0.324977 0.936183 0.630699 0.411601 0.460923 0.903854 0.475299 0.47456 0.961468 0.877267 0.734656 0.0623452 0.892268 0.784259 0.737575 0.498387 
0.141204 0.132675 0.252992 0.584485 0.347764 0.802761 0.997118 0.245357 0.670419 0.967409 0.359884 0.397655 0.0281861 0.66574 0.490739 0.936317 0.302684 0.763699 0.975396 0.178182 0.0456396 0.945136 0.751234 0.937504 0.301815 0.911984 0.814721 0.953464 0.349967 0.952253 0.0453737 0.401031 0.122496 0.250365 0.094635 0.600549 0.867199 0.32493 0.546275 0.645279 0.910114 0.624709 0.275182 0.552699 0.216011 0.737471 0.599262 0.18561 0.798899 0.115791 0.422404 0.755219 0.298525 0.626198 0.899156 0.67328 0.11079 0.339111 0.11379 0.102991 0.551657 0.109188 0.550342 0.421636 
