19.2236 0101001100100101100111101110101111001011000101000001010111111010010100001100010010011101001101101010
79.7227 0000000010111101110000111011000010001100011001100001111101010101110011011111111111111111000000001011
0.294434 0.0528546 0.317488 0.983949 0.50902 0.787181 0.474051 0.618722 0.274628 0.559965 0.020308 0.66455 0.402228 0.901245 0.73884 0.274779 0.484585 0.535038 0.955911 0.454974 0.347483 0.562434 0.512302 0.346392 0.344843 0.946235 0.920287 0.95343 0.93486 0.108942 0.18826 0.361665 0.937583 0.0704568 0.534294 0.386972 0.335995 0.237218 0.524691 0.318198 0.764793 0.262959 0.684342 0.469735 0.584986 0.612879 0.823113 0.163884 0.636885 0.849506 0.289695 0.0506992 0.999628 0.359045 0.491042 0.436456 0.772851 0.629497 0.473185 0.545587 0.431471 0.463185 0.70975 0.0376787 
0.518812 0.103435 0.607672 0.563208 0.439692 0.281178 0.347788 0.991164 0.74638 0.875124 0.931552 0.554986 0.889329 0.182827 0.315075 0.0740697 0.324924 0.934961 0.943412 0.083545 0.19501 0.281452 0.182915 0.89337 0.669974 0.172866 0.842438 0.580547 0.157307 0.135458 0.584767 0.161339 0.367074 0.964952 0.729677 0.728044 0.50741 0.126605 0.0842117 0.400584 0.985782 0.323902 0.389171 0.387857 0.218614 0.123278 0.355293 0.617763 0.318937 0.635282 0.329233 0.565901 0.934966 0.818186 0.632151 0.755268 0.531461 0.725055 0.286674 0.697923 0.898155 0.985929 0.99722 0.584578 
0.904388 0.019393 0.51943 0.262416 0.658025 0.651695 0.516594 0.336975 0.614733 0.831379 0.15977 0.282403 0.181454 0.736098 0.771916 0.694767 0.35238 0.800405 0.309568 0.0680856 0.624236 0.154899 0.343182 0.60277 0.86781 0.927456 0.708005 0.922457 0.953975 0.858197 0.961826 0.720983 0.219252 0.0788226 0.405835 0.786209 0.613475 0.72156 0.130368 0.987113 0.29665 0.232933 0.160799 0.684817 0.993236 0.0570271 0.502744 0.317845 0.771825 0.146098 0.776871 0.357507 0.0306864 0.869808 0.781846 0.168052 0.949008 0.952734 0.057393 0.296965 0.652201 0.920457 0.0310419 0.622137 
0.0581626 0.763349 0.286828 0.458453 0.91519 0.013045 0.503601 0.0753777 0.327653 0.0341117 0.0932055 0.672161 0.995096 0.792153 0.0884778 0.515679 0.89882 0.303351 0.807692 0.384761 0.318806 0.372687 0.60473 0.308925 0.951163 0.376864 0.4401 0.292273 0.579087 0.262043 0.68995 0.648695 0.875414 0.598463 0.871693 0.930364 0.179547 0.366098 0.247766 0.304283 0.180965 0.856123 0.00125922 0.976872 0.557085 0.282671 0.237837 0.510098 0.60001 0.16651 0.415707 0.194667 0.637033 0.450434 0.335397 0.285932 0.0934911 0.120528 0.299303 0.178932 0.376842 0.695657 0.391881 0.415747 
0.652871 0.95395 0.973896 0.427751 0.113084 0.933025 0.205893 0.334166 0.970253 0.465285 0.351723 0.922902 0.195996 0.452268 0.0448623 0.637633 0.852493 0.822194 0.436691 0.714153 0.13011 0.651351 0.933131 0.493714 0.815529 0.0502304 0.0516024 0.09535 0.0693002 0.511606 0.071702 0.396414 0.0462659 0.191875 0.694286 0.631015 0.843032 0.106887 0.903699 0.330798 0.927091 0.692915 0.130928 0.495695 0.09492 0.765554 0.173682 0.218275 0.498236 0.0491302 0.595538 0.827291 0.592742 0.991754 0.686243 0.211853 0.265808 0.0338783 0.0906065 0.929504 0.650502 0.301624 0.0815244 0.0904621 
0.82285 0.439043 0.311219 0.991089 0.374505 0.497121 0.112479 0.0332804 0.626984 0.340216 0.269131 0.194419 0.499451 0.991767 0.662344 0.900672 0.972993 0.19419 0.0153632 0.451367 0.913359 0.861836 0.931982 0.033168 0.916257 0.106541 0.169535 0.950942 0.828094 0.868624 0.917181 0.471198 0.483427 0.0238061 0.74462 0.440669 0.620214 0.445639 0.700632 0.998752 0.819659 0.675045 0.338756 0.68136 0.471694 0.0807275 0.749953 0.669697 0.0227664 0.0643599 0.805656 0.615859 0.502077 0.492525 0.235699 0.700603 0.868118 0.661332 0.590831 0.129605 0.749766 0.630074 0.796812 0.359364 
0.23009 0.518613 0.0208372 0.939044 0.247997 0.119864 0.303464 0.0659785 0.136998 0.888298 0.115802 0.865147 0.129097 0.911259 0.366299 0.511118 0.726889 0.0464425 0.522766 0.738181 0.497335 0.624861 0.28244 0.852238 0.572467 0.595379 0.74999 0.229591 0.0787907 0.460565 0.261438 0.715832 0.30939 0.919636 0.522302 0.477241 0.668976 0.913402 0.518657 0.830613 0.131509 0.00313181 0.476363 0.754209 0.546703 0.606147 0.944662 0.865507 0.124754 0.886155 0.72295 0.796748 0.0407057 0.25887 0.893246 0.93906 0.567963 0.736715 0.844833 0.789601 0.832146 0.511966 0.427115 0.0539501 
0.16424 0.421767 0.624245 0.165248 0.9728 0.168134 0.452089 0.480852 0.0783367 0.454638 0.0186201 0.753713 0.787907 0.0549136 0.212113 0.520987 0.166076 0.877653 0.209463 0.325532 0.633913 0.614124 0.911057 0.975734 0.291049 0.938587 0.768362 0.703005 0.139714 0.767298 0.179409 0.438896 0.66546 0.983288 0.317932 0.995639 0.151795 0.163649 0.88929 0.495226 0.805606 0.622849 0.766186 0.858092 0.812693 0.643115 0.614226 0.340738 0.565654 0.24078 0.730156 0.403819 0.517373 0.645809 0.569733 0.812953 0.412662 0.758586 0.177384 0.0546899 0.528972 0.0609021 0.866173 0.370781 
0.154008 0.496243 0.161355 0.0603271 0.350462 0.56703 0.468414 0.251834 0.431961 0.220987 0.0737592 0.59365 0.434769 0.329618 0.199889 0.133102 0.850174 0.151711 0.902924 0.575304 0.293978 0.749391 0.651962 0.683351 0.918146 0.127464 0.903686 0.257631 0.350524 0.284479 0.251659 0.224608 0.499172 0.533212 0.197874 0.864833 0.901709 0.369074 0.185331 0.274773 0.545005 0.0610669 0.629063 0.0427364 0.659038 0.252856 0.0425755 0.808083 0.593505 0.795721 0.532606 0.462022 0.260419 0.727356 0.170273 0.155951 0.057275 0.0885417 0.723413 0.335664 0.0661889 0.276056 0.398888 0.452209 
0.718502 0.689059 0.973798 0.0541002 0.964754 0.179135 0.766918 0.256683 0.54695 0.609052 0.205637 0.774296 0.584436 0.0366649 0.243878 0.560418 0.962045 0.411303 0.159786 0.259626 0.893811 0.369486 0.190446 0.0966976 0.439703 0.645437 0.446148 0.631511 0.361161 0.964865 0.922269 0.588058 0.854315 0.914826 0.799483 0.565328 0.191342 0.607173 0.0329838 0.586163 0.838088 0.0324418 0.843417 0.476335 0.0458114 0.604795 0.460604 0.566139 0.568832 0.594373 0.510474 0.0536752 0.755623 0.73023 0.453357 0.681925 0.323249 0.500349 0.198941 0.227559 0.213122 0.325596 0.158383 0.120698 
0.575336 0.650227 0.349227 0.114565 0.91999 0.147928 0.771481 0.303308 0.238827 0.632268 0.128831 0.539271 0.446862 0.804247 0.838292 0.382127 0.480111 0.670525 0.785705 0.385651 0.945947 0.581154 0.503105 0.809171 0.874869 0.698175 0.844255 0.618086 0.539876 0.340182 0.417911 0.331352 0.22706 0.839959 0.0306411 0.32816 0.91646 0.0714668 0.541794 0.23682 0.540857 0.185318 0.715491 0.673575 0.763504 0.0247619 0.281856 0.434387 0.423503 0.384015 0.558688 0.507842 0.245574 0.604122 0.384398 0.713747 0.184243 0.303858 0.847658 0.734727 0.770294 0.531333 0.630708 0.647605 
0.370738 0.534069 0.505241 0.325458 0.936357 0.724663 0.864732 0.57735 0.224907 0.894263 0.915688 0.150182 0.454982 0.139768 0.566579 0.458037 0.0120091 0.468968 0.0225546 0.713597 0.0915468 0.0800701 0.797408 0.132381 0.616863 0.139715 0.758866 0.757917 0.031113 0.743881 0.541621 0.777479 0.605606 0.763772 0.010112 0.480582 0.832967 0.902874 0.828822 0.606394 0.521483 0.432952 0.713956 0.297906 0.451114 0.212278 0.857656 0.853298 0.237717 0.426207 0.504836 0.081269 0.618536 0.335982 0.640233 0.809113 0.0201411 0.509059 0.301068 0.776981 0.0426501 0.837172 0.587474 0.550571 
0.872543 0.967845 0.491978 0.906217 0.12755 0.443895 0.97042 0.148791 0.117773 0.179721 0.303056 0.811788 0.00288993 0.875255 0.0759395 0.00273428 0.0637798 0.297769 0.831072 0.111178 0.131237 0.824101 0.286171 0.532523 0.239416 0.920447 0.31732 0.29037 0.905477 0.546741 0.846476 0.277192 0.465288 0.147893 0.601844 0.637906 0.431509 0.230224 0.000294253 0.976429 0.765544 0.356153 0.741927 0.756894 0.738564 0.522527 0.426944 0.931854 0.190692 0.366706 0.150835 0.870638 0.212778 0.581521 0.410297 0.738869 0.402993 0.626563 0.378991 0.091346 0.607594 0.7622 0.471542 0.436216 
0.839998 0.730819 0.445166 0.820915 0.417297 0.284347 0.786703 0.800211 0.753173 0.382579 0.770143 0.612662 0.982978 0.615362 0.507118 0.382749 0.272562 0.0831673 0.274285 0.826333 0.181278 0.911855 0.414893 0.941633 0.593477 0.0599633 0.410207 0.467883 0.395773 0.341116 0.363326 0.669876 0.475521 0.100531 0.044776 0.485565 0.0273479 0.56327 0.806443 0.636588 0.390066 0.0503497 0.668815 0.153907 0.571433 0.19692 0.909175 0.719467 0.399632 0.0461907 0.182499 0.851752 0.721133 0.781512 0.806669 0.290556 0.685548 0.652055 0.473448 0.107555 0.369999 0.348818 0.996229 0.91881 
0.514626 0.095754 0.895109 0.666977 0.413179 0.967011 0.665675 0.278406 0.459542 0.447909 0.139577 0.73131 0.243082 0.823778 0.726386 0.117408 0.52203 0.350034 0.918209 0.995182 0.490158 0.104873 0.706711 0.303395 0.43951 0.0444833 0.749346 0.896398 0.887494 0.130972 0.963138 0.70575 0.589193 0.728746 0.515278 0.568168 0.61736 0.339553 0.900006 0.286066 0.431713 0.873328 0.961323 0.764453 0.550562 0.499101 0.158762 0.0114933 0.451047 0.515676 0.770491 0.817686 0.532683 0.156573 0.841405 0.392553 0.353626 0.0819921 0.294078 0.218487 0.89247 0.880807 0.713642 0.458191 
0.810435 0.550916 0.39346 0.970981 0.161552 0.0910359 0.230958 0.501056 0.0913466 0.959776 0.98351 0.955339 0.486674 0.365744 0.93548 0.156571 0.446226 0.452662 0.761058 0.668777 0.813931 0.861616 0.446545 0.385747 0.68721 0.686008 0.84233 0.845802 0.794045 0.204433 0.238339 0.891436 0.325114 0.230718 0.992998 0.685363 0.0602659 0.938754 0.283613 0.0659564 0.634266 0.899179 0.818034 0.180511 0.216943 0.494605 0.966428 0.965562 0.911794 0.257087 0.374778 0.0501132 0.0792358 0.376603 0.290921 0.335578 0.84191 0.572161 0.470102 0.224437 0.526038 0.781978 0.921313 0.607025 
0.368965 0.202787 0.466809 0.21959 0.100166 0.973994 0.785909 0.0206254 0.300889 0.397984 0.932274 0.490765 0.34141 0.554319 0.370659 0.289394 0.579565 0.454393 0.936484 0.438044 0.650135 0.582396 0.213834 0.997376 0.991738 0.323465 0.0774968 0.534532 0.956103 0.478039 0.816451 0.408304 0.866207 0.414183 0.609552 0.774906 0.193974 0.582198 0.282899 0.141239 0.534512 0.874086 0.435976 0.283686 0.665106 0.825512 0.104296 0.070357 0.936858 0.674546 0.905897 0.305836 0.139992 0.0137565 0.708878 0.529222 0.645727 0.0261098 0.869977 0.408097 0.455203 0.541362 0.639246 0.598604 
0.807417 0.62656 0.171313 0.596267 0.292292 0.271242 0.791454 0.585673 0.910556 0.978284 0.146054 0.674205 0.349133 0.169459 0.132569 0.0212511 0.259566 0.900108 0.852482 0.327046 0.613974 0.0789061 0.360262 0.526477 0.524607 0.963312 0.635639 0.20636 0.0504908 0.573874 0.521929 0.372358 0.887858 0.140808 0.532926 0.74486 0.0180889 0.205271 0.229859 0.723078 0.164823 0.266351 0.769721 0.16788 0.635449 0.784724 0.62602 0.0416273 0.107967 0.231006 0.34062 0.367943 0.405901 0.358733 0.616263 0.117735 0.137044 0.119112 0.223347 0.774404 0.673986 0.419938 0.500509 0.406114 
0.447076 0.0339514 0.737073 0.555776 0.598977 0.610594 0.122815 0.360692 0.850759 0.94088 0.978363 0.547404 0.482401 0.0954484 0.413832 0.852544 0.504225 0.480345 0.377733 0.24733 0.641242 0.326214 0.201513 0.262899 0.192428 0.259257 0.6448 0.110299 0.577961 0.482493 0.0808054 0.827119 0.766412 0.597216 0.782843 0.0273506 0.51759 0.758483 0.513576 0.241049 0.475857 0.207248 0.969047 0.906722 0.940348 0.733731 0.674602 0.841585 0.663526 0.963151 0.853916 0.814483 0.528213 0.187782 0.444942 0.656814 0.202233 0.788866 0.75441 0.0495411 0.710496 0.179904 0.698681 0.0934121 
0.896501 0.410015 0.957361 0.743435 0.175101 0.451469 0.0792019 0.910576 0.150422 0.0735847 0.309227 0.55049 0.319995 0.775255 0.655459 0.541835 0.954454 0.790022 0.765183 0.685816 0.0853016 0.963405 0.979767 0.440174 0.369884 0.0263725 0.846273 0.269159 0.108538 0.8207 0.596516 0.222141 0.754369 0.0205163 0.752867 0.854889 0.00333036 0.533282 0.922594 0.517037 0.580299 0.239496 0.108439 0.60182 0.105328 0.846992 0.387161 0.394103 0.795385 0.654066 0.686342 0.386813 0.868649 0.166935 0.133489 0.832464 0.0737725 0.609691 0.696867 0.75558 0.437528 0.136678 0.29744 0.0916005 
0.0138275 0.33467 0.750113 0.472357 0.712754 0.157722 0.319063 0.663004 0.725674 0.807323 0.745856 0.114684 0.757292 0.67189 0.902968 0.0940794 0.17777 0.139857 0.436816 0.650283 0.760172 0.0196778 0.306115 0.838838 0.943258 0.54141 0.51862 0.299683 0.616184 0.999949 0.740404 0.818831 0.719452 0.667378 0.104263 0.268485 0.00404882 0.710859 0.914825 0.977149 0.449951 0.376171 0.0107206 0.192909 0.296805 0.317732 0.602264 0.0337204 0.499628 0.915053 0.630181 0.101925 0.514154 0.40431 0.23491 0.028022 0.833707 0.391955 0.265999 0.0503681 0.115568 0.24094 0.923169 0.592706 
0.45353 0.608414 0.526307 0.0207474 0.647157 0.310194 0.224589 0.744425 0.553922 0.817534 0.196426 0.264204 0.313376 0.902897 0.112164 0.243056 0.679277 0.743453 0.729747 0.406164 0.41588 0.870229 0.226993 0.480317 0.754744 0.227332 0.497312 0.203717 0.699004 0.973208 0.173467 0.48371 0.72447 0.744897 0.135617 0.0281085 0.917471 0.476622 0.828863 0.405327 0.762997 0.329235 0.246828 0.110854 0.68432 0.383411 0.188802 0.901076 0.295375 0.0464277 0.876047 0.702817 0.315823 0.124932 0.866886 0.765209 0.267926 0.335259 0.535567 0.787006 0.749442 0.181718 0.323293 0.545443 
0.300427 0.21535 0.31219 0.23317 0.0780645 0.197246 0.0898458 0.820604 0.616344 0.0480565 0.913876 0.267876 0.424679 0.966883 0.391659 0.105237 0.407779 0.228898 0.702223 0.86984 0.704833 0.693032 0.558311 0.363283 0.917533 0.850738 0.476242 0.488773 0.89507 0.165708 0.6911 0.559571 0.00628103 0.583687 0.933417 0.936644 0.35919 0.25756 0.920106 0.802489 0.90138 0.864747 0.959228 0.453714 0.912283 0.345491 0.202797 0.511956 0.665832 0.993288 0.47886 0.779395 0.125011 0.888775 0.99741 0.0312454 0.759602 0.805643 0.435867 0.930354 0.429562 0.672492 0.901315 0.311086 
0.591602 0.975909 0.995071 0.561024 0.00417104 0.500686 0.916709 0.418054 0.431243 0.795758 0.397696 0.46664 0.366239 0.683121 0.196152 0.60645 0.110158 0.0446267 0.40025 0.628907 0.435249 0.325847 0.20299 0.90114 0.971607 0.650767 0.98039 0.409536 0.790069 0.509195 0.589828 0.322652 0.366308 0.366149 0.046061 0.0343207 0.981912 0.517304 0.244673 0.944348 0.771725 0.548467 0.77263 0.438747 0.750796 0.582795 0.428794 0.091141 0.110364 0.998658 0.538626 0.0207142 0.496684 0.557177 0.495245 0.696526 0.153199 0.388043 0.739572 0.0240526 0.736756 0.0390892 0.453769 0.517709 
0.335113 0.811516 0.297227 0.306497 0.423775 0.532467 0.423076 0.401305 0.843035 0.249189 0.714896 0.471477 0.688243 0.525957 0.425301 0.799603 0.249414 0.995739 0.917035 0.285375 0.651714 0.0414981 0.304571 0.0278935 0.240039 0.212941 0.357207 0.648632 0.389258 0.333541 0.978703 0.985477 0.827426 0.0147866 0.618181 0.763104 0.254964 0.741356 0.0794703 0.351856 0.306367 0.923152 0.821171 0.292856 0.971692 0.970814 0.387681 0.204514 0.953792 0.695217 0.95398 0.390861 0.00738322 0.437784 0.523924 0.567984 0.845469 0.774869 0.0194404 0.663926 0.971123 0.359347 0.186192 0.162464 
0.206134 0.907911 0.800525 0.621955 0.198898 0.515713 0.611709 0.352243 0.534082 0.998725 0.701323 0.208332 0.772803 0.0475272 0.221191 0.722801 0.728199 0.640224 0.781353 0.129491 0.701215 0.88041 0.224911 0.862212 0.964692 0.0382065 0.740781 0.137371 0.237141 0.341647 0.361038 0.521438 0.578562 0.111795 0.868179 0.397329 0.906899 0.109602 0.0826423 0.989356 0.788247 0.721386 0.0709612 0.76491 0.342084 0.98943 0.51295 0.987251 0.644015 0.802368 0.206315 0.594835 0.56542 0.109226 0.347204 0.250184 0.723183 0.41247 0.586622 0.798574 0.492202 0.532295 0.816688 0.341865 
0.904906 0.913092 0.305077 0.222972 0.598469 0.549821 0.00795772 0.464335 0.0714234 0.801989 0.0434838 0.290111 0.706188 0.164348 0.231196 0.0746336 0.53869 0.364991 0.253974 0.341236 0.509179 0.335501 0.728271 0.812495 0.341899 0.340658 0.918112 0.657675 0.119414 0.124438 0.44855 0.735353 0.594207 0.953169 0.257779 0.807985 0.566022 0.727557 0.134489 0.199768 0.680575 0.599274 0.360806 0.329275 0.331063 0.570159 0.628289 0.385234 0.631873 0.470563 0.624556 0.305052 0.528261 0.324663 0.893229 0.819994 0.784812 0.212033 0.230943 0.521703 0.734364 0.54458 0.566628 0.184157 
0.295737 0.000755578 0.468178 0.937068 0.243995 0.58717 0.0740764 0.432393 0.503749 0.736737 0.70794 0.781725 0.819131 0.966981 0.609065 0.975937 0.762885 0.68978 0.401605 0.810233 0.225584 0.474552 0.666585 0.0579996 0.309753 0.245844 0.0600725 0.390697 0.58933 0.857635 0.441549 0.618414 0.813173 0.924181 0.873344 0.355685 0.980792 0.64215 0.399447 0.0978559 0.230169 0.896099 0.0717113 0.740146 0.493939 0.806547 0.227237 0.882868 0.793784 0.267314 0.92556 0.920667 0.23782 0.885988 0.62574 0.713273 0.680228 0.323624 0.266826 0.59677 0.675597 0.618858 0.918876 0.0595263 
0.675384 0.456707 0.989512 0.731338 0.36307 0.41985 0.171623 0.19313 0.804355 0.697955 0.387811 0.257256 0.856568 0.244309 0.711036 0.416551 0.832848 0.392468 0.164656 0.626206 0.824686 0.12164 0.0504646 0.398226 0.687533 0.714371 0.893925 0.696541 0.570814 0.12564 0.123446 0.862926 0.164603 0.781382 0.248926 0.651069 0.784978 0.697308 0.298381 0.379284 0.611684 0.561907 0.208258 0.374137 0.322366 0.569288 0.325518 0.0904057 0.962988 0.341637 0.757978 0.400558 0.156263 0.85266 0.226152 0.0455282 0.813695 0.895121 0.478503 0.547959 0.541108 0.341959 0.403069 0.0809596 
0.81536 0.0552441 0.393756 0.291231 0.581513 0.440559 0.327307 0.87369 0.0224275 0.588447 0.862917 0.487486 0.971332 0.66682 0.110638 0.616927 0.0671401 0.507729 0.727021 0.50042 0.329421 0.920394 0.170164 0.838358 0.46425 0.333838 0.632992 0.989906 0.5103 0.03627 0.0526586 0.02928 0.416858 0.929569 0.0687742 0.199402 0.220017 0.761619 0.0408578 0.565976 0.779066 0.923042 0.61108 0.722817 0.509406 0.843086 0.3003 0.26809 0.314964 0.282241 0.203712 0.410475 0.782329 0.0569066 0.0599207 0.73958 0.698339 0.440522 0.907605 0.706248 0.825766 0.175594 0.14621 0.261039 
0.0896702 0.413852 0.589054 0.900951 0.610218 0.363821 0.172195 0.792146 0.444625 0.502592 0.54469 0.638232 0.724608 0.191191 0.163443 0.252389 0.266134 0.81533 0.932348 0.506396 0.815805 0.868058 0.199096 0.276484 0.209149 0.932417 0.662327 0.147809 0.395263 0.337131 0.253114 0.841224 0.665321 0.16082 0.976711 0.37515 0.799165 0.79439 0.748169 0.143155 0.431002 0.283802 0.720684 0.658795 0.176357 0.0230294 0.506089 0.072918 0.317556 0.775864 0.461087 0.480115 0.24229 0.494228 0.841851 0.496986 0.00796493 0.673129 0.274917 0.458354 0.599977 0.65929 0.129177 0.917897 
0.601849 0.177475 0.415559 0.659788 0.651961 0.00464652 0.625513 0.349067 0.224702 0.0223899 0.46448 0.239551 0.703553 0.854379 0.343084 0.354605 0.497114 0.823398 0.723561 0.0911828 0.0130582 0.174633 0.225262 0.162827 0.858936 0.0434153 0.49381 0.523575 0.329794 0.063292 0.77052 0.336494 0.853227 0.244238 0.869713 0.671445 0.551754 0.0279202 0.0786701 0.360791 0.407542 0.393551 0.613443 0.326185 0.672908 0.427705 0.0425112 0.925914 0.690024 0.781685 0.171234 0.200111 0.91287 0.462858 0.107322 0.754671 0.143922 0.0728842 0.724132 0.837694 0.0566882 0.335652 0.891448 0.374078 
0.937833 0.376855 0.97722 0.75212 0.180971 0.040814 0.366161 0.871214 0.898665 0.721152 0.928587 0.787809 0.457868 0.324253 0.0460586 0.561471 0.326596 0.225405 0.143829 0.0817396 0.0366339 0.36642 0.744518 0.16152 0.875487 0.0220091 0.916762 0.789722 0.592028 0.307857 0.382093 0.330712 0.159823 0.121623 0.922016 0.932459 0.858199 0.921619 0.794985 0.0445169 0.491132 0.498753 0.307539 0.528505 0.372575 0.50455 0.58537 0.997123 0.81055 0.200538 0.0832872 0.157377 0.6006 0.10617 0.364638 0.208635 0.433395 0.838034 0.770566 0.244807 0.308473 0.613844 0.16079 0.507051 
0.274755 0.535753 0.522653 0.200572 0.61305 0.261809 0.560716 0.825588 0.600064 0.937861 0.330047 0.613816 0.148351 0.485949 0.588331 0.709632 0.135569 0.274793 0.272531 0.569154 0.532799 0.647288 0.0815098 0.873708 0.286512 0.253555 0.855165 0.846569 0.483278 0.890488 0.629016 0.154533 0.0198131 0.285473 0.874706 0.40336 0.474457 0.176961 0.955538 0.753796 0.0497637 0.369362 0.917482 0.679177 0.485607 0.360569 0.00997425 0.825712 0.937752 0.40139 0.111954 0.251816 0.570175 0.764251 0.412811 0.00480867 0.635047 0.354396 0.977148 0.436274 0.664884 0.277498 0.766873 0.622276 
0.245676 0.169466 0.433621 0.453882 0.88031 0.660293 0.0207448 0.791707 0.604605 0.442858 0.872204 0.0967892 0.983971 0.540215 0.714964 0.370342 0.630595 0.287551 0.706235 0.703692 0.145225 0.754886 0.691711 0.661713 0.63745 0.301174 0.537394 0.988352 0.70645 0.247574 0.788472 0.773208 0.0207426 0.247331 0.881304 0.0846979 0.353993 0.811688 0.780542 0.395679 0.711205 0.552193 0.429916 0.84498 0.961342 0.520765 0.380137 0.52937 0.0857899 0.829551 0.561731 0.913927 0.731694 0.755939 0.238391 0.730474 0.823156 0.737759 0.644099 0.0471073 0.0733551 0.213119 0.366263 0.0681724 
0.103352 0.904486 0.489787 0.509517 0.22445 0.378544 0.407457 0.837653 0.0463167 0.723357 0.258747 0.0829689 0.0824853 0.681655 0.502122 0.301852 0.461142 0.859459 0.657211 0.385108 0.186971 0.910534 0.166431 0.85834 0.902845 0.272142 0.322043 0.243194 0.611869 0.544991 0.397958 0.911125 0.555637 0.304532 0.144871 0.404147 0.641051 0.922474 0.370568 0.813346 0.742227 0.901406 0.196654 0.40319 0.803203 0.40055 0.884079 0.789438 0.49093 0.827083 0.718684 0.830019 0.973001 0.612804 0.110859 0.302814 0.568837 0.811028 0.710067 0.73583 0.342584 0.371791 0.0813048 0.0802102 
0.117828 0.348774 0.574424 0.317869 0.172054 0.171671 0.97499 0.683499 0.468757 0.319404 0.396721 0.424738 0.178258 0.550495 0.504711 0.681386 0.46857 0.0362335 0.327962 0.146248 0.564618 0.646587 0.231762 0.95175 0.501793 0.286599 0.339894 0.239518 0.206733 0.442831 0.821853 0.384073 0.157221 0.435549 0.103947 0.388925 0.715817 0.907358 0.395378 0.396529 0.765083 0.380953 0.162293 0.205508 0.134578 0.181164 0.306428 0.733154 0.601302 0.851923 0.660176 0.247395 0.713148 0.0975517 0.862143 0.588156 0.00311977 0.022113 0.656915 0.482786 0.803731 0.70201 0.407898 0.975844 
0.588079 0.200179 0.714033 0.436903 0.582954 0.896671 0.941475 0.878032 0.364169 0.0517831 0.900016 0.722064 0.318343 0.0488011 0.0757178 0.943381 0.38497 0.35533 0.00154319 0.111652 0.57409 0.292247 0.196196 0.955597 0.0533407 0.966098 0.967427 0.335482 0.654465 0.324776 0.71339 0.0802597 0.405943 0.783156 0.589092 0.737771 0.519696 0.741645 0.0378605 0.391182 0.913689 0.577683 0.245229 0.310385 0.433154 0.0817061 0.804833 0.00786599 0.724109 0.351593 0.242657 0.821029 0.0412405 0.0578039 0.996319 0.125505 0.948218 0.405291 0.934256 0.473557 0.598737 0.213273 0.432096 0.25469 
0.629015 0.323563 0.655295 0.255448 0.790349 0.651651 0.912337 0.918971 0.22399 0.130892 0.193296 0.679412 0.25612 0.130756 0.103315 0.923227 0.012117 0.554659 0.829876 0.132269 0.312377 0.209381 0.502254 0.747067 0.291765 0.622864 0.601125 0.66994 0.00900787 0.231812 0.293141 0.533239 0.19893 0.823665 0.216477 0.11204 0.0427765 0.0554803 0.870538 0.354397 0.815191 0.01732 0.369707 0.754991 0.883584 0.957573 0.188439 0.070676 0.216257 0.93509 0.843113 0.35985 0.393092 0.109151 0.497675 0.109653 0.605745 0.594103 0.995808 0.0513295 0.494796 0.188763 0.317753 0.645468 
0.471753 0.485914 0.746374 0.339453 0.806855 0.314009 0.351151 0.731369 0.226211 0.572698 0.331067 0.856676 0.471032 0.68784 0.818317 0.00919872 0.405582 0.329982 0.210419 0.658175 0.335374 0.108916 0.661775 0.27979 0.607297 0.756627 0.269174 0.930214 0.560878 0.726401 0.297188 0.601132 0.446046 0.323929 0.11144 0.39792 0.57365 0.924169 0.911913 0.903406 0.500745 0.644014 0.262087 0.892003 0.746192 0.141433 0.96784 0.235969 0.984849 0.758627 0.99599 0.650816 0.0500112 0.600934 0.833353 0.669677 0.545185 0.824795 0.76506 0.75447 0.702568 0.669165 0.948856 0.173193 
0.430699 0.877723 0.315281 0.788389 0.0633695 0.0431504 0.558106 0.447465 0.555142 0.214919 0.912623 0.327846 0.761865 0.459326 0.785741 0.789417 0.0660286 0.315708 0.185355 0.162709 0.683487 0.955725 0.186663 0.0747526 0.971163 0.373563 0.240066 0.138604 0.514196 0.0209463 0.644143 0.826654 0.483638 0.554958 0.262566 0.474676 0.383892 0.496003 0.184586 0.222846 0.114891 0.187618 0.019797 0.536943 0.421783 0.226603 0.421471 0.602172 0.737404 0.198547 0.206793 0.123204 0.810054 0.660674 0.394592 0.87571 0.945404 0.0810953 0.651246 0.20278 0.223769 0.760754 0.637864 0.0122018 
0.413918 0.986369 0.38736 0.286932 0.346351 0.162636 0.954476 0.184871 0.730353 0.0400952 0.0297963 0.863332 0.293767 0.149795 0.808579 0.608606 0.473837 0.327417 0.048004 0.953359 0.479633 0.333677 0.6329 0.239125 0.219694 0.368185 0.187464 0.128123 0.782442 0.474347 0.666698 0.0817679 0.915215 0.43844 0.741635 0.282824 0.002947 0.0700538 0.80159 0.527124 0.973266 0.429675 0.463299 0.641165 0.759413 0.808572 0.430265 0.384848 0.437001 0.1778 0.29536 0.837584 0.732758 0.820609 0.599632 0.11149 0.641723 0.0932995 0.126554 0.912716 0.686958 0.584409 0.549875 0.150969 
0.0267921 0.794895 0.99438 0.743989 0.812203 0.723706 0.447295 0.366365 0.945942 0.655138 0.948283 0.136564 0.672825 0.0462295 0.0467649 0.596508 0.0821096 0.397202 0.396052 0.696088 0.0865731 0.663202 0.139202 0.521341 0.312108 0.620726 0.806009 0.579317 0.289417 0.225175 0.774564 0.333385 0.266118 0.803268 0.734184 0.484988 0.658422 0.050777 0.974678 0.399622 0.344199 0.725317 0.0146351 0.72178 0.13266 0.486926 0.11434 0.497514 0.0857076 0.179423 0.0456922 0.451913 0.107002 0.660212 0.381011 0.270499 0.426595 0.804274 0.740706 0.771752 0.0594058 0.997541 0.474448 0.248614 
0.641133 0.654473 0.314219 0.853245 0.372647 0.838354 0.973666 0.653317 0.473088 0.028885 0.557011 0.143783 0.825803 0.763324 0.0718139 0.423508 0.455327 0.256567 0.856693 0.538779 0.61081 0.651821 0.728721 0.90129 0.921306 0.975831 0.833051 0.701164 0.603448 0.182301 0.358725 0.449243 0.6549 0.327816 0.152932 0.482075 0.658867 0.0496734 0.670712 0.704278 0.418965 0.220099 0.634134 0.893394 0.167338 0.292182 0.579758 0.071153 0.933924 0.629066 0.619811 0.879707 0.702694 0.741192 0.527809 0.617583 0.052831 0.83918 0.421843 0.567324 0.142969 0.956897 0.036864 0.368702 
0.436188 0.398828 0.476345 0.593994 0.149942 0.768561 0.246548 0.715694 0.837461 0.287119 0.342435 0.320468 0.0407206 0.497618 0.135407 0.864091 0.179664 0.743652 0.129803 0.250298 0.833301 0.854507 0.96834 0.851696 0.948995 0.586363 0.0108117 0.869336 0.0685312 0.95856 0.64656 0.987958 0.113605 0.246926 0.955702 0.69068 0.634055 0.830855 0.489338 0.611413 0.728978 0.092434 0.158019 0.489647 0.103387 0.371487 0.954387 0.922664 0.767175 0.603546 0.922966 0.715996 0.408006 0.579133 0.207625 0.502378 0.489866 0.667446 0.625221 0.305152 0.561437 0.372842 0.465975 0.0624833 
0.257082 0.735651 0.536652 0.0444069 0.977799 0.951458 0.730618 0.178364 0.69005 0.821857 0.655997 0.496732 0.298711 0.674722 0.948697 0.876699 0.766319 0.0713675 0.801992 0.63815 0.771724 0.659155 0.493009 0.476113 0.61324 0.444955 0.933487 0.409134 0.0847654 0.442738 0.797373 0.880622 0.226198 0.389817 0.286609 0.67165 0.235166 0.244248 0.290973 0.00666415 0.0774514 0.289201 0.300221 0.0806205 0.301436 0.635451 0.48784 0.506872 0.937386 0.78984 0.823405 0.572543 0.718091 0.892504 0.628142 0.918691 0.0746981 0.135668 0.354366 0.834616 0.672412 0.178082 0.134038 0.761488 
0.505746 0.171824 0.306129 0.587605 0.898981 0.553409 0.408041 0.979189 0.414933 0.632242 0.565776 0.140509 0.00218467 0.446279 0.551071 0.409114 0.664804 0.104671 0.259264 0.896057 0.533595 0.541737 0.443907 0.27567 0.687735 0.488949 0.56854 0.291171 0.149051 0.635752 0.010396 0.619621 0.507937 0.737443 0.0496291 0.0296189 0.511373 0.04307 0.360511 0.549918 0.0248322 0.0713875 0.920355 0.264279 0.176773 0.290764 0.135576 0.215972 0.00327597 0.377381 0.859269 0.959846 0.107956 0.922898 0.331164 0.784077 0.413275 0.915324 0.159951 0.752068 0.429081 0.727422 0.354273 0.763498 
0.262621 0.824822 0.0235829 0.789997 0.780927 0.703987 0.138726 0.0101795 0.14043 0.0886862 0.65769 0.884842 0.561476 0.853283 0.601632 0.00666946 0.026781 0.610828 0.989053 0.48854 0.624096 0.431391 0.327345 0.167709 0.685508 0.562475 0.54957 0.596064 0.647279 0.291482 0.593954 0.519551 0.153738 0.761467 0.340102 0.857481 0.0077112 0.931373 0.063781 0.529703 0.850162 0.0912486 0.573892 0.007828 0.756952 0.533861 0.590458 0.191943 0.972176 0.728157 0.995389 0.130084 0.705922 0.783537 0.0322258 0.57432 0.0187007 0.0493349 0.819381 0.595334 0.126046 0.321792 0.972656 0.0239984 
0.823371 0.213027 0.122473 0.102807 0.0987525 0.0355994 0.490974 0.93268 0.621122 0.842717 0.832242 0.462959 0.244706 0.677548 0.738182 0.867313 0.643093 0.678007 0.978337 0.359622 0.975315 0.606962 0.650597 0.827274 0.238161 0.0226272 0.210399 0.442966 0.817234 0.862447 0.846122 0.805812 0.689333 0.50446 0.141639 0.412366 0.060544 0.10198 0.683847 0.732839 0.727619 0.836427 0.343203 0.228747 0.0848374 0.768085 0.997534 0.965681 0.00482194 0.562395 0.950437 0.408989 0.789546 0.91226 0.329736 0.147399 0.166397 0.384871 0.702415 0.930891 0.0524752 0.486313 0.163373 0.931595 
0.192207 0.922693 0.402512 0.651266 0.872839 0.247618 0.164436 0.749299 0.615844 0.983681 0.0300229 0.722784 0.394219 0.977528 0.749998 0.991498 0.915803 0.43379 0.981548 0.361623 0.931696 0.544483 0.350905 0.157468 0.817458 0.146222 0.653382 0.492973 0.319016 0.799359 0.865416 0.300135 0.0984245 0.186925 0.110139 0.0905769 0.508498 0.806942 0.623759 0.264315 0.357055 0.0640891 0.185261 0.568735 0.130968 0.416757 0.206645 0.769911 0.0806923 0.720984 0.592357 0.422722 0.885685 0.804311 0.230705 0.269197 0.138371 0.683162 0.302261 0.585104 0.279898 0.762872 0.92584 0.387333 
0.15995 0.00219882 0.483517 0.148292 0.515851 0.0735385 0.949021 0.280615 0.662662 0.448243 0.717499 0.200046 0.508853 0.498126 0.691441 0.755959 0.237928 0.08394 0.0188512 0.607398 0.155976 0.0239208 0.377565 0.598248 0.736224 0.0510507 0.122001 0.482289 0.526688 0.297533 0.746009 0.66216 0.224794 0.236358 0.52731 0.765553 0.181337 0.501301 0.652188 0.995324 0.100617 0.468622 0.570064 0.0302779 0.137059 0.640045 0.24901 0.745202 0.147251 0.423266 0.0228583 0.411794 0.276729 0.896961 0.490846 0.464456 0.579892 0.830752 0.492405 0.923301 0.329947 0.341951 0.433498 0.917852 
0.00544691 0.719882 0.817358 0.38398 0.465953 0.899554 0.920246 0.334026 0.84534 0.679447 0.635479 0.351166 0.59134 0.945217 0.815922 0.468122 0.809829 0.500918 0.245062 0.266876 0.483052 0.910121 0.708663 0.458702 0.942251 0.256761 0.349752 0.586437 0.201505 0.985414 0.27954 0.58585 0.0361359 0.950814 0.693879 0.281857 0.733174 0.826381 0.615064 0.639867 0.107386 0.641994 0.256076 0.0924251 0.392004 0.398142 0.00974797 0.924832 0.417831 0.944097 0.539938 0.0274565 0.0337025 0.865241 0.290793 0.862786 0.135273 0.328495 0.793522 0.17596 0.528961 0.609401 0.860199 0.349174 
0.714066 0.800328 0.0713989 0.272891 0.484056 0.675369 0.890786 0.837062 0.0157347 0.168267 0.644555 0.308608 0.342277 0.988471 0.240731 0.254177 0.793786 0.336249 0.858884 0.246507 0.923659 0.623175 0.908287 0.0448802 0.290797 0.364591 0.776492 0.195084 0.252899 0.928397 0.544806 0.634747 0.252406 0.181889 0.898417 0.712832 0.945698 0.620622 0.233594 0.212294 0.529579 0.643886 0.900982 0.26687 0.132235 0.342043 0.999437 0.836191 0.542575 0.177042 0.399626 0.18532 0.708427 0.194074 0.639631 0.997012 0.124062 0.193393 0.879894 0.793751 0.0407799 0.97983 0.828491 0.267865 
0.810166 0.624193 0.919269 0.413434 0.330943 0.42149 0.853983 0.0972513 0.485966 0.0578602 0.40775 0.751761 0.296604 0.657399 0.442989 0.675025 0.976903 0.0900888 0.857232 0.892847 0.547828 0.298555 0.549855 0.255554 0.736646 0.951295 0.910707 0.218726 0.841082 0.803922 0.0806151 0.663634 0.387646 0.279161 0.573607 0.54408 0.233389 0.641509 0.908229 0.679475 0.679292 0.860228 0.317355 0.956254 0.938353 0.295778 0.812824 0.0673074 0.313699 0.738399 0.0201892 0.585487 0.550025 0.691489 0.0556829 0.566517 0.578449 0.0976442 0.500833 0.0476096 0.294491 0.140136 0.785919 0.0888964 
0.233643 0.29711 0.796966 0.21026 0.389912 0.212545 0.57448 0.241506 0.309125 0.519443 0.818702 0.0258615 0.676733 0.53074 0.292201 0.783835 0.99586 0.318628 0.427729 0.31184 0.670256 0.527472 0.436141 0.802233 0.336204 0.582703 0.881303 0.69331 0.235289 0.564174 0.313471 0.214318 0.00160128 0.995699 0.890908 0.22377 0.956854 0.325879 0.654381 0.709896 0.447239 0.511056 0.650457 0.664622 0.725008 0.364936 0.0107253 0.428215 0.283938 0.751164 0.0697294 0.306192 0.401481 0.522861 0.113047 0.187508 0.602802 0.910868 0.999726 0.92541 0.199341 0.960085 0.82755 0.765571 
0.98047 0.94684 0.625084 0.576569 0.97231 0.538207 0.73472 0.193968 0.217135 0.142022 0.340096 0.863703 0.175733 0.318982 0.257758 0.762301 0.913153 0.326443 0.875134 0.993892 0.909933 0.521648 0.780436 0.170049 0.263589 0.639202 0.998332 0.0231671 0.0245844 0.740139 0.313746 0.732933 0.559114 0.125983 0.787145 0.0446172 0.740587 0.0488903 0.518109 0.105012 0.560856 0.723586 0.84609 0.219852 0.639963 0.964144 0.875408 0.284261 0.181441 0.156259 0.877439 0.819824 0.231624 0.239798 0.543193 0.192685 0.609231 0.421072 0.722361 0.051207 0.893036 0.487071 0.400393 0.26519 
0.44665 0.129007 0.286569 0.896277 0.732784 0.263197 0.15408 0.398643 0.761886 0.29711 0.538235 0.862273 0.484732 0.112618 0.963741 0.870847 0.815627 0.323814 0.473287 0.610912 0.231302 0.692896 0.387719 0.980601 0.57479 0.848432 0.678665 0.197485 0.123462 0.279624 0.19607 0.886231 0.432197 0.617372 0.440938 0.676335 0.887302 0.794289 0.436773 0.735733 0.413989 0.299844 0.00488068 0.0881018 0.557904 0.174919 0.688428 0.881139 0.494714 0.479969 0.560192 0.10671 0.641313 0.337281 0.083415 0.435242 0.569638 0.0635556 0.0967423 0.830263 0.668842 0.862356 0.0387215 0.514999 
0.253416 0.441258 0.413897 0.773325 0.236736 0.990769 0.537586 0.071632 0.893404 0.731976 0.553176 0.0522192 0.0480986 0.691244 0.824746 0.33809 0.691153 0.166542 0.962724 0.920179 0.980814 0.399626 0.051244 0.67002 0.890354 0.728561 0.526478 0.477205 0.0439414 0.140982 0.422496 0.7357 0.75755 0.740425 0.131319 0.139962 0.421128 0.25038 0.417724 0.367386 0.335639 0.620606 0.821874 0.0334959 0.0353194 0.902371 0.468799 0.681582 0.412019 0.335861 0.861542 0.619939 0.40512 0.747723 0.0587916 0.224982 0.825802 0.333391 0.0180348 0.690561 0.596701 0.251688 0.390878 0.663271 
0.325484 0.674797 0.0390983 0.199965 0.35462 0.694934 0.968518 0.255943 0.67907 0.226681 0.712618 0.901643 0.960858 0.746056 0.527204 0.258186 0.575672 0.326751 0.406778 0.113119 0.154898 0.403442 0.461011 0.316889 0.535383 0.947443 0.227139 0.502153 0.0533878 0.874859 0.434032 0.757913 0.31449 0.551676 0.488624 0.816875 0.823569 0.752544 0.814114 0.26567 0.131477 0.65474 0.50048 0.22076 0.246363 0.429572 0.927466 0.295117 0.599229 0.423704 0.606479 0.760115 0.319564 0.441276 0.590991 0.18765 0.0683109 0.524952 0.236677 0.749982 0.253687 0.370771 0.0701855 0.820661 
0.701011 0.232858 0.244151 0.901598 0.677632 0.706469 0.659561 0.628043 0.509996 0.317161 0.386929 0.638415 0.665925 0.324752 0.00525447 0.0902248 0.687357 0.105546 0.382741 0.73806 0.51215 0.0199373 0.452967 0.886211 0.135195 0.177503 0.142375 0.727738 0.624425 0.126079 0.916464 0.018064 0.33393 0.364167 0.0417353 0.18767 0.0985643 0.463755 0.888504 0.968776 0.936182 0.438953 0.64705 0.963989 0.984981 0.293299 0.0943496 0.282754 0.297743 0.378489 0.311884 0.758035 0.00996675 0.19252 0.919483 0.313404 0.208769 0.812781 0.668456 0.491005 0.939424 0.830987 0.933381 0.82804 
0.068827 0.46232 0.566632 0.0516278 0.307289 0.127897 0.359879 0.112356 0.799219 0.693603 0.143935 0.00364582 0.901187 0.945408 0.302334 0.95947 0.602538 0.433184 0.569818 0.771617 0.815056 0.14897 0.102748 0.951796 0.752461 0.917189 0.622695 0.773678 0.655095 0.521625 0.544953 0.251363 0.311345 0.192222 0.315643 0.398289 0.857673 0.316301 0.976331 0.97153 0.195236 0.0938548 0.18643 0.461872 0.381198 0.646363 0.661652 0.541773 0.806957 0.345592 0.304843 0.952902 0.232769 0.700727 0.9503 0.227419 0.425921 0.322257 0.899207 0.80653 0.940484 0.0336673 0.0094886 0.669429 
0.582395 0.772074 0.322357 0.0214178 0.85575 0.332059 0.391689 0.688205 0.531458 0.403098 0.928379 0.787181 0.581089 0.873324 0.470209 0.116259 0.987795 0.72884 0.212137 0.418699 0.0848172 0.91284 0.466712 0.027138 0.191914 0.0741522 0.962522 0.156008 0.924149 0.704012 0.306795 0.23777 0.103121 0.986495 0.0567444 0.96421 0.497402 0.580383 0.814345 0.276963 0.948932 0.428809 0.19269 0.291979 0.138042 0.182093 0.67939 0.558877 0.47541 0.924023 0.511609 0.717497 0.794955 0.825691 0.985749 0.967011 0.577098 0.135531 0.707301 0.287182 0.969346 0.0888884 0.802982 0.134707 
0.724072 0.247013 0.939721 0.841757 0.949343 0.0863342 0.585902 0.0184041 0.164027 0.865525 0.434161 0.536459 0.408195 0.669631 0.727878 0.0888926 0.37268 0.452356 0.262718 0.528042 0.833546 0.592449 0.947496 0.11801 0.40815 0.907285 0.790945 0.0385258 0.893223 0.067322 0.234654 0.265056 0.223085 0.0875285 0.894742 0.892135 0.581499 0.399556 0.434767 0.942401 0.55318 0.641106 0.846499 0.618571 0.525399 0.360642 0.150611 0.320354 0.375721 0.805098 0.775576 0.635437 0.733761 0.353118 0.267674 0.2899 0.280101 0.118624 0.328084 0.0563491 0.182252 0.0544591 0.115565 0.0653868 
0.143206 0.404536 0.14619 0.329897 0.914328 0.703541 0.962477 0.358469 0.171171 0.292904 0.271681 0.550369 0.162762 0.887342 0.445182 0.195944 0.347543 0.181648 0.753227 0.883636 0.737444 0.794978 0.885636 0.407916 0.864026 0.902258 0.786073 0.646696 0.896739 0.692027 0.210587 0.437844 0.653345 0.688153 0.833791 0.251769 0.447427 0.882856 0.952741 0.971419 0.0271116 0.285761 0.234449 0.48578 0.512513 0.287777 0.152524 0.980262 0.894646 0.0257285 0.355389 0.734377 0.816566 0.246241 0.836425 0.247861 0.198971 0.516564 0.360626 0.635518 0.273734 0.709809 0.561974 0.265283 
0.872049 0.649544 0.679426 0.901631 0.425041 0.915693 0.178411 0.636448 0.701147 0.314315 0.803735 0.492166 0.833378 0.477372 0.997472 0.0800108 0.284515 0.299795 0.0301309 0.690888 0.0341767 0.984335 0.290426 0.290615 0.78514 0.914266 0.517083 0.553114 0.9772 0.756272 0.252747 0.309849 0.184383 0.250013 0.676168 0.924248 0.227995 0.680512 0.0147447 0.685374 0.111419 0.166122 0.570561 0.0351085 0.780763 0.844458 0.127786 0.0219098 0.0287297 0.795607 0.500865 0.843479 0.0235143 0.305379 0.652079 0.598415 0.368415 0.150811 0.415609 0.71031 0.39837 0.440136 0.140408 0.697149 
0.11544 0.210955 0.951945 0.539392 0.0906791 0.955942 0.255535 0.632957 0.82238 0.40755 0.539801 0.715556 0.0959675 0.410325 0.765558 0.39202 0.514051 0.508249 0.294406 0.359038 0.811242 0.0518854 0.21059 0.895358 0.193726 0.261321 0.954077 0.0399423 0.86802 0.493975 0.73154 0.619011 0.695606 0.636056 0.0591401 0.0819529 0.420927 0.188454 0.680062 0.605737 0.153897 0.203734 0.347714 0.760658 0.296616 0.372481 0.725056 0.0416964 0.204253 0.932115 0.0476017 0.222563 0.523177 0.912275 0.809094 0.950717 0.0501286 0.774536 0.367547 0.304821 0.941868 0.85601 0.844628 0.420755 
0.361528 0.141542 0.0808427 0.00766275 0.881676 0.852229 0.0444974 0.077147 0.936387 0.971605 0.0189525 0.321454 0.995612 0.96724 0.45879 0.413763 0.0197643 0.401282 0.860513 0.689737 0.750147 0.462803 0.0228969 0.956906 0.514113 0.300155 0.0244503 0.860392 0.694816 0.190017 0.820054 0.106445 0.598293 0.727318 0.974142 0.0616322 0.812677 0.00703182 0.367632 0.218272 0.703098 0.568468 0.0184883 0.801473 0.231812 0.153498 0.250769 0.916589 0.72282 0.753445 0.029343 0.942854 0.616658 0.167205 0.0346888 0.840374 0.0618963 0.696242 0.656755 0.355903 0.0176966 0.708244 0.417782 0.589999 
0.774365 0.537116 0.880445 0.757779 0.182131 0.660279 0.0641782 0.614855 0.721419 0.650452 0.640174 0.876809 0.0584141 0.483786 0.797995 0.230478 0.983823 0.916514 0.101196 0.903675 0.718085 0.167011 0.507665 0.269753 0.705334 0.100129 0.200785 0.94799 0.49009 0.742686 0.186843 0.660107 0.562182 0.0249349 0.885753 0.699596 0.106528 0.336266 0.433872 0.200638 0.449126 0.604158 0.0204341 0.280098 0.368699 0.980867 0.512462 0.631283 0.813889 0.927206 0.0608664 0.601338 0.237992 0.00449126 0.0377404 0.314314 0.561147 0.571765 0.639687 0.209292 0.243138 0.997202 0.191485 0.150347 
0.741936 0.28157 0.442973 0.0992037 0.14892 0.992381 0.318585 0.636787 0.3246 0.953991 0.888755 0.654281 0.862479 0.303162 0.0244923 0.739217 0.223261 0.132379 0.430688 0.543994 0.844442 0.390578 0.187598 0.966631 0.256958 0.141795 0.639031 0.55081 0.639754 0.759839 0.155114 0.127274 0.000943861 0.914646 0.946078 0.353238 0.720299 0.594825 0.242791 0.962334 0.433161 0.804395 0.320598 0.977966 0.131364 0.0295328 0.184359 0.725252 0.685811 0.455633 0.0217243 0.122832 0.182468 0.993398 0.137336 0.889611 0.287667 0.623622 0.993515 0.652477 0.355889 0.333827 0.678469 0.257619 
0.176257 0.0418667 0.335919 0.16797 0.0412153 0.789883 0.679444 0.295221 0.586054 0.92163 0.517564 0.822947 0.268063 0.506889 0.266856 0.0906034 0.348574 0.354374 0.125489 0.801665 0.763034 0.514285 0.338768 0.405616 0.538877 0.537473 0.870228 0.811557 0.243472 0.0181096 0.116721 0.201163 0.309481 0.981411 0.972439 0.645317 0.70706 0.104272 0.11972 0.336476 0.753237 0.866024 0.322015 0.658803 0.39414 0.923301 0.294275 0.84071 0.896082 0.29883 0.93232 0.632437 0.747927 0.18841 0.785721 0.272215 0.985794 0.937524 0.58575 0.221016 0.508264 0.230354 0.879957 0.155696 
0.338207 0.997904 0.192887 0.865383 0.184298 0.602153 0.573803 0.26564 0.0848948 0.151482 0.780944 0.900106 0.0923798 0.128207 0.547932 0.82817 0.399856 0.0189018 0.912046 0.731138 0.832253 0.277781 0.742582 0.279123 0.992691 0.248897 0.379785 0.559694 0.784663 0.861572 0.52994 0.998795 0.408194 0.488065 0.324048 0.679599 0.23025 0.479188 0.437643 0.497372 0.469897 0.343242 0.647862 0.054495 0.0624225 0.326324 0.837413 0.764171 0.889858 0.869813 0.99278 0.755013 0.626221 0.257474 0.00445677 0.918199 0.32049 0.228919 0.992035 0.617813 0.94656 0.727548 0.175538 0.415171 
0.520145 0.934146 0.37132 0.174937 0.615405 0.0282911 0.000304902 0.46603 0.0833812 0.504802 0.34747 0.986088 0.527966 0.857426 0.64182 0.980597 0.725115 0.675416 0.852339 0.508811 0.210626 0.583578 0.272986 0.887331 0.0416346 0.692942 0.0483955 0.20088 0.524632 0.889569 0.0844552 0.931732 0.380076 0.900142 0.609293 0.157426 0.894584 0.718507 0.5099 0.938234 0.842844 0.868371 0.0424604 0.104879 0.527203 0.527026 0.497425 0.554608 0.0876889 0.296883 0.0905746 0.401107 0.854934 0.570206 0.693725 0.846648 0.383742 0.125385 0.294136 0.487306 0.103154 0.148528 0.448035 0.953713 
0.73247 0.400638 0.801507 0.489423 0.909249 0.713096 0.35131 0.0866665 0.367995 0.604137 0.344917 0.670384 0.20389 0.134978 0.378441 0.973848 0.643585 0.76689 0.711918 0.372443 0.541133 0.899355 0.19807 0.759481 0.696939 0.529328 0.882705 0.0912275 0.69234 0.388466 0.264205 0.232599 0.999717 0.507029 0.562741 0.494706 0.0481757 0.595336 0.611413 0.152327 0.585687 0.697435 0.638901 0.293631 0.0257997 0.549487 0.13984 0.93098 0.650799 0.0825436 0.734039 0.638046 0.385618 0.593648 0.872526 0.591379 0.701203 0.350269 0.937026 0.386201 0.771858 0.0704788 0.0839892 0.707694 
0.796924 0.170918 0.289476 0.258662 0.191535 0.503378 0.760875 0.805002 0.832348 0.831528 0.64298 0.0865664 0.257273 0.411233 0.161455 0.492333 0.343639 0.171715 0.547541 0.064762 0.354398 0.0182765 0.212331 0.152096 0.784706 0.095991 0.649372 0.601061 0.721507 0.363044 0.564258 0.00294768 0.134925 0.742977 0.820428 0.427759 0.72532 0.129428 0.241646 0.577326 0.889134 0.474382 0.636204 0.415733 0.804324 0.00350544 0.106358 0.0584873 0.380981 0.389799 0.632258 0.832083 0.721931 0.40232 0.836149 0.692692 0.318345 0.505614 0.0344505 0.525828 0.533209 0.664398 0.700602 0.896141 
0.371931 0.736723 0.722859 0.895168 0.281155 0.158399 0.887838 0.895662 0.525 0.144075 0.237082 0.768119 0.0130609 0.940748 0.387825 0.828453 0.911602 0.628387 0.328052 0.417675 0.833604 0.640542 0.966655 0.519885 0.030216 0.757025 0.937179 0.374293 0.00885366 0.0129589 0.973387 0.275252 0.689921 0.796148 0.369729 0.875526 0.694186 0.93549 0.869633 0.0967071 0.980904 0.881577 0.486996 0.818481 0.687559 0.439749 0.39775 0.476424 0.793232 0.967165 0.05786 0.47516 0.581705 0.531506 0.805819 0.42177 0.327108 0.77071 0.389617 0.733893 0.280221 0.959357 0.473721 0.75703 
0.438802 0.00724166 0.0786017 0.296803 0.810871 0.526801 0.894603 0.739817 0.754233 0.263163 0.878265 0.203699 0.271151 0.0572126 0.689521 0.569394 0.197035 0.175673 0.281717 0.520104 0.0822025 0.480168 0.368589 0.985361 0.555502 0.118743 0.571841 0.926411 0.159856 0.923797 0.611833 0.667866 0.747208 0.314313 0.72037 0.278628 0.561874 0.182793 0.69702 0.528226 0.640709 0.894019 0.213462 0.0667287 0.183278 0.531371 0.47659 0.0832706 0.0195194 0.436923 0.352673 0.801448 0.585378 0.901075 0.268083 0.363565 0.846083 0.890118 0.346135 0.92991 0.251894 0.0143826 0.568448 0.917971 
0.941504 0.0364428 0.341923 0.0445006 0.422055 0.538867 0.896702 0.256391 0.144375 0.780755 0.518378 0.83674 0.0877802 0.431064 0.808802 0.52763 0.845088 0.947169 0.128011 0.445597 0.723516 0.324586 0.306931 0.585064 0.104613 0.294882 0.79089 0.457431 0.800725 0.919497 0.50313 0.163543 0.254013 0.265725 0.481968 0.760505 0.861596 0.0388767 0.98537 0.837998 0.970488 0.99337 0.55171 0.76548 0.791787 0.322278 0.901948 0.341597 0.183835 0.106571 0.726739 0.824777 0.26938 0.634148 0.00861932 0.776353 0.596419 0.671856 0.505718 0.203028 0.109029 0.380751 0.554889 0.515614 
0.023827 0.308597 0.355072 0.1169 0.749556 0.209688 0.725779 0.71949 0.235655 0.313742 0.583427 0.331281 0.780689 0.471674 0.759993 0.230683 0.797836 0.0581814 0.627824 0.408083 0.62187 0.258501 0.994378 0.586267 0.357428 0.488711 0.928715 0.254669 0.433179 0.146204 0.842359 0.589731 0.0251555 0.595376 0.147467 0.215324 0.204646 0.556791 0.212454 0.55912 0.580817 0.451649 0.127892 0.857603 0.354579 0.782379 0.628741 0.0109818 0.18377 0.569782 0.720428 0.743188 0.443056 0.110872 0.940004 0.995508 0.961982 0.517268 0.221672 0.890981 0.310018 0.202091 0.718633 0.453889 
0.934422 0.606813 0.0208493 0.882278 0.716128 0.35349 0.525829 0.00523762 0.541244 0.00797138 0.886083 0.131692 0.898941 0.652407 0.806296 0.157063 0.826828 0.629453 0.61962 0.429239 0.396299 0.447411 0.484754 0.877867 0.871524 0.046047 0.66753 0.770134 0.851892 0.536382 0.167959 0.682906 0.316498 0.684811 0.506944 0.831257 0.772632 0.879469 0.235881 0.86519 0.265052 0.178436 0.860613 0.456794 0.636137 0.816614 0.562477 0.705357 0.590793 0.952641 0.907449 0.985578 0.835113 0.437138 0.976043 0.963915 0.464469 0.535972 0.523264 0.969152 0.813253 0.61857 0.680808 0.832401 
0.680629 0.667471 0.756975 0.958401 0.161362 0.95193 0.295848 0.585172 0.361975 0.243158 0.00227673 0.837873 0.733437 0.517216 0.00149026 0.544925 0.998848 0.974869 0.885346 0.195351 0.753647 0.953599 0.758201 0.886082 0.506068 0.25603 0.734549 0.475804 0.508428 0.155893 0.222363 0.241136 0.931025 0.914076 0.411119 0.403577 0.808202 0.622403 0.256344 0.869421 0.099158 0.0946522 0.255347 0.412747 0.571485 0.123313 0.559912 0.150184 0.652804 0.455101 0.745749 0.627857 0.58286 0.751485 0.224674 0.202149 0.283549 0.235176 0.372275 0.3157 0.227669 0.513246 0.590312 0.807216 
0.895844 0.985941 0.541061 0.243923 0.563169 0.201211 0.69756 0.482648 0.0430628 0.0211063 0.404822 0.896658 0.68574 0.943052 0.845963 0.666089 0.82604 0.749435 0.0433319 0.0860438 0.328242 0.817423 0.626762 0.0389218 0.182702 0.166289 0.815823 0.533814 0.0940132 0.474224 0.972313 0.854885 0.168048 0.254519 0.684226 0.265711 0.397775 0.3959 0.743939 0.114413 0.528179 0.854903 0.825343 0.545958 0.188188 0.384301 0.748247 0.178947 0.855071 0.451369 0.688581 0.85936 0.58629 0.736858 0.0926948 0.257004 0.988736 0.831385 0.881029 0.17238 0.427516 0.247816 0.335596 0.939047 
0.299856 0.408941 0.755739 0.457174 0.912729 0.957582 0.719576 0.0747415 0.542342 0.945853 0.0549763 0.496609 0.0157092 0.984002 0.135767 0.471993 0.972415 0.877294 0.839238 0.61859 0.129602 0.183123 0.131441 0.144189 0.342081 0.731243 0.117073 0.625149 0.0166597 0.184657 0.473806 0.684914 0.63175 0.172085 0.740496 0.976886 0.766332 0.704685 0.408866 0.724552 0.532245 0.678934 0.541458 0.816801 0.0493586 0.622552 0.20615 0.512675 0.261633 0.345813 0.757093 0.362004 0.93519 0.91405 0.0208379 0.0199459 0.719644 0.440595 0.425734 0.325456 0.808963 0.2086 0.986426 0.842556 
0.925639 0.195153 0.0821736 0.67854 0.855225 0.115465 0.955779 0.846352 0.748456 0.388788 0.574266 0.08948 0.764796 0.518146 0.644633 0.72019 0.587143 0.53215 0.660973 0.146368 0.343317 0.774252 0.221566 0.74754 0.278462 0.771922 0.654434 0.15444 0.583178 0.0180815 0.947555 0.315495 0.594671 0.260883 0.199457 0.898778 0.510008 0.402016 0.571048 0.260839 0.575565 0.796622 0.221359 0.693281 0.559517 0.909349 0.433021 0.264586 0.0568002 0.575378 0.90413 0.470805 0.691507 0.25459 0.118041 0.170668 0.327921 0.193455 0.380629 0.159133 0.465141 0.155786 0.833048 0.999297 
0.167652 0.447589 0.760272 0.467333 0.646851 0.545493 0.840425 0.134166 0.567538 0.911956 0.814974 0.510393 0.92626 0.738495 0.467622 0.593743 0.265073 0.830754 0.236261 0.261321 0.965281 0.963475 0.301448 0.34096 0.508221 0.814996 0.780047 0.383922 0.255567 0.906869 0.938958 0.478851 0.683269 0.236267 0.760135 0.98918 0.127529 0.228545 0.418566 0.345466 0.216877 0.00920982 0.640435 0.205845 0.668021 0.529154 0.53131 0.517563 0.484487 0.816354 0.885458 0.0682793 0.48014 0.0317651 0.562085 0.660458 0.369365 0.913004 0.342972 0.994222 0.624048 0.385906 0.995832 0.364869 
0.517138 0.516403 0.460232 0.925459 0.530135 0.423714 0.505434 0.663111 0.772377 0.169674 0.0131726 0.749211 0.860632 0.708364 0.193621 0.428775 0.871929 0.637664 0.560452 0.118478 0.352192 0.492649 0.669428 0.860294 0.538996 0.799787 0.720958 0.0416413 0.383424 0.240265 0.592892 0.0108756 0.9889 0.828275 0.0288052 0.77823 0.876183 0.000310945 0.329071 0.123629 0.266296 0.19952 0.927867 0.965459 0.348306 0.28055 0.00131913 0.0498597 0.99187 0.0550378 0.981314 0.254003 0.0789487 0.212075 0.317705 0.932872 0.218857 0.124214 0.0125219 0.984032 0.86074 0.0843499 0.816577 0.545507 
0.671841 0.718671 0.0207146 0.063906 0.762775 0.325321 0.368674 0.225039 0.998455 0.6848 0.379653 0.36274 0.28851 0.131437 0.112611 0.410008 0.870963 0.795586 0.294178 0.0256695 0.146981 0.741111 0.949052 0.917953 0.139631 0.288448 0.492412 0.963803 0.998781 0.0266654 0.0906794 0.0148486 0.307236 0.86833 0.0386136 0.8908 0.879972 0.727893 0.925274 0.335198 0.0330453 0.118047 0.142174 0.44842 0.572985 0.308017 0.224182 0.728542 0.753639 0.482243 0.449372 0.463213 0.947932 0.187212 0.395762 0.376918 0.405032 0.132897 0.309553 0.240211 0.521606 0.115142 0.0614037 0.23913 
0.257195 0.350008 0.839192 0.468866 0.779856 0.241651 0.584446 0.278046 0.365657 0.877404 0.507186 0.53107 0.549685 0.264532 0.58076 0.972112 0.390894 0.336805 0.252318 0.0683144 0.563185 0.682919 0.746628 0.209878 0.481507 0.516264 0.0303664 0.534397 0.582048 0.853956 0.301175 0.207569 0.0385024 0.853721 0.862081 0.503696 0.871963 0.149513 0.272505 0.97628 0.86076 0.255948 0.837645 0.395646 0.405161 0.791796 0.106218 0.428099 0.663599 0.376322 0.985845 0.694073 0.215751 0.679349 0.877835 0.691635 0.719666 0.702076 0.484792 0.836789 0.905093 0.133278 0.533715 0.519554 
0.528613 0.782052 0.305419 0.608632 0.495054 0.716989 0.255597 0.578643 0.475582 0.497939 0.572002 0.730156 0.498504 0.129154 0.281446 0.637005 0.189777 0.673151 0.557572 0.223457 0.896308 0.0592056 0.720908 0.855505 0.542796 0.371347 0.101934 0.214627 0.860186 0.868834 0.855537 0.203639 0.977964 0.673278 0.734177 0.807624 0.0859254 0.822947 0.0235368 0.594684 0.96606 0.561194 0.52259 0.560575 0.889181 0.819896 0.209148 0.883083 0.410879 0.774254 0.649425 0.145962 0.594813 0.796268 0.49001 0.470875 0.808373 0.139107 0.491942 0.34302 0.461882 0.630969 0.223046 0.955146 
0.866949 0.885336 0.508761 0.64126 0.752822 0.910439 0.44793 0.327835 0.559669 0.487296 0.967694 0.762847 0.644019 0.149561 0.909792 0.769454 0.519689 0.515904 0.868689 0.95946 0.051481 0.877351 0.995078 0.220421 0.941178 0.78014 0.48068 0.965455 0.917653 0.453931 0.736107 0.275083 0.524908 0.452423 0.617141 0.269148 0.144607 0.0318908 0.498801 0.332414 0.661597 0.863436 0.845452 0.354828 0.317823 0.111651 0.623381 0.13566 0.165567 0.599608 0.570195 0.725252 0.0534982 0.0252171 0.575193 0.0530147 0.459876 0.418567 0.953752 0.501215 0.40578 0.364377 0.864895 0.791621 
0.650951 0.559817 0.349304 0.25777 0.621896 0.590227 0.892539 0.316964 0.182466 0.0271846 0.221768 0.0458638 0.0149417 0.904112 0.492747 0.175462 0.826571 0.453246 0.978906 0.485742 0.289421 0.342411 0.713753 0.876007 0.466724 0.109973 0.69496 0.0485116 0.810058 0.544264 0.472872 0.0318417 0.27331 0.890535 0.908371 0.402207 0.272084 0.598557 0.226449 0.676063 0.48885 0.891376 0.775999 0.16565 0.434775 0.858152 0.110995 0.450144 0.14172 0.508805 0.871101 0.869177 0.148137 0.875229 0.486102 0.136734 0.057914 0.965821 0.54476 0.529339 0.178756 0.319893 0.518583 0.063148 
0.79549 0.754425 0.315098 0.563645 0.5667 0.200064 0.778298 0.792172 0.02033 0.559436 0.468769 0.756379 0.585848 0.462378 0.406997 0.857209 0.686472 0.462323 0.206163 0.633404 0.32338 0.575923 0.416481 0.822731 0.0114938 0.354241 0.493428 0.279182 0.17754 0.313421 0.085613 0.641362 0.760432 0.3215 0.279393 0.19809 0.297363 0.95354 0.10949 0.23686 0.653545 0.294564 0.694763 0.142843 0.531313 0.102986 0.992962 0.715937 0.5191 0.39441 0.451266 0.417314 0.293676 0.920537 0.338386 0.105056 0.728781 0.870199 0.804679 0.757816 0.180186 0.930799 0.728371 0.223825 
0.269531 0.935127 0.745376 0.912815 0.868316 0.0823778 0.71499 0.469418 0.812085 0.23813 0.896462 0.58204 0.742619 0.0371327 0.671214 0.12819 0.448527 0.00416916 0.144224 0.963326 0.322432 0.87931 0.242665 0.246293 0.747594 0.114089 0.372776 0.538389 0.778593 0.0734314 0.494702 0.281097 0.898643 0.898638 0.365162 0.0112229 0.747651 0.728642 0.176737 0.954259 0.830378 0.124137 0.337939 0.305687 0.792628 0.407222 0.700327 0.0485913 0.994146 0.830507 0.812326 0.112173 0.333355 0.0212199 0.88426 0.149451 0.682998 0.391313 0.226111 0.189267 0.983411 0.484329 0.954561 0.644494 
0.403078 0.0602509 0.973864 0.679568 0.660772 0.73206 0.531216 0.410155 0.54266 0.735039 0.713432 0.529342 0.989926 0.0108152 0.226371 0.294961 0.455295 0.645352 0.306014 0.166145 0.768389 0.890122 0.939392 0.786045 0.0406949 0.777912 0.298926 0.0332718 0.922658 0.59681 0.977431 0.270171 0.288698 0.98808 0.951788 0.537168 0.879586 0.298985 0.618628 0.149481 0.379502 0.816556 0.210346 0.808179 0.507474 0.777665 0.434285 0.958501 0.427516 0.518808 0.703619 0.150392 0.669735 0.803003 0.945161 0.488277 0.0155502 0.880785 0.0849841 0.187651 0.364153 0.279073 0.00326874 0.767789 
0.214906 0.175164 0.439724 0.217449 0.441054 0.991373 0.0800368 0.702751 0.653385 0.212633 0.0485329 0.281337 0.406997 0.675376 0.441916 0.37962 0.120054 0.565418 0.340518 0.531072 0.91619 0.26965 0.980035 0.317249 0.150411 0.561117 0.827919 0.323114 0.0400204 0.667401 0.120543 0.623525 0.199832 0.757672 0.189503 0.249022 0.399452 0.0974384 0.0642208 0.697546 0.229905 0.560178 0.297717 0.906938 0.19562 0.183952 0.416362 0.438864 0.120177 0.584914 0.814757 0.98418 0.40453 0.0368894 0.904164 0.479849 0.276157 0.265712 0.143574 0.803397 0.755125 0.552317 0.83357 0.286544 
0.434065 0.970003 0.0189912 0.467893 0.38262 0.991388 0.805876 0.36827 0.213725 0.238181 0.493871 0.970283 0.482358 0.504846 0.28015 0.172794 0.0293082 0.906709 0.948784 0.159785 0.796135 0.178467 0.17807 0.510209 0.103025 0.6719 0.135435 0.62504 0.206325 0.0724581 0.326856 0.203208 0.465581 0.00527548 0.323999 0.581654 0.358752 0.802097 0.604817 0.514251 0.590763 0.727984 0.47211 0.267867 0.709226 0.916021 0.109344 0.463163 0.894246 0.000174148 0.684229 0.2984 0.274329 0.657038 0.940088 0.114915 0.962043 0.431182 0.616413 0.444165 0.13514 0.545117 0.657362 0.641989 
0.641209 0.460798 0.285784 0.100613 0.597799 0.960826 0.744572 0.169896 0.225239 0.385554 0.937079 0.0574578 0.907386 0.82524 0.0872244 0.639053 0.954249 0.84188 0.300821 0.576748 0.344666 0.839199 0.992147 0.753356 0.546865 0.811484 0.970225 0.697471 0.312459 0.911395 0.727452 0.82763 0.765047 0.135775 0.776883 0.752009 0.40288 0.770088 0.273314 0.446445 0.52743 0.875294 0.781273 0.369244 0.452509 0.700396 0.319766 0.842772 0.567943 0.891718 0.453136 0.173223 0.602942 0.540414 0.480498 0.479006 0.49397 0.920617 0.65665 0.685734 0.85525 0.60314 0.743982 0.612952 
0.599311 0.438986 0.579178 0.748766 0.155625 0.286732 0.450234 0.833848 0.797471 0.276608 0.794692 0.926223 0.754043 0.0682302 0.496581 0.432045 0.850129 0.535719 0.54038 0.235131 0.758511 0.345973 0.744376 0.476853 0.154534 0.385686 0.996186 0.460479 0.164219 0.354779 0.0897081 0.859972 0.635426 0.888832 0.831416 0.0356884 0.508234 0.142113 0.243861 0.176936 0.0187806 0.342954 0.67121 0.313234 0.811748 0.161321 0.297062 0.899068 0.287825 0.0624929 0.869891 0.62307 0.877608 0.478936 0.55146 0.389713 0.770933 0.706927 0.448271 0.0504597 0.435976 0.606157 0.447808 0.40131 
0.604732 0.600969 0.938776 0.891999 0.462271 0.565742 0.30885 0.178539 0.933028 0.0837528 0.829327 0.457677 0.599314 0.741986 0.659541 0.606296 0.362489 0.863919 0.104212 0.100624 0.474189 0.115473 0.903977 0.652197 0.985251 0.600157 0.786559 0.66536 0.0981037 0.918466 0.989102 0.467053 0.841565 0.987426 0.422983 0.684527 0.772674 0.660441 0.871672 0.783212 0.561942 0.265182 0.426311 0.629901 0.511704 0.862748 0.980745 0.0594912 0.571862 0.978205 0.982432 0.981418 0.132142 0.767356 0.313862 0.1284 0.520435 0.299381 0.881626 0.793499 0.528051 0.957975 0.797245 0.463249 
0.0846346 0.745513 0.571596 0.53232 0.359694 0.513243 0.328482 0.946587 0.0133753 0.680372 0.89397 0.938979 0.878865 0.508227 0.144486 0.494983 0.290962 0.352536 0.822705 0.468201 0.520155 0.878013 0.60125 0.561456 0.581698 0.108689 0.16477 0.647065 0.0362311 0.243303 0.114562 0.120371 0.803417 0.122273 0.201713 0.566432 0.981626 0.0725371 0.399284 0.632517 0.360624 0.653081 0.537523 0.243604 0.760512 0.878278 0.72196 0.317497 0.875689 0.607105 0.180883 0.502602 0.269773 0.601896 0.68348 0.0967375 0.0199309 0.0337751 0.151839 0.973484 0.82568 0.848894 0.156317 0.00164038 
0.849233 0.51073 0.505118 0.760098 0.0268695 0.520871 0.483115 0.894015 0.225532 0.497495 0.394724 0.118419 0.365857 0.153988 0.00416346 0.916614 0.551364 0.366512 0.858734 0.536067 0.0598904 0.931808 0.00571579 0.697135 0.0637804 0.0479249 0.209495 0.681678 0.708496 0.880103 0.690955 0.376833 0.796099 0.137346 0.767918 0.768301 0.897709 0.698186 0.58759 0.6528 0.295805 0.744944 0.344239 0.932033 0.353775 0.375045 0.596157 0.625686 0.441767 0.677983 0.652046 0.102142 0.683845 0.449898 0.317545 0.683385 0.664364 0.770069 0.45616 0.0007186 0.932987 0.599388 0.859367 0.309942 
