22.7958 0000110100011010010000101111110000010110101110010001100111010111011011111000110111110001100010110100
78.4395 0111001111001110011010001110011110000101111100010111010101010010100100010101110011111010111110110001
0.713111 0.294916 0.55934 0.0993402 0.108499 0.226112 0.750785 0.814846 0.612993 0.387216 0.634351 0.212698 0.00743174 0.423819 0.885356 0.663801 0.183344 0.0357373 0.857114 0.715725 0.412123 0.648619 0.490309 0.718008 0.484727 0.526054 0.853498 0.165595 0.918991 0.615814 0.776297 0.72014 0.805962 0.241479 0.578939 0.283421 0.970252 0.134799 0.275626 0.935902 0.628103 0.804169 0.632129 0.365321 0.0700678 0.931895 0.26488 0.212486 0.793792 0.067548 0.566889 0.91726 0.199111 0.862874 0.679496 0.0620938 0.250413 0.682231 0.523422 0.704037 0.342711 0.892289 0.651524 0.227181 
0.714172 0.895622 0.509867 0.773774 0.134083 0.664117 0.452285 0.383157 0.665778 0.575939 0.294891 0.224414 0.783179 0.221643 0.338831 0.203816 0.156913 0.282308 0.680794 0.309846 0.844747 0.281899 0.671509 0.246308 0.913666 0.290372 0.579829 0.689425 0.954292 0.458666 0.260831 0.4901 0.672456 0.333062 0.296127 0.696183 0.264002 0.179434 0.333454 0.255296 0.0955209 0.358256 0.362266 0.777552 0.996516 0.761236 0.585345 0.411136 0.377216 0.465821 0.43728 0.989131 0.373983 0.554321 0.188088 0.67357 0.744548 0.794885 0.890681 0.738832 0.87021 0.195041 0.941842 0.205657 
0.698744 0.100483 0.142451 0.592606 0.502288 0.274394 0.567316 0.492596 0.0840762 0.0895692 0.629664 0.10641 0.84983 0.253591 0.905968 0.576415 0.536598 0.975848 0.755689 0.0920474 0.747594 0.00965603 0.389645 0.84566 0.643 0.170995 0.586494 0.668476 0.761212 0.634921 0.815313 0.194198 0.852862 0.249094 0.936892 0.23571 0.205584 0.333617 0.382674 0.224368 0.405769 0.637963 0.191686 0.566296 0.699455 0.982998 0.488359 0.172523 0.829336 0.479568 0.972705 0.734191 0.493962 0.556511 0.125242 0.559403 0.517687 0.624555 0.967712 0.375648 0.156746 0.187415 0.845493 0.0384856 
0.580558 0.0798761 0.0072448 0.150118 0.908285 0.00420644 0.943286 0.193818 0.456604 0.00388205 0.614296 0.773643 0.304633 0.374556 0.858037 0.946342 0.190581 0.243924 0.822062 0.337613 0.882372 0.160698 0.871368 0.779601 0.180111 0.686638 0.175722 0.887364 0.374032 0.721978 0.11723 0.135466 0.42202 0.688364 0.131327 0.250248 0.126246 0.985445 0.235901 0.94048 0.670505 0.125351 0.665295 0.055652 0.465266 0.618313 0.45895 0.737378 0.73326 0.449786 0.768083 0.450148 0.282724 0.136736 0.201543 0.447271 0.317051 0.647338 0.654386 0.775924 0.718838 0.274755 0.610591 0.866235 
0.868127 0.471348 0.226064 0.024588 0.598251 0.607518 0.0952025 0.223901 0.0535856 0.0266409 0.445835 0.266275 0.846379 0.0628775 0.775451 0.430748 0.199922 0.362942 0.892531 0.333764 0.169912 0.590013 0.624142 0.881772 0.875286 0.341437 0.0212758 0.14748 0.821865 0.0681432 0.587356 0.442839 0.18409 0.471125 0.656174 0.690196 0.542146 0.496322 0.633368 0.213927 0.8808 0.192195 0.717155 0.957503 0.00987522 0.415468 0.679803 0.184199 0.236352 0.533453 0.416851 0.743553 0.107351 0.400907 0.677517 0.829406 0.301221 0.873459 0.451123 0.970588 0.998275 0.397363 0.081133 0.192438 
0.515561 0.470681 0.303208 0.594778 0.233038 0.451112 0.00916729 0.593215 0.453934 0.650721 0.0202491 0.608277 0.734799 0.302348 0.360271 0.402355 0.801803 0.366589 0.0585349 0.21952 0.197471 0.317437 0.808768 0.444278 0.0402608 0.150134 0.403939 0.701919 0.0855872 0.498955 0.692296 0.353378 0.880053 0.74071 0.621495 0.667002 0.947328 0.22174 0.00310391 0.744093 0.144999 0.850117 0.328776 0.823012 0.0832731 0.328054 0.753226 0.747578 0.289648 0.619135 0.161719 0.444475 0.68098 0.204736 0.109132 0.190537 0.583857 0.224182 0.354693 0.819676 0.89986 0.965218 0.102656 0.971113 
0.111724 0.891591 0.652701 0.742104 0.398332 0.223944 0.13667 0.0218279 0.0970556 0.259108 0.320303 0.923313 0.949882 0.664261 0.92536 0.780104 0.148707 0.629997 0.828592 0.404811 0.151967 0.501705 0.645248 0.590281 0.773612 0.515073 0.214428 0.629397 0.205226 0.87703 0.22426 0.968297 0.18057 0.312328 0.182153 0.0504426 0.424139 0.770518 0.991487 0.869918 0.0446492 0.968508 0.17473 0.155545 0.623911 0.435014 0.433486 0.90595 0.924155 0.0630488 0.0423172 0.662964 0.78383 0.603084 0.660803 0.848436 0.96765 0.786965 0.664813 0.198669 0.970875 0.694787 0.613703 0.580796 
0.770045 0.760998 0.612086 0.727121 0.789325 0.550762 0.0357675 0.163302 0.187952 0.65099 0.829801 0.903664 0.920136 0.477254 0.996463 0.565835 0.357915 0.301493 0.793474 0.765733 0.22776 0.764075 0.552021 0.378775 0.20487 0.352408 0.671339 0.243243 0.775656 0.820268 0.56374 0.863869 0.895206 0.390611 0.130507 0.169146 0.53605 0.106158 0.728575 0.49942 0.807684 0.65302 0.68849 0.62299 0.973022 0.466965 0.812585 0.0651947 0.111364 0.230016 0.851865 0.916822 0.337471 0.942504 0.769903 0.0443205 0.884815 0.427327 0.709078 0.1597 0.68325 0.317053 0.589146 0.12023 
0.815103 0.20505 0.0159583 0.717632 0.044369 0.0839804 0.044635 0.334119 0.0177157 0.804192 0.813802 0.858423 0.162507 0.787378 0.317352 0.302212 0.073176 0.479241 0.117804 0.316726 0.600922 0.491677 0.0389659 0.792169 0.52496 0.877875 0.762544 0.263315 0.404279 0.831336 0.385086 0.265481 0.148026 0.0224065 0.687713 0.204343 0.703038 0.641897 0.836185 0.972179 0.187329 0.920951 0.879859 0.271039 0.203333 0.978393 0.997528 0.130234 0.922055 0.356072 0.065444 0.908224 0.0464736 0.138325 0.93637 0.0645133 0.924277 0.710713 0.923853 0.720606 0.170593 0.17243 0.240263 0.833251 
0.406991 0.930941 0.0386442 0.675668 0.487986 0.200673 0.706732 0.39051 0.635981 0.426703 0.290286 0.279291 0.531091 0.0532128 0.576356 0.0481237 0.604544 0.278699 0.46319 0.895607 0.510505 0.0765655 0.100155 0.460389 0.712978 0.0393312 0.861775 0.557673 0.529523 0.800976 0.455868 0.940098 0.263507 0.11964 0.647161 0.72587 0.148389 0.402548 0.120295 0.961623 0.0794207 0.734085 0.0155989 0.217571 0.0891951 0.60643 0.847944 0.470341 0.212208 0.75172 0.284895 0.339189 0.600199 0.644514 0.31096 0.000592045 0.378664 0.367683 0.819891 0.601363 0.417918 0.668022 0.884583 0.144327 
0.0894202 0.551805 0.0876619 0.0682826 0.636168 0.290398 0.235703 0.130181 0.433443 0.885474 0.274792 0.495096 0.545623 0.335587 0.911919 0.19595 0.720326 0.575781 0.545655 0.364401 0.791046 0.378044 0.531823 0.842374 0.972662 0.601438 0.131017 0.806364 0.727183 0.186875 0.869062 0.981657 0.375837 0.323775 0.476223 0.455355 0.547877 0.517497 0.876718 0.702366 0.0943079 0.23154 0.357709 0.657399 0.708424 0.483089 0.477814 0.141823 0.505973 0.428512 0.798853 0.770748 0.542945 0.0894808 0.922576 0.44781 0.11687 0.131537 0.737077 0.0628322 0.483098 0.897598 0.717293 0.469684 
0.0456032 0.574432 0.787325 0.397072 0.0615955 0.498288 0.441974 0.463248 0.432209 0.193263 0.184608 0.708082 0.625321 0.514868 0.27291 0.403257 0.606371 0.909022 0.231381 0.178321 0.768116 0.637757 0.398539 0.179652 0.995568 0.704863 0.633512 0.32959 0.605522 0.676609 0.582213 0.272979 0.787196 0.241005 0.749766 0.0717994 0.158932 0.550634 0.62449 0.861839 0.00619188 0.202362 0.926944 0.724017 0.53343 0.420736 0.279379 0.115806 0.321856 0.428681 0.89034 0.694228 0.694334 0.925433 0.528975 0.553548 0.745913 0.565342 0.519778 0.628946 0.370195 0.682112 0.433975 0.482645 
0.0678842 0.91476 0.719836 0.43789 0.364416 0.299915 0.276383 0.722111 0.259919 0.851752 0.179513 0.881378 0.943007 0.88314 0.94858 0.284594 0.371721 0.846831 0.473463 0.878605 0.550004 0.695262 0.272062 0.146976 0.348177 0.680697 0.796866 0.916661 0.451263 0.930545 0.063306 0.00962637 0.0202122 0.0146628 0.337752 0.149774 0.0826013 0.688974 0.952847 0.375739 0.424522 0.480053 0.947397 0.141588 0.691735 0.179198 0.364952 0.910664 0.321392 0.89748 0.993308 0.803081 0.293022 0.673701 0.652719 0.10917 0.908934 0.904216 0.565677 0.260391 0.464022 0.374854 0.732254 0.941881 
0.969497 0.117309 0.39072 0.973462 0.748941 0.0427485 0.664336 0.73856 0.986388 0.917948 0.572528 0.00859928 0.648458 0.49277 0.00444578 0.708606 0.783426 0.516 0.160645 0.772645 0.486303 0.0803062 0.481393 0.567432 0.316478 0.810067 0.67181 0.962154 0.866908 0.0031955 0.621801 0.0707934 0.945507 0.870779 0.298706 0.452786 0.378463 0.487245 0.74352 0.8431 0.659865 0.557618 0.617853 0.816887 0.262325 0.573007 0.60927 0.340224 0.243856 0.869796 0.920257 0.956867 0.629487 0.895059 0.553041 0.0432053 0.506871 0.840878 0.896594 0.707474 0.9202 0.765157 0.192944 0.994479 
0.933545 0.565852 0.923897 0.552043 0.140646 0.50517 0.0501985 0.180148 0.14882 0.205559 0.565242 0.497648 0.942203 0.391158 0.566985 0.357789 0.709648 0.425395 0.701044 0.356389 0.575603 0.404884 0.495185 0.966285 0.951945 0.307374 0.252401 0.46231 0.921407 0.346819 0.636796 0.512371 0.218466 0.878733 0.0888488 0.894365 0.169963 0.289827 0.754521 0.801967 0.337289 0.464235 0.23672 0.803108 0.305661 0.494154 0.297006 0.496823 0.907271 0.243734 0.213322 0.0232094 0.0110409 0.932069 0.364861 0.648731 0.116292 0.549187 0.637765 0.403806 0.23112 0.430158 0.366097 0.325167 
0.855898 0.208635 0.735097 0.280832 0.963869 0.105295 0.81434 0.913585 0.0702244 0.0204356 0.404389 0.867705 0.387683 0.788332 0.943398 0.980741 0.912711 0.244943 0.536461 0.247714 0.494757 0.67659 0.382834 0.6422 0.363477 0.743925 0.400971 0.692535 0.236001 0.930781 0.39931 0.770922 0.134438 0.014567 0.479317 0.0586535 0.589391 0.277195 0.983825 0.445651 0.0934731 0.881546 0.701301 0.675445 0.244878 0.156539 0.381613 0.76465 0.448442 0.515767 0.740943 0.652959 0.517294 0.94824 0.103494 0.44072 0.230472 0.984283 0.242384 0.427143 0.374814 0.0735262 0.526268 0.380306 
0.690837 0.507124 0.508897 0.324998 0.577281 0.765704 0.705033 0.144627 0.131954 0.376835 0.607668 0.164944 0.131932 0.355984 0.257465 0.801143 0.221524 0.345977 0.590152 0.691826 0.990482 0.48864 0.833105 0.58297 0.664259 0.587961 0.880194 0.876263 0.0457548 0.904332 0.260693 0.820569 0.672716 0.954608 0.831596 0.71839 0.0917605 0.65221 0.945065 0.211285 0.997456 0.984107 0.920646 0.212023 0.343896 0.419166 0.724678 0.614593 0.637553 0.971441 0.901349 0.0134423 0.344744 0.750292 0.966641 0.967141 0.57518 0.595121 0.086718 0.254756 0.963604 0.989775 0.55364 0.345845 
0.623218 0.0706082 0.553244 0.341795 0.118762 0.779954 0.344457 0.932812 0.219148 0.481504 0.475507 0.199967 0.877294 0.843027 0.8474 0.533705 0.874411 0.960909 0.448356 0.160843 0.00532225 0.267882 0.70855 0.612191 0.764928 0.718768 0.469414 0.0425311 0.842163 0.370037 0.270343 0.95365 0.605221 0.0826788 0.740888 0.59552 0.409042 0.641507 0.595205 0.154689 0.741589 0.371725 0.454952 0.0414831 0.333915 0.322041 0.74025 0.347888 0.54504 0.684968 0.222701 0.850831 0.19758 0.868711 0.227836 0.713672 0.871547 0.665124 0.0938144 0.827251 0.799149 0.393393 0.0886325 0.72657 
0.112292 0.0743404 0.369051 0.245077 0.415298 0.596853 0.228589 0.877372 0.397778 0.0531995 0.882207 0.895108 0.210729 0.158254 0.466336 0.45018 0.929833 0.339107 0.601376 0.145173 0.159114 0.762992 0.237186 0.842343 0.928848 0.352815 0.605493 0.450786 0.530699 0.121621 0.568877 0.659442 0.222918 0.00989414 0.52004 0.967922 0.17991 0.131054 0.886922 0.630689 0.788271 0.328758 0.244429 0.710497 0.0915185 0.691392 0.579836 0.0641824 0.848711 0.579318 0.40794 0.0330423 0.677863 0.147271 0.0689414 0.096127 0.147272 0.111208 0.802583 0.492343 0.582688 0.808352 0.0476865 0.839615 
0.373247 0.0845081 0.479258 0.861253 0.917636 0.2608 0.282093 0.74076 0.752747 0.0315059 0.84386 0.206267 0.977388 0.60695 0.544894 0.920204 0.0289048 0.894198 0.7388 0.528191 0.676313 0.499755 0.777733 0.467417 0.186411 0.0869999 0.31039 0.774227 0.0288919 0.762088 0.245806 0.166223 0.0993447 0.541223 0.905683 0.499102 0.161485 0.810932 0.205974 0.732966 0.444569 0.44918 0.557114 0.362003 0.561286 0.674549 0.282291 0.949223 0.608449 0.126556 0.337566 0.980057 0.0398131 0.922667 0.384953 0.56331 0.575186 0.364708 0.348927 0.563809 0.410411 0.79374 0.324868 0.520816 
0.722162 0.360994 0.387568 0.257527 0.65331 0.474452 0.374878 0.592951 0.57838 0.709333 0.834728 0.156781 0.348402 0.306392 0.147883 0.172121 0.800864 0.112609 0.871584 0.155544 0.977526 0.669876 0.536388 0.982923 0.187378 0.115301 0.234297 0.551569 0.160356 0.290313 0.726325 0.621953 0.726472 0.765361 0.0253857 0.630709 0.373066 0.180076 0.0492508 0.416728 0.76354 0.619899 0.915564 0.082028 0.82086 0.342571 0.170349 0.404195 0.989287 0.981521 0.360717 0.503096 0.420795 0.791169 0.0507035 0.84854 0.106747 0.425849 0.976165 0.621521 0.607471 0.657412 0.42171 0.691741 
0.0233422 0.193978 0.998546 0.161364 0.175898 0.173112 0.649245 0.8777 0.533651 0.351258 0.410714 0.873822 0.267311 0.800513 0.788395 0.32594 0.0413729 0.505068 0.835843 0.833239 0.584534 0.0637479 0.0438509 0.05862 0.717035 0.399273 0.744567 0.101549 0.0245238 0.254267 0.476824 0.175289 0.233809 0.798271 0.0979916 0.59621 0.704942 0.245894 0.733691 0.267367 0.476151 0.962756 0.818872 0.761501 0.847709 0.231336 0.38165 0.618378 0.603887 0.574646 0.517255 0.0726307 0.371521 0.73238 0.76493 0.0270985 0.683722 0.919067 0.384669 0.774955 0.675021 0.368033 0.849939 0.482422 
0.721215 0.888173 0.75759 0.43141 0.508079 0.687362 0.954467 0.928301 0.443159 0.650132 0.567086 0.994475 0.214349 0.745508 0.771486 0.18193 0.119702 0.741755 0.27912 0.897402 0.521261 0.439524 0.455328 0.164796 0.524919 0.798969 0.991878 0.821944 0.591189 0.804141 0.299209 0.686335 0.357172 0.680875 0.147853 0.477627 0.0470194 0.697043 0.0954972 0.195533 0.011027 0.897211 0.33922 0.487758 0.322779 0.0429218 0.869169 0.363355 0.46882 0.919439 0.0896186 0.864334 0.412502 0.447864 0.691416 0.0689743 0.591532 0.379277 0.560454 0.118748 0.494211 0.428485 0.729402 0.746376 
0.112972 0.3025 0.356977 0.106257 0.424532 0.582629 0.316845 0.889821 0.805488 0.620567 0.725839 0.266292 0.203548 0.409564 0.568137 0.945284 0.462233 0.889152 0.850255 0.593009 0.510217 0.705347 0.556291 0.356541 0.918757 0.951364 0.668966 0.811708 0.870858 0.0447892 0.322099 0.0268117 0.315476 0.22719 0.880958 0.487842 0.53643 0.077575 0.0221515 0.333967 0.441938 0.7001 0.670445 0.0355546 0.626352 0.130987 0.787974 0.675035 0.506309 0.503039 0.259378 0.257977 0.809051 0.729191 0.831148 0.244383 0.349827 0.430131 0.903029 0.982078 0.1276 0.685832 0.949399 0.430135 
0.936575 0.198185 0.480774 0.369073 0.8595 0.389853 0.370861 0.662491 0.0383359 0.357772 0.988086 0.349468 0.272104 0.581718 0.413608 0.175806 0.832653 0.632012 0.675235 0.86306 0.220743 0.855779 0.328829 0.530311 0.779309 0.367718 0.0954856 0.0369289 0.301644 0.153773 0.0717699 0.366111 0.0556619 0.779291 0.451555 0.0706693 0.795126 0.622792 0.399997 0.793016 0.443481 0.737146 0.675573 0.0387673 0.54178 0.377703 0.929197 0.922266 0.0827179 0.823687 0.970781 0.277732 0.328627 0.856178 0.692162 0.355247 0.0291636 0.916739 0.267922 0.85569 0.475124 0.210696 0.192311 0.0275981 
0.32737 0.0762755 0.28324 0.818712 0.651136 0.329852 0.0413132 0.896788 0.459256 0.440191 0.726394 0.042824 0.901532 0.593659 0.764594 0.80315 0.631028 0.937012 0.102124 0.847066 0.340199 0.0449413 0.0964759 0.29672 0.618296 0.526972 0.637019 0.27945 0.340845 0.694371 0.988043 0.5866 0.130119 0.230086 0.471608 0.434256 0.452295 0.283763 0.308623 0.529849 0.691713 0.864717 0.673774 0.447155 0.542311 0.461161 0.821672 0.135822 0.621076 0.768718 0.88334 0.337307 0.469964 0.202876 0.375577 0.0738273 0.343616 0.184284 0.146476 0.595231 0.532754 0.889106 0.571432 0.993611 
0.720052 0.952294 0.133604 0.185875 0.358781 0.215187 0.991706 0.213059 0.0163632 0.370637 0.236515 0.200132 0.263542 0.771363 0.30851 0.444138 0.192195 0.647345 0.284662 0.335726 0.561344 0.0256212 0.77954 0.378811 0.657273 0.643486 0.21708 0.0660551 0.874454 0.358422 0.480097 0.00109301 0.606123 0.723812 0.310515 0.544583 0.715363 0.0300215 0.879706 0.95016 0.113607 0.345888 0.972106 0.095928 0.317748 0.986267 0.990122 0.940289 0.550697 0.672991 0.984572 0.364501 0.866882 0.7212 0.190832 0.942108 0.32282 0.301569 0.0836459 0.087385 0.336115 0.846728 0.680347 0.723469 
0.0111583 0.149552 0.93051 0.0826216 0.972663 0.288702 0.152605 0.105399 0.596486 0.0897996 0.394443 0.293384 0.677276 0.957929 0.617396 0.991813 0.17225 0.934315 0.255297 0.0575063 0.679318 0.764689 0.746151 0.623708 0.453471 0.217176 0.127277 0.223378 0.717342 0.65782 0.893905 0.397003 0.912337 0.000398116 0.314594 0.799756 0.830939 0.372199 0.360006 0.564924 0.357591 0.918758 0.0227008 0.0761794 0.280078 0.251083 0.441768 0.980254 0.510865 0.260138 0.988629 0.645317 0.42913 0.769529 0.719789 0.883363 0.0424413 0.799459 0.654095 0.184726 0.996954 0.383244 0.264503 0.0676557 
0.769846 0.476207 0.0363083 0.137038 0.494708 0.42511 0.154554 0.0216461 0.61591 0.70608 0.855441 0.807498 0.446016 0.345193 0.772504 0.446104 0.633131 0.140377 0.832784 0.389499 0.478903 0.510796 0.645652 0.0478202 0.925972 0.687298 0.855623 0.673482 0.0259485 0.865314 0.840603 0.136612 0.774717 0.849507 0.0814932 0.41029 0.638006 0.917016 0.216737 0.529447 0.233565 0.805121 0.732879 0.580528 0.680369 0.548823 0.803593 0.108341 0.463778 0.630601 0.82131 0.429918 0.614102 0.799896 0.0233531 0.054834 0.336306 0.142737 0.772272 0.252977 0.577362 0.833865 0.101312 0.491049 
0.18178 0.58672 0.41243 0.584854 0.663085 0.819392 0.408541 0.39989 0.00854565 0.129743 0.82378 0.261622 0.0650777 0.604172 0.189672 0.476489 0.451677 0.421357 0.200134 0.864862 0.630008 0.0882771 0.462486 0.189568 0.579056 0.758861 0.159561 0.340747 0.7609 0.935094 0.654996 0.332801 0.277946 0.925167 0.177778 0.00802958 0.342255 0.527069 0.394186 0.719168 0.982981 0.663585 0.479411 0.425756 0.230188 0.330019 0.229527 0.581065 0.354587 0.00715975 0.838779 0.885769 0.129083 0.680497 0.80616 0.732846 0.0627998 0.867062 0.002617 0.672522 0.967666 0.774522 0.552472 0.71636 
0.279742 0.0930892 0.61772 0.200885 0.444434 0.705208 0.288362 0.660386 0.916356 0.898657 0.366446 0.903149 0.154134 0.45295 0.814744 0.872495 0.0375078 0.476534 0.764885 0.767175 0.134382 0.638498 0.257069 0.107026 0.0967603 0.861199 0.668827 0.263858 0.172697 0.0661822 0.633804 0.0390922 0.830209 0.648869 0.219076 0.49537 0.958106 0.119944 0.23911 0.303824 0.0305126 0.0733172 0.779892 0.614683 0.850928 0.462024 0.739013 0.849733 0.0913544 0.61614 0.11163 0.554768 0.915295 0.342008 0.516444 0.0173895 0.581717 0.452854 0.755202 0.531306 0.527712 0.800492 0.574704 0.0501226 
0.187802 0.668515 0.193932 0.593772 0.0587982 0.814 0.0453842 0.0589172 0.792877 0.831156 0.995655 0.41329 0.0781287 0.60075 0.864448 0.546363 0.230956 0.253674 0.929133 0.00561734 0.464048 0.934137 0.747666 0.990368 0.944493 0.892935 0.046743 0.692498 0.530376 0.0349885 0.9526 0.139192 0.414679 0.901355 0.811733 0.783926 0.791978 0.27816 0.644797 0.196895 0.422068 0.0418011 0.850016 0.344646 0.535969 0.0783024 0.403249 0.949593 0.612331 0.415351 0.353277 0.597668 0.0311747 0.263769 0.565076 0.750866 0.900792 0.505548 0.270364 0.700335 0.392416 0.3511 0.61207 0.0627272 
0.175765 0.8279 0.523163 0.705837 0.521353 0.226901 0.812286 0.404785 0.0632547 0.247841 0.997021 0.887135 0.837145 0.10964 0.741471 0.964173 0.364402 0.155614 0.562915 0.20972 0.0121263 0.759865 0.528557 0.28901 0.815106 0.0262143 0.0442721 0.37075 0.450322 0.676891 0.29637 0.0621217 0.134964 0.950016 0.565503 0.547823 0.0275633 0.0209933 0.948208 0.62447 0.0992517 0.718427 0.741899 0.490031 0.428105 0.737955 0.470701 0.0481231 0.0814576 0.543938 0.726359 0.731466 0.624324 0.0638963 0.222507 0.0659497 0.539737 0.152138 0.18848 0.447759 0.846222 0.975387 0.348093 0.296456 
0.76523 0.365577 0.724728 0.597427 0.47872 0.796556 0.170794 0.0554335 0.050886 0.859386 0.415304 0.196738 0.120846 0.673203 0.0263978 0.349342 0.320479 0.477884 0.504314 0.531108 0.241764 0.722779 0.0220126 0.603636 0.290766 0.471101 0.965845 0.896208 0.105492 0.121367 0.689465 0.55091 0.0182411 0.107935 0.0507458 0.37787 0.158543 0.939781 0.624065 0.398502 0.057203 0.582367 0.712515 0.876439 0.962288 0.741695 0.348949 0.575304 0.118642 0.782519 0.452219 0.509369 0.38622 0.967784 0.771799 0.399938 0.220825 0.157872 0.92796 0.0852455 0.655899 0.373764 0.845793 0.167741 
0.527536 0.312219 0.0751915 0.291744 0.0799245 0.507915 0.319456 0.742455 0.4246 0.855893 0.211894 0.884929 0.179815 0.990127 0.0782262 0.173159 0.226068 0.98772 0.28134 0.499426 0.58566 0.147709 0.0223541 0.234956 0.854665 0.699729 0.492746 0.252054 0.573511 0.964971 0.858792 0.341268 0.827626 0.450225 0.382059 0.251868 0.732663 0.681656 0.646255 0.610856 0.26609 0.147551 0.170229 0.818646 0.394824 0.26419 0.0898086 0.354433 0.0204242 0.0140651 0.187657 0.365457 0.637672 0.0826601 0.506514 0.335209 0.264183 0.0502323 0.0769109 0.760623 0.0863157 0.435938 0.259472 0.186646 
0.550473 0.51351 0.43868 0.341582 0.0037579 0.0741874 0.232544 0.902953 0.105973 0.459171 0.652059 0.97074 0.157877 0.967246 0.44454 0.288804 0.595336 0.91675 0.879614 0.249343 0.129964 0.687643 0.0927691 0.773173 0.246023 0.973668 0.711175 0.553809 0.440325 0.541178 0.181352 0.343823 0.959892 0.939351 0.574412 0.375741 0.37037 0.849356 0.0838545 0.404188 0.969804 0.213808 0.452468 0.139977 0.025783 0.247986 0.688508 0.0135053 0.216779 0.773407 0.402863 0.322597 0.928969 0.98722 0.430004 0.293524 0.0984333 0.357951 0.202086 0.723879 0.58281 0.322935 0.931025 0.0986624 
0.00257995 0.0889676 0.429367 0.119596 0.343152 0.8055 0.593885 0.755318 0.647 0.795881 0.409952 0.615428 0.655512 0.0124147 0.402948 0.62843 0.0724611 0.729332 0.376002 0.597146 0.627042 0.358629 0.505441 0.995395 0.00718721 0.315892 0.00554945 0.306319 0.131533 0.616816 0.491709 0.925911 0.0848252 0.917074 0.233549 0.0308693 0.488323 0.897034 0.821593 0.2419 0.285303 0.168924 0.756934 0.192153 0.944327 0.574485 0.407614 0.405037 0.496756 0.459322 0.643546 0.19715 0.860304 0.657492 0.761042 0.818199 0.542127 0.124135 0.265516 0.00496111 0.601681 0.660971 0.516455 0.104254 
0.211318 0.686824 0.699658 0.874229 0.862325 0.480572 0.451035 0.376423 0.326415 0.813055 0.196051 0.184436 0.38159 0.481549 0.923822 0.517312 0.581104 0.126633 0.0290409 0.466428 0.0220571 0.939456 0.851952 0.69361 0.245761 0.867262 0.288868 0.976149 0.0896707 0.176068 0.355741 0.233847 0.582767 0.630876 0.0906332 0.0606104 0.409254 0.0910468 0.666941 0.903601 0.778423 0.631242 0.833889 0.658359 0.740324 0.872635 0.779947 0.88612 0.919636 0.703672 0.422417 0.522323 0.926945 0.132925 0.40502 0.176169 0.29824 0.484523 0.0151217 0.386917 0.31645 0.638963 0.970707 0.95223 
0.443265 0.626039 0.580786 0.384498 0.753952 0.933314 0.937923 0.191408 0.487095 0.852244 0.393734 0.358948 0.675072 0.203242 0.963558 0.209298 0.38193 0.537651 0.307289 0.012932 0.694826 0.727245 0.296435 0.298114 0.956216 0.891099 0.576489 0.518333 0.0117825 0.996728 0.411755 0.589969 0.0818844 0.0423072 0.160142 0.445667 0.244723 0.195927 0.370302 0.311758 0.552078 0.0983107 0.338448 0.0141547 0.129111 0.135477 0.561977 0.50607 0.514434 0.702068 0.692162 0.170719 0.818913 0.634542 0.278582 0.565963 0.499654 0.885145 0.347628 0.257427 0.49133 0.40071 0.338869 0.812743 
0.0153742 0.501111 0.520875 0.89571 0.146838 0.271392 0.408129 0.0428675 0.0314746 0.959038 0.91326 0.437953 0.816482 0.193517 0.72526 0.713791 0.804864 0.262623 0.797518 0.139439 0.354727 0.384535 0.581185 0.167121 0.0805532 0.731059 0.607369 0.500812 0.099341 0.198378 0.719172 0.121174 0.875496 0.772052 0.141686 0.866766 0.260667 0.462184 0.620309 0.978743 0.551624 0.490964 0.637227 0.968841 0.0375895 0.533631 0.731863 0.091443 0.0661157 0.947332 0.765909 0.789236 0.311612 0.914921 0.321117 0.536272 0.40006 0.681108 0.41801 0.743925 0.971959 0.800207 0.882229 0.16775 
0.0289849 0.756648 0.746112 0.865231 0.653921 0.990407 0.360199 0.875415 0.854972 0.0512392 0.973768 0.73761 0.756042 0.61104 0.442216 0.481043 0.848105 0.835816 0.698354 0.137339 0.310636 0.57783 0.905568 0.173156 0.631856 0.474347 0.634157 0.176303 0.229444 0.574775 0.286593 0.766461 0.814662 0.869745 0.444016 0.891273 0.770127 0.127287 0.273745 0.815812 0.857699 0.408268 0.673063 0.670236 0.226887 0.475121 0.197003 0.0936612 0.890375 0.283226 0.178202 0.422189 0.826398 0.33905 0.69311 0.270648 0.110277 0.68216 0.542258 0.342681 0.969439 0.288868 0.64012 0.176686 
0.724117 0.996817 0.520081 0.862278 0.599815 0.40237 0.650485 0.198423 0.480209 0.877681 0.221017 0.653429 0.39495 0.441049 0.0467949 0.579298 0.0448706 0.892268 0.933293 0.733572 0.439482 0.355839 0.123873 0.245871 0.987587 0.819946 0.559463 0.88439 0.241398 0.693472 0.927787 0.753047 0.234843 0.80473 0.717345 0.702503 0.303627 0.00356582 0.267708 0.625327 0.408835 0.674867 0.0292592 0.795112 0.867291 0.713915 0.71871 0.347855 0.917813 0.253134 0.429077 0.854436 0.946918 0.577536 0.362475 0.941914 0.920752 0.29675 0.473368 0.930108 0.873548 0.306137 0.523958 0.787442 
0.157562 0.864813 0.689891 0.656476 0.489252 0.161417 0.811089 0.968882 0.954221 0.518519 0.55042 0.869149 0.866646 0.096176 0.800816 0.655687 0.361908 0.570898 0.9988 0.957961 0.344398 0.912478 0.116018 0.489544 0.230947 0.0893727 0.436164 0.340058 0.920291 0.897415 0.760883 0.240873 0.0266344 0.603222 0.833762 0.707063 0.299676 0.270046 0.360315 0.709329 0.0816256 0.0838225 0.907241 0.839146 0.210768 0.0683249 0.353112 0.244394 0.169752 0.860826 0.566844 0.177722 0.848373 0.797817 0.617402 0.97854 0.571538 0.000770477 0.691076 0.44909 0.451383 0.387351 0.192636 0.532904 
0.177342 0.611734 0.778144 0.337831 0.696678 0.820501 0.80567 0.374056 0.253542 0.399629 0.173695 0.774042 0.644899 0.672514 0.716288 0.00120075 0.189977 0.033938 0.153688 0.589223 0.143874 0.490324 0.356793 0.252296 0.253573 0.0477631 0.484641 0.512561 0.30869 0.5479 0.179513 0.441543 0.291492 0.415481 0.0477581 0.50663 0.630613 0.447097 0.405753 0.966073 0.585649 0.369793 0.0538788 0.208867 0.102789 0.136543 0.243723 0.61799 0.86298 0.655221 0.738398 0.853796 0.837202 0.937315 0.677427 0.834553 0.424263 0.947913 0.133112 0.89636 0.849504 0.609581 0.356906 0.0764183 
0.353685 0.120081 0.725407 0.112747 0.906632 0.826794 0.364305 0.369434 0.187287 0.98077 0.0959091 0.838586 0.552143 0.295136 0.497066 0.694861 0.0143568 0.446738 0.659275 0.860953 0.353456 0.99811 0.122548 0.181411 0.385221 0.404665 0.660551 0.505211 0.868262 0.224033 0.275351 0.22135 0.665891 0.338593 0.730443 0.907952 0.0991782 0.539497 0.909077 0.607933 0.114696 0.817954 0.855843 0.0199693 0.0169356 0.351996 0.0784483 0.149354 0.761779 0.0188031 0.563552 0.121368 0.615613 0.748944 0.712157 0.903527 0.658257 0.173484 0.357565 0.239482 0.952564 0.524853 0.341482 0.464802 
0.133126 0.318071 0.979142 0.650212 0.692002 0.769718 0.67006 0.149225 0.0839028 0.411211 0.460812 0.952844 0.100159 0.568976 0.531067 0.697381 0.429705 0.232595 0.171244 0.659919 0.602026 0.393088 0.984129 0.292005 0.552097 0.972144 0.921897 0.976529 0.365311 0.951721 0.477356 0.303011 0.58911 0.340234 0.837543 0.788683 0.813651 0.258521 0.79464 0.688642 0.612701 0.971544 0.796257 0.1954 0.838639 0.980407 0.493333 0.164038 0.875117 0.884402 0.211191 0.463347 0.764874 0.689624 0.971746 0.769081 0.732251 0.362454 0.650632 0.427382 0.262223 0.616167 0.425376 0.926526 
0.617969 0.648858 0.549497 0.962137 0.806206 0.408343 0.562776 0.735289 0.337039 0.625536 0.241849 0.20196 0.270393 0.648449 0.309847 0.848662 0.377558 0.851975 0.0398874 0.964303 0.511598 0.109454 0.940197 0.577028 0.196552 0.0232073 0.797706 0.482829 0.535738 0.249586 0.528017 0.31112 0.000879684 0.864657 0.865108 0.632753 0.661669 0.105591 0.325176 0.508194 0.163429 0.165091 0.831833 0.188055 0.938742 0.567049 0.499851 0.780914 0.227034 0.711477 0.34151 0.0723132 0.796024 0.429944 0.459545 0.976676 0.197107 0.604034 0.506887 0.572176 0.333479 0.0735791 0.695206 0.343148 
0.904046 0.382039 0.678244 0.784637 0.40884 0.553124 0.0399902 0.705377 0.0121706 0.0416448 0.252149 0.711933 0.209591 0.498217 0.0133984 0.258039 0.816917 0.609996 0.995363 0.0249507 0.416707 0.40393 0.568242 0.882089 0.785182 0.816671 0.483642 0.283834 0.701393 0.259532 0.0618974 0.842092 0.388743 0.480112 0.699046 0.270046 0.960323 0.806656 0.0292963 0.967401 0.923423 0.81058 0.80324 0.485796 0.804316 0.37803 0.977101 0.983439 0.111131 0.464054 0.725219 0.525958 0.22537 0.830219 0.458245 0.769023 0.279269 0.758237 0.531659 0.797155 0.257022 0.362795 0.560821 0.777033 
0.662977 0.490401 0.740767 0.452579 0.140998 0.0214876 0.0461297 0.721938 0.323147 0.509977 0.579417 0.0210797 0.503174 0.162115 0.377906 0.343611 0.444567 0.392329 0.0684864 0.017846 0.0574991 0.984802 0.857243 0.881577 0.301137 0.207061 0.414417 0.842471 0.404958 0.880732 0.55783 0.0198998 0.930013 0.0450224 0.0422657 0.641601 0.682216 0.00761753 0.485544 0.788281 0.764605 0.587812 0.0610353 0.357382 0.0918518 0.334367 0.998001 0.0222467 0.672261 0.386156 0.138 0.894774 0.90984 0.0583033 0.837092 0.0777763 0.0469332 0.611659 0.917883 0.334128 0.0377098 0.22938 0.369803 0.874234 
0.996506 0.730295 0.172413 0.147065 0.648056 0.213592 0.595011 0.955707 0.623221 0.460325 0.262225 0.19442 0.264093 0.595238 0.274936 0.530515 0.6486 0.505064 0.307104 0.55321 0.143852 0.501881 0.53593 0.184879 0.535252 0.93905 0.479606 0.609257 0.160324 0.918095 0.28106 0.700818 0.657802 0.147717 0.966809 0.627571 0.976071 0.551456 0.285583 0.143169 0.00596851 0.552639 0.433707 0.295482 0.964096 0.563669 0.676628 0.690821 0.890293 0.785675 0.138041 0.697224 0.127848 0.00551019 0.365172 0.0602285 0.433754 0.913459 0.957269 0.500884 0.0415115 0.176996 0.0286724 0.798836 
0.667721 0.600713 0.913927 0.748099 0.231924 0.57793 0.219526 0.462054 0.223455 0.913351 0.187679 0.761623 0.883561 0.898373 0.167812 0.395785 0.922219 0.454474 0.205972 0.762829 0.00725942 0.504575 0.446442 0.477629 0.333455 0.0567757 0.209139 0.446927 0.328743 0.327619 0.0766238 0.222464 0.161182 0.938021 0.503546 0.744083 0.87346 0.557054 0.636889 0.578988 0.232986 0.430046 0.502868 0.341503 0.349754 0.189818 0.738368 0.348801 0.981208 0.889364 0.895614 0.960693 0.126612 0.582994 0.761599 0.236198 0.348306 0.245904 0.0393904 0.439523 0.639368 0.256321 0.381305 0.900949 
0.856841 0.987987 0.590471 0.754306 0.259099 0.438776 0.751818 0.976439 0.851134 0.682231 0.406776 0.810451 0.825798 0.686354 0.698393 0.370518 0.300281 0.304516 0.117009 0.0835051 0.461175 0.766518 0.0759778 0.192773 0.209928 0.919328 0.654224 0.24463 0.195372 0.301764 0.749407 0.727565 0.768861 0.690907 0.969038 0.933346 0.176886 0.964679 0.202236 0.366039 0.261377 0.677623 0.891423 0.0209337 0.691145 0.00277791 0.480424 0.494542 0.318341 0.0321289 0.579268 0.413284 0.987419 0.183352 0.901116 0.410369 0.0359865 0.989643 0.993483 0.239641 0.82476 0.0350955 0.139451 0.233816 
0.220902 0.377537 0.302576 0.45336 0.0157093 0.664437 0.207126 0.964508 0.632782 0.831146 0.194148 0.794822 0.92945 0.464608 0.257747 0.831544 0.0632922 0.382966 0.0225471 0.582094 0.849174 0.763469 0.321124 0.274203 0.0474351 0.434653 0.275989 0.335619 0.299616 0.582636 0.495819 0.308528 0.550759 0.365762 0.00357033 0.391259 0.577361 0.200635 0.128669 0.474472 0.583665 0.611822 0.527727 0.363234 0.529425 0.432859 0.564059 0.060386 0.729693 0.773553 0.925245 0.692377 0.286033 0.264852 0.572859 0.778741 0.786095 0.972296 0.795801 0.548746 0.38426 0.708084 0.0380138 0.481213 
0.990914 0.0704051 0.0157074 0.221035 0.18763 0.12251 0.306629 0.534557 0.838194 0.0549047 0.13159 0.724496 0.426114 0.141176 0.350983 0.357307 0.595801 0.488245 0.680837 0.52665 0.0298203 0.882878 0.902995 0.532235 0.152525 0.268761 0.704279 0.491839 0.62589 0.185079 0.382128 0.464179 0.184973 0.492504 0.890954 0.259203 0.684912 0.353669 0.82204 0.886033 0.601878 0.292518 0.575626 0.391636 0.785987 0.49988 0.337305 0.745274 0.452611 0.731092 0.787807 0.526173 0.884127 0.645015 0.457759 0.957163 0.181249 0.0654636 0.915692 0.375904 0.782741 0.716685 0.382607 0.057888 
0.0985301 0.107339 0.603799 0.890515 0.0676547 0.692472 0.6909 0.396856 0.692227 0.752706 0.628271 0.652761 0.426991 0.93265 0.722406 0.885791 0.703607 0.427158 0.220049 0.827156 0.674773 0.749733 0.287553 0.900592 0.9647 0.752271 0.82726 0.669991 0.970477 0.0316038 0.105168 0.916447 0.64009 0.680717 0.244874 0.975358 0.6126 0.19817 0.567921 0.371831 0.998041 0.22958 0.0425032 0.94692 0.572065 0.0168637 0.606987 0.702062 0.205273 0.843615 0.74516 0.490348 0.207653 0.00284681 0.885637 0.071795 0.985334 0.132369 0.745862 0.406244 0.0488152 0.124513 0.203277 0.127315 
0.879637 0.537719 0.549773 0.430229 0.815647 0.109984 0.335337 0.781022 0.373471 0.762678 0.078068 0.328823 0.575556 0.469997 0.801945 0.805479 0.649677 0.812353 0.709499 0.050934 0.746494 0.756967 0.10054 0.721245 0.474708 0.0279753 0.854269 0.122389 0.695773 0.957954 0.760616 0.149314 0.485539 0.318561 0.569783 0.859525 0.278272 0.58436 0.032215 0.243217 0.392262 0.508754 0.945699 0.020965 0.793719 0.533169 0.288196 0.770046 0.797352 0.893943 0.228085 0.362375 0.925936 0.845479 0.484397 0.26606 0.322773 0.800234 0.23182 0.261589 0.725528 0.75552 0.683887 0.491319 
0.933029 0.0638207 0.357644 0.843503 0.788176 0.638545 0.724369 0.470919 0.0324019 0.995281 0.197167 0.636796 0.432125 0.231968 0.991138 0.779885 0.833983 0.2619 0.247257 0.0676052 0.689128 0.0718551 0.0643706 0.811552 0.5882 0.830183 0.847154 0.196056 0.345425 0.796934 0.623953 0.898443 0.504203 0.0569359 0.392717 0.66129 0.197608 0.673037 0.515032 0.870678 0.659986 0.420336 0.496344 0.569143 0.0080714 0.906915 0.96599 0.488302 0.5068 0.623675 0.0315252 0.164005 0.464044 0.0687106 0.530937 0.955621 0.0192254 0.678983 0.461101 0.43084 0.254227 0.501206 0.727691 0.216274 
0.51988 0.612733 0.799047 0.441393 0.251802 0.748171 0.365699 0.248423 0.594417 0.344091 0.635565 0.131191 0.0849548 0.104133 0.288914 0.572062 0.239946 0.386435 0.811537 0.863649 0.987961 0.501313 0.199715 0.0525722 0.777774 0.607385 0.786715 0.723656 0.75474 0.885868 0.757913 0.875326 0.4115 0.888185 0.714595 0.093989 0.404989 0.836784 0.919532 0.248758 0.552631 0.794635 0.879828 0.426277 0.75419 0.888108 0.940307 0.44789 0.687688 0.4794 0.732136 0.902918 0.04619 0.41843 0.707409 0.788495 0.607948 0.749967 0.208048 0.0126909 0.0743275 0.0203953 0.517856 0.824027 
0.431188 0.445608 0.29577 0.503349 0.607198 0.283154 0.942152 0.515676 0.106844 0.778637 0.975871 0.888556 0.0361167 0.0681813 0.503944 0.830792 0.977282 0.815712 0.625006 0.363021 0.640921 0.152412 0.138985 0.0487076 0.751889 0.14975 0.62352 0.0457433 0.465822 0.286142 0.0828993 0.648855 0.0221384 0.518504 0.269235 0.0251957 0.577504 0.897 0.360942 0.825427 0.36593 0.892748 0.158325 0.475052 0.609687 0.578048 0.941583 0.97018 0.922471 0.790036 0.746798 0.95918 0.602589 0.0812599 0.884463 0.0880939 0.731032 0.0835729 0.181081 0.262124 0.132488 0.714091 0.3252 0.0817635 
0.720833 0.71139 0.265433 0.935833 0.825829 0.834415 0.876107 0.116281 0.382908 0.849125 0.441783 0.89479 0.564963 0.720775 0.120073 0.0400567 0.329041 0.918379 0.377376 0.516017 0.693649 0.460353 0.89258 0.568767 0.520054 0.15906 0.890436 0.843929 0.734769 0.614376 0.237788 0.966166 0.557863 0.443663 0.951187 0.116862 0.891383 0.865827 0.221991 0.853442 0.718407 0.0291474 0.153252 0.977768 0.871386 0.543079 0.00357916 0.663124 0.332924 0.637652 0.721287 0.193964 0.312674 0.32966 0.682343 0.72036 0.338797 0.190581 0.0490582 0.466992 0.037138 0.49175 0.025135 0.674291 
0.87648 0.443159 0.988578 0.139991 0.00103647 0.722381 0.385762 0.279666 0.106058 0.928139 0.928704 0.0905293 0.302125 0.35299 0.502153 0.753564 0.360178 0.816065 0.652979 0.176366 0.8731 0.278634 0.33114 0.660364 0.00998943 0.516633 0.286569 0.619534 0.704547 0.131246 0.421107 0.641353 0.19966 0.228998 0.481797 0.880527 0.377009 0.49274 0.6906 0.87879 0.269605 0.203162 0.893512 0.60878 0.904949 0.0980336 0.829809 0.256308 0.635795 0.544227 0.786641 0.508083 0.852209 0.161173 0.753272 0.527759 0.893778 0.130142 0.575349 0.764986 0.706894 0.9396 0.134727 0.0873353 
0.45998 0.26668 0.548989 0.691254 0.83364 0.0792281 0.132845 0.690244 0.618595 0.571796 0.0308654 0.757085 0.691653 0.805102 0.623446 0.384727 0.731248 0.251639 0.367799 0.779747 0.819764 0.517289 0.780409 0.403354 0.327945 0.0225451 0.392598 0.948477 0.917776 0.392361 0.578237 0.762828 0.899897 0.0600949 0.642144 0.274036 0.359724 0.815823 0.254608 0.86649 0.447998 0.415386 0.233565 0.555497 0.943766 0.79167 0.255539 0.445613 0.449773 0.108703 0.706926 0.213217 0.588115 0.783766 0.972529 0.737185 0.600545 0.527505 0.740496 0.174239 0.973559 0.575907 0.332216 0.203362 
0.453325 0.101266 0.406317 0.277052 0.890027 0.787394 0.66758 0.747645 0.298869 0.981461 0.756022 0.665235 0.34035 0.361206 0.395088 0.610714 0.850323 0.890193 0.273758 0.99227 0.372148 0.751552 0.341252 0.851156 0.447783 0.530357 0.625993 0.84178 0.58587 0.427072 0.875316 0.125455 0.186392 0.0952559 0.346899 0.620333 0.419446 0.868288 0.0579144 0.697506 0.322835 0.795295 0.549397 0.827144 0.062668 0.308695 0.477866 0.968857 0.143354 0.651378 0.690639 0.865649 0.584516 0.120254 0.137012 0.362483 0.421579 0.708789 0.598904 0.145865 0.53058 0.407333 0.635204 0.971979 
0.106353 0.0681483 0.897371 0.667336 0.455638 0.778142 0.850216 0.98676 0.56541 0.558612 0.113438 0.774761 0.0279344 0.198269 0.284656 0.402825 0.35096 0.610387 0.851588 0.293417 0.00520118 0.972897 0.795639 0.660925 0.438538 0.0217444 0.933502 0.669605 0.139132 0.33105 0.902651 0.607835 0.692075 0.183969 0.868134 0.624176 0.0590302 0.203993 0.236748 0.521966 0.104496 0.934624 0.523065 0.118401 0.732425 0.101185 0.863077 0.748348 0.586915 0.873962 0.428426 0.897063 0.987336 0.418188 0.857378 0.868466 0.409311 0.70399 0.0270521 0.279224 0.310653 0.50171 0.580889 0.913948 
0.56092 0.435512 0.808907 0.886237 0.409906 0.00505106 0.292535 0.986049 0.80625 0.535555 0.794768 0.0532627 0.450325 0.905685 0.336909 0.626341 0.673547 0.74716 0.271681 0.588607 0.085821 0.4753 0.0248502 0.786 0.756898 0.657862 0.915401 0.527893 0.955524 0.324721 0.431047 0.0492286 0.690476 0.0510524 0.578792 0.824521 0.607195 0.16432 0.601228 0.738812 0.118705 0.945084 0.302648 0.956644 0.285451 0.326137 0.517814 0.992966 0.18647 0.883499 0.0695722 0.107748 0.97782 0.463748 0.639595 0.20849 0.463517 0.744875 0.673338 0.457876 0.339668 0.350995 0.292335 0.0823155 
0.952525 0.462889 0.169197 0.973452 0.500458 0.21971 0.978185 0.881618 0.845354 0.643574 0.57667 0.621051 0.97225 0.883773 0.182818 0.367672 0.155545 0.544352 0.213674 0.116554 0.0840991 0.324679 0.412478 0.746688 0.908722 0.305359 0.546768 0.822923 0.226895 0.0995724 0.0816013 0.0564286 0.661316 0.975229 0.765291 0.138032 0.322645 0.231731 0.161418 0.893968 0.826835 0.962023 0.541178 0.538041 0.635505 0.378853 0.66385 0.533259 0.873451 0.413953 0.250512 0.0858204 0.134566 0.679097 0.925746 0.859129 0.828393 0.347511 0.297156 0.482061 0.274704 0.694649 0.885618 0.309213 
0.0388864 0.87392 0.967096 0.924529 0.195704 0.217056 0.359395 0.205389 0.424442 0.229446 0.00467902 0.71909 0.278495 0.922868 0.452733 0.971518 0.324179 0.892919 0.278858 0.621852 0.76792 0.190667 0.891618 0.143861 0.984361 0.936894 0.51951 0.464711 0.987679 0.1138 0.23428 0.80043 0.31396 0.393453 0.120146 0.565853 0.833456 0.542493 0.626335 0.858188 0.21404 0.220568 0.921993 0.435102 0.378331 0.803156 0.323317 0.119927 0.780987 0.618115 0.988586 0.585487 0.259951 0.334272 0.996168 0.15687 0.872296 0.0727578 0.56828 0.0122717 0.231472 0.50399 0.462763 0.911499 
0.77647 0.603146 0.577305 0.407913 0.721645 0.547957 0.729633 0.0244186 0.0454653 0.00402105 0.681563 0.274414 0.50786 0.667469 0.670298 0.344685 0.908515 0.770296 0.785566 0.350292 0.867102 0.833659 0.849141 0.133677 0.0485398 0.682219 0.985876 0.471919 0.293386 0.516589 0.995471 0.568436 0.302114 0.240711 0.798933 0.562477 0.166103 0.549952 0.681435 0.0735482 0.730709 0.863678 0.70397 0.424038 0.974377 0.224935 0.052437 0.820118 0.168801 0.993174 0.820651 0.0739848 0.492833 0.0136085 0.897189 0.174515 0.279271 0.0316043 0.162158 0.602001 0.487939 0.0477185 0.00884664 0.0733612 
0.853962 0.816867 0.606872 0.844395 0.880781 0.836827 0.387096 0.952787 0.933288 0.625477 0.160649 0.0969274 0.0809299 0.627008 0.273808 0.701677 0.664256 0.405429 0.471564 0.915902 0.408235 0.602893 0.587009 0.421756 0.613103 0.354432 0.780017 0.454271 0.895544 0.379271 0.925779 0.919306 0.844193 0.417198 0.883823 0.00623005 0.320618 0.362535 0.0501684 0.353449 0.33449 0.561829 0.9428 0.22991 0.721743 0.27023 0.704829 0.959478 0.7535 0.810631 0.518427 0.132232 0.401455 0.340567 0.623001 0.102173 0.16069 0.830969 0.313641 0.304703 0.822766 0.470061 0.0458929 0.9664 
0.108019 0.348343 0.873524 0.674576 0.636951 0.337852 0.645264 0.996741 0.338366 0.678261 0.934142 0.532304 0.68583 0.950888 0.531425 0.901656 0.756379 0.846366 0.258215 0.127356 0.471595 0.575591 0.115884 0.667237 0.838123 0.559321 0.744041 0.949205 0.503571 0.745384 0.588573 0.166196 0.195476 0.177989 0.243606 0.353946 0.983263 0.277897 0.826292 0.360401 0.192961 0.482067 0.822469 0.975687 0.869821 0.516534 0.937947 0.845801 0.168703 0.363442 0.791697 0.874641 0.798785 0.970704 0.406527 0.481048 0.0150558 0.925319 0.810064 0.923222 0.522628 0.134143 0.447161 0.758403 
0.610371 0.599147 0.602001 0.305327 0.665543 0.600772 0.436912 0.943305 0.537183 0.691742 0.208995 0.436669 0.336336 0.0060994 0.302539 0.248801 0.899192 0.0102024 0.365274 0.16869 0.923402 0.920566 0.772829 0.137373 0.502681 0.039433 0.0217651 0.186425 0.202686 0.676474 0.570817 0.139722 0.5884 0.775368 0.944457 0.825293 0.823467 0.350504 0.647432 0.0837476 0.68048 0.85522 0.339497 0.20286 0.122096 0.659743 0.800361 0.3969 0.932583 0.524037 0.161854 0.418352 0.742307 0.1026 0.877173 0.378159 0.0650527 0.0464939 0.22074 0.646152 0.793636 0.351755 0.972943 0.294026 
0.231106 0.323815 0.243992 0.357323 0.336466 0.83532 0.917724 0.874681 0.203077 0.330454 0.201352 0.578801 0.922526 0.536782 0.862988 0.556381 0.512324 0.716851 0.190424 0.807897 0.3754 0.833811 0.585732 0.920867 0.0467823 0.671452 0.486466 0.124319 0.701891 0.993814 0.247756 0.906505 0.136736 0.817358 0.742278 0.0322225 0.546017 0.952635 0.275538 0.343136 0.817699 0.0219829 0.534797 0.815142 0.720839 0.593718 0.790054 0.275914 0.933963 0.130017 0.247826 0.713918 0.935931 0.800932 0.537792 0.346758 0.878706 0.0802123 0.615905 0.727952 0.257892 0.264928 0.354392 0.10631 
0.963531 0.865702 0.760022 0.84607 0.568808 0.988608 0.466695 0.870419 0.448625 0.481107 0.354778 0.925643 0.0966849 0.873885 0.879387 0.216912 0.307445 0.527927 0.67519 0.505695 0.128696 0.984038 0.243994 0.805502 0.0655926 0.702364 0.545415 0.750898 0.893449 0.110454 0.935945 0.791049 0.855109 0.849735 0.178514 0.0844324 0.726165 0.0169447 0.501544 0.545521 0.722437 0.977549 0.828227 0.212383 0.221603 0.716443 0.268739 0.716549 0.929133 0.560371 0.129561 0.62173 0.736473 0.480534 0.701272 0.0704694 0.0578591 0.752772 0.1428 0.701259 0.909105 0.730369 0.94205 0.828679 
0.594172 0.380496 0.153729 0.0951664 0.114961 0.803991 0.208358 0.0915677 0.993587 0.66565 0.775514 0.220239 0.0962244 0.292083 0.350216 0.283475 0.853427 0.787603 0.66576 0.445922 0.714436 0.847161 0.264464 0.0488107 0.735279 0.595002 0.768431 0.125996 0.495606 0.78009 0.31923 0.879944 0.150865 0.12146 0.147895 0.65337 0.606289 0.7363 0.330846 0.0841452 0.691976 0.493051 0.696174 0.461702 0.982439 0.592417 0.975529 0.517934 0.116742 0.302656 0.0549072 0.747064 0.262653 0.369808 0.398066 0.673834 0.651679 0.990787 0.892331 0.258176 0.779203 0.435193 0.582985 0.561553 
0.55397 0.666395 0.385802 0.674083 0.206058 0.318 0.143637 0.480321 0.487908 0.81232 0.446602 0.737949 0.925332 0.0702336 0.215954 0.430457 0.488948 0.721399 0.726225 0.115041 0.189919 0.302849 0.230686 0.877301 0.90447 0.788409 0.10131 0.0634959 0.996239 0.660208 0.271752 0.671768 0.777368 0.845075 0.343731 0.573245 0.905226 0.37886 0.465091 0.293682 0.487144 0.220962 0.3869 0.962174 0.610912 0.00309051 0.915836 0.299788 0.345034 0.450921 0.901058 0.383968 0.707297 0.699749 0.483602 0.30181 0.133464 0.68843 0.247804 0.282897 0.781692 0.882998 0.50851 0.294985 
0.635128 0.615708 0.962947 0.913847 0.674997 0.40199 0.826107 0.247321 0.739942 0.80756 0.43841 0.559014 0.771102 0.131298 0.958175 0.458698 0.0466455 0.478047 0.904235 0.715543 0.230472 0.884049 0.462722 0.113122 0.969706 0.979016 0.261665 0.11519 0.829492 0.5975 0.834994 0.400012 0.690995 0.331589 0.864223 0.645429 0.842234 0.157983 0.592386 0.780034 0.0244796 0.196268 0.317367 0.867815 0.214007 0.610032 0.922196 0.262582 0.0245149 0.204819 0.0199432 0.851294 0.249693 0.969563 0.921837 0.701226 0.838121 0.270022 0.759704 0.353976 0.907764 0.0767172 0.388228 0.0896554 
0.30054 0.271553 0.136039 0.945258 0.0909026 0.298955 0.783584 0.594207 0.95041 0.359653 0.360743 0.26408 0.564409 0.544636 0.631229 0.618415 0.154197 0.621472 0.925638 0.129629 0.862656 0.815683 0.209787 0.150086 0.502968 0.363412 0.538136 0.730956 0.785359 0.472945 0.244551 0.416783 0.745084 0.258242 0.336983 0.711428 0.926116 0.984735 0.144476 0.318832 0.0166971 0.173832 0.122153 0.601197 0.235584 0.10024 0.777098 0.87279 0.797385 0.714698 0.581338 0.800439 0.578934 0.45236 0.276584 0.244927 0.916842 0.987712 0.0695221 0.570373 0.231642 0.544283 0.766247 0.082643 
0.838301 0.152605 0.185801 0.178273 0.264283 0.0785971 0.544045 0.785068 0.72461 0.303022 0.924909 0.798296 0.583044 0.58459 0.874118 0.861375 0.303344 0.967833 0.794644 0.135833 0.866533 0.821833 0.265669 0.914019 0.611443 0.339338 0.131903 0.063696 0.706261 0.251046 0.0958294 0.238172 0.561968 0.642026 0.761704 0.215628 0.427153 0.665655 0.300396 0.982671 0.331226 0.371706 0.958722 0.463478 0.740497 0.77225 0.383608 0.286632 0.810183 0.452287 0.0797563 0.934043 0.373214 0.829676 0.221752 0.558522 0.289808 0.295337 0.353686 0.255951 0.746296 0.538175 0.525322 0.882374 
0.357254 0.699881 0.342047 0.603562 0.722135 0.826419 0.417988 0.239954 0.33927 0.779226 0.641629 0.635702 0.0451211 0.0556999 0.349988 0.827898 0.232483 0.815856 0.0495895 0.374757 0.555523 0.924169 0.354795 0.537657 0.660473 0.707583 0.164435 0.966669 0.551453 0.202521 0.335685 0.0876284 0.891729 0.543855 0.756586 0.998483 0.168708 0.45721 0.379544 0.463069 0.975905 0.913686 0.14082 0.933787 0.212811 0.66328 0.300389 0.367669 0.0949305 0.297772 0.1226 0.0793859 0.978103 0.740611 0.971284 0.977753 0.333094 0.953766 0.0220918 0.487456 0.981279 0.54305 0.858923 0.520013 
0.303571 0.570877 0.631189 0.960804 0.0326716 0.273642 0.0117207 0.670424 0.479907 0.983542 0.299217 0.0806928 0.608736 0.319719 0.122886 0.888495 0.5886 0.465311 0.863006 0.847846 0.757873 0.914566 0.701658 0.915393 0.353558 0.309411 0.449025 0.902552 0.559364 0.0855034 0.492522 0.609184 0.984638 0.362153 0.957803 0.810402 0.249587 0.308097 0.865056 0.0629929 0.762871 0.00297548 0.146904 0.09702 0.962782 0.254759 0.534326 0.0396532 0.0973337 0.406284 0.597047 0.52591 0.154917 0.829563 0.986941 0.976859 0.857679 0.799622 0.0862683 0.756553 0.664559 0.0347249 0.0218325 0.480719 
0.283001 0.54764 0.652282 0.326091 0.803658 0.0573775 0.683233 0.598493 0.026595 0.677388 0.498407 0.392056 0.628475 0.880353 0.197812 0.906014 0.715088 0.61923 0.342763 0.652616 0.287303 0.206268 0.732588 0.382988 0.0108196 0.370066 0.761503 0.8765 0.83769 0.991498 0.107953 0.519606 0.805142 0.851719 0.0435833 0.934408 0.0324338 0.0677443 0.886775 0.917891 0.955957 0.848481 0.0460862 0.663646 0.777463 0.687693 0.504102 0.0976868 0.903001 0.0704473 0.182829 0.0620513 0.410114 0.334126 0.690136 0.830881 0.0394738 0.990405 0.559871 0.121472 0.0566569 0.961995 0.910544 0.263717 
0.475204 0.570409 0.377107 0.536286 0.945704 0.613926 0.902493 0.727936 0.423152 0.419232 0.500612 0.895963 0.919227 0.58395 0.0731546 0.868728 0.282788 0.00834307 0.0967979 0.5388 0.734406 0.86706 0.868481 0.716281 0.497963 0.661621 0.237068 0.409338 0.586657 0.462773 0.976882 0.496963 0.446984 0.878541 0.771922 0.783361 0.189135 0.853645 0.0633161 0.875392 0.978158 0.16722 0.0564319 0.129233 0.187751 0.0724746 0.759266 0.746876 0.670019 0.193489 0.245317 0.216791 0.382344 0.435114 0.376991 0.576633 0.463724 0.866669 0.504575 0.150452 0.851823 0.834925 0.602851 0.334352 
0.690347 0.138979 0.927508 0.942757 0.998726 0.804812 0.57446 0.726828 0.737821 0.734298 0.561361 0.00770719 0.216695 0.505842 0.42846 0.594772 0.73447 0.347451 0.246034 0.129978 0.522112 0.938954 0.888096 0.271633 0.494688 0.0105862 0.653548 0.353753 0.364379 0.0461998 0.509506 0.0893405 0.874131 0.919692 0.521803 0.982512 0.327455 0.816947 0.245711 0.785923 0.769565 0.52676 0.0103779 0.573671 0.0903704 0.265594 0.158155 0.581292 0.567023 0.872718 0.0179771 0.474866 0.308344 0.475981 0.832338 0.160677 0.0172735 0.113862 0.659246 0.908355 0.598989 0.39159 0.675591 0.904838 
0.345471 0.364784 0.843751 0.0228709 0.82332 0.199697 0.899578 0.946035 0.302565 0.527587 0.123773 0.507746 0.257327 0.346414 0.206527 0.396144 0.156739 0.0971518 0.346571 0.824495 0.353493 0.613259 0.663569 0.792707 0.915949 0.211583 0.951068 0.981599 0.671854 0.0142735 0.412068 0.384171 0.596328 0.0189021 0.103662 0.253654 0.435496 0.0985944 0.963975 0.745347 0.167566 0.654918 0.570387 0.964926 0.258474 0.793865 0.535772 0.627056 0.864017 0.193232 0.893695 0.40338 0.0273397 0.846054 0.0668976 0.475843 0.529527 0.709993 0.221332 0.934099 0.492456 0.163461 0.163118 0.602007 
0.0697794 0.147643 0.991557 0.46071 0.678776 0.49946 0.101174 0.128439 0.457961 0.531715 0.689196 0.646602 0.436633 0.0105077 0.285143 0.402989 0.299677 0.158459 0.727613 0.943812 0.56632 0.601366 0.097854 0.380176 0.745716 0.919573 0.366093 0.734676 0.58592 0.90793 0.244021 0.842272 0.703094 0.630227 0.0310104 0.578778 0.0548069 0.997702 0.12635 0.166487 0.394606 0.4657 0.739542 0.951201 0.224789 0.201805 0.383268 0.118174 0.592078 0.398013 0.453693 0.279956 0.139048 0.128355 0.74746 0.41346 0.488558 0.691219 0.971716 0.974374 0.837493 0.202603 0.767236 0.403937 
0.093289 0.735879 0.394017 0.246812 0.184291 0.642252 0.548401 0.166092 0.516301 0.54063 0.906195 0.106061 0.304796 0.397001 0.97944 0.122532 0.491667 0.268045 0.357992 0.376408 0.000748855 0.858483 0.587214 0.649504 0.474057 0.830691 0.691405 0.470482 0.625985 0.414218 0.755493 0.610209 0.946007 0.0477175 0.0794301 0.689154 0.693474 0.818206 0.784159 0.533901 0.502872 0.296791 0.229325 0.753159 0.166274 0.452053 0.464251 0.0803695 0.436582 0.244444 0.471165 0.834778 0.536066 0.294681 0.932011 0.204519 0.710251 0.566654 0.205181 0.314258 0.247166 0.709911 0.949012 0.114184 
0.561935 0.594338 0.898109 0.423532 0.753003 0.441493 0.680511 0.328954 0.10541 0.473666 0.592214 0.65911 0.918728 0.365415 0.748909 0.560712 0.513647 0.503972 0.103184 0.41999 0.114082 0.125696 0.723523 0.472836 0.266597 0.333953 0.264537 0.802848 0.781334 0.551298 0.171579 0.872427 0.775109 0.539431 0.524072 0.559484 0.0742429 0.330339 0.205298 0.500264 0.428989 0.625231 0.961611 0.604182 0.032472 0.84736 0.754342 0.427239 0.729776 0.45031 0.549936 0.337842 0.00945424 0.986183 0.0440931 0.250903 0.456746 0.842241 0.0662879 0.45372 0.949718 0.212758 0.346809 0.135787 
0.796073 0.782518 0.277075 0.608936 0.347785 0.50187 0.812819 0.756457 0.792465 0.692257 0.59395 0.94292 0.875127 0.132555 0.691254 0.073263 0.994692 0.938302 0.426344 0.286247 0.495073 0.121912 0.581509 0.421993 0.491205 0.0553302 0.504294 0.209461 0.384879 0.0448866 0.551823 0.739233 0.643001 0.103035 0.527705 0.255649 0.799582 0.445716 0.198109 0.830456 0.119947 0.115777 0.0999191 0.54031 0.00598375 0.520099 0.898757 0.103582 0.828698 0.365146 0.0622762 0.133622 0.747401 0.239718 0.152392 0.223643 0.949744 0.293935 0.925154 0.0420872 0.500945 0.723046 0.184332 0.168925 
0.304301 0.772486 0.189927 0.96948 0.716055 0.775335 0.310872 0.137802 0.259846 0.895257 0.906025 0.889886 0.657506 0.398074 0.825226 0.826834 0.411474 0.508124 0.51824 0.438008 0.413723 0.262654 0.192284 0.620589 0.700367 0.0353928 0.800519 0.60273 0.446842 0.682619 0.956557 0.987186 0.0474076 0.851406 0.30019 0.678315 0.0522158 0.502959 0.418344 0.500868 0.00322769 0.667615 0.229472 0.500925 0.67785 0.216204 0.129279 0.167578 0.16928 0.872623 0.985422 0.188148 0.934752 0.495672 0.0201363 0.474436 0.187714 0.665145 0.960132 0.695517 0.600422 0.753698 0.978668 0.922791 
0.00149668 0.573755 0.132448 0.0639975 0.864779 0.00988628 0.879867 0.00685918 0.45684 0.325658 0.628628 0.659781 0.944455 0.810735 0.733167 0.968506 0.431651 0.624442 0.94605 0.0226775 0.370049 0.941017 0.217194 0.871457 0.69981 0.280639 0.051327 0.161057 0.36388 0.347559 0.0257699 0.88707 0.0123533 0.367852 0.106429 0.230488 0.0597103 0.616725 0.898659 0.142724 0.572438 0.802583 0.841171 0.718974 0.128793 0.180748 0.32497 0.198946 0.798945 0.308302 0.0268458 0.0662273 0.878105 0.251106 0.842559 0.550761 0.201555 0.0285807 0.783468 0.704597 0.659529 0.58174 0.227522 0.0619507 
0.883767 0.126832 0.49756 0.973522 0.28664 0.817698 0.668169 0.0796795 0.269902 0.175644 0.295787 0.454693 0.557286 0.644242 0.322744 0.99848 0.934174 0.890393 0.640533 0.691008 0.106857 0.51144 0.761887 0.613449 0.158936 0.68083 0.183503 0.0279951 0.339476 0.476728 0.119898 0.171488 0.806305 0.114679 0.110704 0.905841 0.919281 0.0696499 0.504693 0.319654 0.0570518 0.107589 0.288084 0.0083397 0.94886 0.951707 0.424614 0.297395 0.507453 0.158072 0.172716 0.310351 0.966794 0.598391 0.14703 0.824679 0.739978 0.429393 0.010286 0.874576 0.258289 0.636168 0.22094 0.877125 
0.582076 0.260082 0.0782202 0.904029 0.468741 0.525735 0.978436 0.901245 0.808481 0.0749369 0.839376 0.765265 0.125597 0.582342 0.790699 0.630828 0.751953 0.233451 0.835215 0.000853963 0.739698 0.0749245 0.199919 0.496154 0.458387 0.24314 0.696996 0.503723 0.65439 0.895048 0.187373 0.0304498 0.837849 0.620613 0.340219 0.635396 0.112002 0.943896 0.879392 0.665695 0.957378 0.376567 0.316198 0.743095 0.687632 0.395359 0.873311 0.235097 0.83202 0.427466 0.484463 0.552341 0.367307 0.115114 0.790641 0.72733 0.515309 0.726088 0.557578 0.406454 0.688939 0.56644 0.231134 0.335731 
0.916228 0.0307365 0.859462 0.984121 0.945273 0.748589 0.995727 0.323691 0.314967 0.080035 0.0720693 0.656148 0.314279 0.440625 0.385035 0.682687 0.485813 0.0160387 0.986139 0.420657 0.303883 0.730346 0.171336 0.257779 0.746811 0.0270977 0.0566341 0.210015 0.211706 0.242331 0.66687 0.950331 0.0853016 0.367711 0.154228 0.174777 0.784912 0.708641 0.985459 0.769428 0.0709363 0.922691 0.203426 0.00433933 0.9901 0.178785 0.0646223 0.348481 0.623753 0.634892 0.000946899 0.834383 0.798892 0.628578 0.348772 0.606232 0.28351 0.117266 0.183091 0.396983 0.479553 0.84845 0.689831 0.216475 
0.606258 0.497072 0.68971 0.821846 0.32752 0.17843 0.972768 0.533481 0.0641573 0.7656 0.45582 0.217752 0.0957013 0.631477 0.614638 0.55618 0.241755 0.49079 0.191161 0.415778 0.710887 0.299623 0.949824 0.114308 0.943687 0.578888 0.0873502 0.759534 0.745689 0.304011 0.458956 0.612228 0.0204201 0.151633 0.0915815 0.0963562 0.842637 0.598341 0.962175 0.0692657 0.720004 0.593327 0.0891733 0.146567 0.279178 0.511648 0.590824 0.849846 0.797473 0.226037 0.765604 0.646584 0.562323 0.532933 0.267406 0.761137 0.623354 0.558175 0.446466 0.766533 0.542178 0.991573 0.723215 0.859861 
0.646704 0.171411 0.909083 0.356021 0.677634 0.542871 0.812046 0.930406 0.17915 0.518965 0.113634 0.784586 0.424724 0.676465 0.873531 0.751457 0.200498 0.490093 0.0731614 0.283968 0.628892 0.279774 0.718239 0.293882 0.516578 0.0582762 0.374942 0.317435 0.947455 0.980573 0.509103 0.97128 0.396131 0.294365 0.410581 0.826466 0.432053 0.625468 0.573106 0.109813 0.227296 0.675317 0.0783404 0.076237 0.801404 0.28689 0.905124 0.587427 0.456608 0.396584 0.5129 0.481845 0.0393495 0.804247 0.572381 0.250602 0.851879 0.349723 0.981982 0.441812 0.449116 0.95492 0.620193 0.594287 
0.554686 0.963074 0.612514 0.715718 0.966298 0.0277938 0.0667399 0.0471619 0.591342 0.625506 0.397155 0.77502 0.0882476 0.553285 0.485133 0.868877 0.582878 0.619975 0.47442 0.658511 0.695238 0.891495 0.243351 0.902621 0.460463 0.0157325 0.475367 0.367838 0.863741 0.615425 0.0688471 0.371847 0.0263163 0.246549 0.802432 0.886503 0.325987 0.385831 0.856356 0.761951 0.0367325 0.394546 0.122679 0.0440965 0.407673 0.682919 0.0237953 0.629881 0.39505 0.158565 0.885268 0.691616 0.635411 0.449675 0.924793 0.999755 0.903094 0.106234 0.866138 0.387265 0.125694 0.920147 0.0380765 0.197109 
0.487528 0.473968 0.566726 0.353723 0.200358 0.671362 0.318635 0.515619 0.703362 0.45847 0.855098 0.845155 0.989525 0.47839 0.906167 0.0452298 0.122778 0.0472283 0.684348 0.634157 0.221168 0.898586 0.88162 0.893275 0.0262607 0.882858 0.326822 0.546297 0.519935 0.552548 0.91806 0.657556 0.797901 0.385069 0.586009 0.426639 0.351425 0.231095 0.936813 0.811829 0.403249 0.280574 0.280609 0.330535 0.00884571 0.98209 0.670328 0.720978 0.56744 0.15292 0.757742 0.0785593 0.215181 0.73804 0.165512 0.886171 0.489837 0.154832 0.662514 0.568549 0.0303451 0.415852 0.0971853 0.785542 
0.231974 0.0255172 0.361238 0.949827 0.578959 0.814448 0.741014 0.732814 0.0648699 0.751366 0.10538 0.863292 0.897155 0.665606 0.695267 0.558844 0.886519 0.971131 0.515135 0.730647 0.491353 0.0181181 0.0787673 0.456222 0.289751 0.651204 0.81028 0.280487 0.760067 0.261511 0.379236 0.553258 0.120447 0.825035 0.637659 0.379861 0.70607 0.824661 0.980373 0.564791 0.294222 0.862081 0.640457 0.0710326 0.577816 0.777654 0.498237 0.354806 0.141992 0.505787 0.926575 0.847579 0.67571 0.203537 0.837794 0.501832 0.60048 0.872443 0.547449 0.832094 0.967438 0.506021 0.185397 0.782833 
0.222247 0.43782 0.303599 0.484042 0.785476 0.553358 0.880226 0.785831 0.0111225 0.795604 0.914366 0.82225 0.916352 0.943154 0.260118 0.771342 0.313983 0.593058 0.847371 0.764731 0.978327 0.788118 0.387891 0.885953 0.365663 0.778121 0.780005 0.78141 0.590421 0.830191 0.873881 0.739522 0.377248 0.590944 0.810986 0.4934 0.497581 0.62779 0.654937 0.235144 0.0612871 0.0525032 0.0431258 0.0933508 0.0283447 0.968542 0.635669 0.993326 0.688842 0.470736 0.740935 0.128766 0.302996 0.999592 0.223925 0.243055 0.587229 0.309952 0.604473 0.463783 0.189176 0.498681 0.564133 0.977209 
0.0828672 0.541761 0.328217 0.667982 0.554285 0.023958 0.723815 0.280844 0.917305 0.666462 0.0668643 0.48011 0.043432 0.152253 0.241129 0.11571 0.326292 0.307337 0.434496 0.785065 0.409546 0.063331 0.569272 0.862299 0.105209 0.86365 0.701291 0.51188 0.345304 0.35671 0.145836 0.0913759 0.00764961 0.0506956 0.970224 0.457124 0.313162 0.808763 0.750916 0.554216 0.681615 0.82744 0.440935 0.462187 0.625267 0.476401 0.557031 0.580023 0.842692 0.993936 0.712816 0.558199 0.785618 0.791236 0.0480758 0.808411 0.963207 0.647387 0.0657537 0.227211 0.197594 0.877177 0.328074 0.996006 
