22.7914 0101110010000011010011110110101010000101110110100001000011111011001110101110101110000101101001101011
80.1933 1111001101010110100111100000100101001111010100011110000010101000101011101001001111001001111000111110
0.887412 0.954412 0.952278 0.621489 0.640356 0.950452 0.672866 0.0411733 0.841574 0.816554 0.782511 0.735267 0.477388 0.866202 0.315524 0.906534 0.00137097 0.57549 0.474524 0.272051 0.268399 0.987114 0.929716 0.184923 0.453444 0.447343 0.252974 0.874197 0.288862 0.31946 0.575938 0.808036 0.241485 0.834912 0.747132 0.44131 0.0890517 0.383349 0.418054 0.764972 0.199278 0.0490421 0.674042 0.0198203 0.796566 0.71551 0.295335 0.328822 0.268134 0.136555 0.371955 0.0157418 0.344727 0.96362 0.195854 0.967877 0.0837837 0.230147 0.160475 0.92971 0.925754 0.847103 0.455495 0.542803 
0.335336 0.700952 0.633953 0.381894 0.899029 0.40014 0.360562 0.824523 0.0479323 0.716221 0.101182 0.966264 0.196478 0.809901 0.295553 0.552718 0.789818 0.64608 0.47266 0.855544 0.52694 0.327168 0.752638 0.989797 0.603211 0.772611 0.880749 0.210839 0.979725 0.862411 0.780342 0.390501 0.460804 0.17649 0.465754 0.437076 0.458756 0.635899 0.979424 0.689884 0.0800703 0.234165 0.338159 0.391696 0.801373 0.0524215 0.112552 0.56532 0.080816 0.465212 0.677111 0.007521 0.678599 0.802017 0.972111 0.860179 0.421017 0.899773 0.308953 0.708461 0.558654 0.320618 0.0448475 0.273403 
0.916431 0.56148 0.122131 0.563009 0.394545 0.537884 0.294491 0.506233 0.643536 0.254181 0.884666 0.788875 0.713223 0.179917 0.86946 0.976298 0.658879 0.0281817 0.228437 0.913015 0.836471 0.490575 0.0487633 0.501014 0.131175 0.378819 0.477651 0.975669 0.0641064 0.981404 0.421277 0.971803 0.377829 0.0623057 0.797309 0.816438 0.342093 0.0915554 0.223119 0.929568 0.52449 0.0427483 0.844462 0.559 0.202679 0.153246 0.862028 0.629028 0.787603 0.343511 0.595255 0.47726 0.786962 0.896891 0.958321 0.648625 0.0288535 0.92089 0.437324 0.82225 0.921653 0.863891 0.618937 0.203591 
0.950169 0.78569 0.405474 0.138418 0.913032 0.415884 0.465117 0.0603847 0.463276 0.77992 0.843493 0.413802 0.0757448 0.0493392 0.491824 0.0978564 0.738844 0.883052 0.0646121 0.261762 0.0173031 0.49947 0.326399 0.67668 0.0215996 0.389488 0.698159 0.167041 0.364875 0.181355 0.721891 0.291272 0.304256 0.464057 0.918081 0.805671 0.186294 0.411626 0.854668 0.0555793 0.84015 0.611208 0.578654 0.417142 0.194326 0.785462 0.963883 0.530918 0.759398 0.924846 0.262956 0.0737571 0.802407 0.046095 0.375015 0.743601 0.807947 0.48068 0.455519 0.920628 0.305384 0.00940006 0.862162 0.198008 
0.293388 0.960279 0.678101 0.306153 0.233763 0.812338 0.990358 0.843956 0.758719 0.858802 0.681662 0.929878 0.742069 0.691912 0.294946 0.655486 0.393574 0.900708 0.849219 0.489665 0.896023 0.0824025 0.0955445 0.548761 0.598332 0.981114 0.497086 0.710825 0.681909 0.77083 0.751669 0.222944 0.0611488 0.320446 0.569215 0.145818 0.909195 0.992784 0.66121 0.903621 0.364111 0.681965 0.161435 0.186402 0.933155 0.924643 0.638675 0.307154 0.754445 0.592554 0.0574129 0.306906 0.516508 0.79263 0.304466 0.963836 0.394488 0.147725 0.0401278 0.371822 0.857108 0.592794 0.296269 0.684636 
0.0703241 0.111758 0.734496 0.276629 0.916347 0.901528 0.747075 0.699924 0.575486 0.818748 0.998403 0.0474851 0.552471 0.908786 0.667594 0.276597 0.974827 0.57711 0.543188 0.389193 0.287222 0.723163 0.563962 0.592432 0.733766 0.873793 0.866602 0.666215 0.56774 0.898299 0.111281 0.679455 0.399394 0.297031 0.444132 0.106915 0.0624881 0.541878 0.695256 0.830673 0.244671 0.868631 0.0571129 0.294146 0.0911219 0.707005 0.191279 0.676609 0.843524 0.414697 0.200245 0.318115 0.919829 0.555402 0.771118 0.399305 0.456462 0.410482 0.398997 0.095766 0.476199 0.567426 0.799628 0.971441 
0.671674 0.736685 0.405302 0.172798 0.903286 0.549317 0.548541 0.0870224 0.0157432 0.682932 0.00510286 0.0303264 0.92007 0.79439 0.971825 0.908742 0.452535 0.0945415 0.0046521 0.0399103 0.58751 0.242368 0.337157 0.207 0.486477 0.361451 0.92433 0.0831048 0.367194 0.788702 0.824507 0.922765 0.549238 0.167215 0.534401 0.152981 0.649257 0.691609 0.90223 0.360255 0.30199 0.454181 0.253937 0.907423 0.213757 0.372494 0.308585 0.411979 0.028931 0.895205 0.582047 0.411724 0.413883 0.723927 0.305035 0.0599084 0.307195 0.833445 0.416374 0.567373 0.274271 0.684545 0.928119 0.995613 
0.604026 0.881815 0.992793 0.366711 0.337437 0.153983 0.0373574 0.979439 0.366723 0.81242 0.678033 0.398625 0.556329 0.249292 0.316837 0.852601 0.561968 0.453099 0.487889 0.684319 0.755699 0.811447 0.891641 0.885619 0.997599 0.192296 0.927667 0.605552 0.388538 0.71611 0.807036 0.324662 0.999281 0.117653 0.375277 0.387435 0.718734 0.866046 0.652749 0.698608 0.887165 0.128091 0.66493 0.753107 0.228853 0.0684993 0.258882 0.608801 0.484696 0.911155 0.932275 0.835606 0.653639 0.572996 0.604133 0.606965 0.469492 0.717753 0.45249 0.123625 0.822804 0.625342 0.383321 0.365512 
0.988735 0.628152 0.822075 0.209227 0.225298 0.560701 0.100205 0.741363 0.544193 0.999316 0.930936 0.817151 0.636202 0.435592 0.735361 0.448547 0.609964 0.519774 0.254368 0.730095 0.404801 0.92265 0.133138 0.503386 0.258979 0.908389 0.812886 0.264575 0.925084 0.519179 0.561177 0.840937 0.69416 0.32098 0.644964 0.598267 0.553923 0.813034 0.758104 0.647687 0.98367 0.44396 0.788112 0.227375 0.715428 0.0508165 0.201081 0.128495 0.956348 0.167486 0.601377 0.807261 0.982942 0.68028 0.0708297 0.207686 0.134725 0.46661 0.435866 0.881268 0.111836 0.243445 0.975705 0.307195 
0.609302 0.122211 0.140573 0.995467 0.321576 0.838839 0.428191 0.763259 0.22897 0.104642 0.907437 0.584179 0.563637 0.843774 0.437216 0.292615 0.344121 0.625299 0.24052 0.329864 0.723564 0.387497 0.45721 0.637441 0.92018 0.970482 0.429239 0.329762 0.640662 0.0735478 0.23286 0.492546 0.494297 0.348001 0.226084 0.130541 0.375975 0.412939 0.171123 0.455972 0.890058 0.995049 0.875474 0.997346 0.993249 0.238286 0.908025 0.364114 0.0193024 0.0302869 0.136057 0.998389 0.868386 0.63925 0.048279 0.882048 0.366398 0.822378 0.128509 0.0217077 0.472264 0.490779 0.143061 0.581374 
0.30393 0.528361 0.061778 0.354002 0.462045 0.366609 0.190351 0.732236 0.269026 0.415231 0.716921 0.639476 0.953661 0.553564 0.0391619 0.655911 0.61863 0.434157 0.957935 0.0010465 0.609103 0.326097 0.792996 0.889079 0.803983 0.116766 0.282541 0.201525 0.169417 0.963116 0.933636 0.522345 0.238852 0.918327 0.99479 0.542091 0.377485 0.134448 0.509877 0.829613 0.145772 0.387606 0.256773 0.98822 0.224911 0.62468 0.994937 0.664065 0.356132 0.772145 0.0905161 0.651721 0.845681 0.660832 0.538756 0.0434801 0.0224561 0.590452 0.197443 0.0197069 0.437175 0.851408 0.300459 0.782285 
0.897114 0.489479 0.111952 0.475832 0.824423 0.73154 0.057623 0.481461 0.72154 0.581603 0.672329 0.661998 0.91152 0.518634 0.297565 0.788168 0.679361 0.360428 0.715804 0.635692 0.570026 0.0399552 0.990879 0.388645 0.0301574 0.791223 0.66045 0.791295 0.157785 0.455416 0.547114 0.614679 0.4955 0.0972217 0.37816 0.271299 0.625997 0.807102 0.639288 0.16788 0.346041 0.370238 0.11841 0.526433 0.0797779 0.968995 0.16129 0.554972 0.329912 0.0906307 0.830548 0.0989322 0.686319 0.214312 0.367761 0.277273 0.776394 0.626493 0.984021 0.232514 0.367097 0.708983 0.202248 0.290245 
0.0605228 0.114583 0.474631 0.171114 0.136091 0.357483 0.143982 0.526388 0.0948462 0.0703533 0.969769 0.592423 0.932254 0.468367 0.814328 0.805353 0.127267 0.802458 0.185338 0.625258 0.861394 0.762026 0.879009 0.477117 0.098855 0.311777 0.897536 0.192908 0.542249 0.708167 0.125707 0.32544 0.106273 0.584747 0.737711 0.134499 0.865154 0.976518 0.116766 0.527223 0.109364 0.646436 0.960691 0.0110903 0.477145 0.240236 0.722694 0.394839 0.557677 0.298271 0.84148 0.529082 0.056086 0.934085 0.67894 0.311674 0.389511 0.0817061 0.498769 0.857669 0.240557 0.323808 0.182409 0.595333 
0.235186 0.309368 0.547269 0.410827 0.35597 0.485356 0.983523 0.662815 0.578965 0.773116 0.302667 0.812798 0.81638 0.991675 0.472977 0.516367 0.778937 0.0562545 0.424715 0.401088 0.503667 0.223678 0.313061 0.963186 0.352353 0.489719 0.0523734 0.715016 0.311787 0.906785 0.817532 0.907868 0.545375 0.145861 0.314265 0.578972 0.135429 0.493847 0.535373 0.792433 0.0972158 0.68055 0.77097 0.967765 0.473847 0.768168 0.642202 0.379965 0.599704 0.499888 0.318115 0.435288 0.684311 0.591993 0.250149 0.908243 0.726566 0.0807754 0.451203 0.996603 0.376185 0.0156894 0.702655 0.33631 
0.0552986 0.720841 0.315437 0.599929 0.630054 0.462361 0.631821 0.867438 0.865891 0.020865 0.674522 0.150458 0.340319 0.848168 0.837823 0.143667 0.035863 0.333711 0.667415 0.738608 0.237936 0.546934 0.0467444 0.0574068 0.234744 0.516709 0.0254841 0.472561 0.895871 0.0514312 0.574826 0.582845 0.62141 0.793548 0.489817 0.598404 0.108008 0.221766 0.681837 0.853126 0.0541961 0.850712 0.13163 0.392605 0.770591 0.219561 0.0789648 0.241204 0.0284849 0.178674 0.0406532 0.897194 0.0559245 0.711916 0.153374 0.0269136 0.260375 0.106887 0.538777 0.287225 0.887334 0.555752 0.397968 0.416944 
0.938747 0.186051 0.99268 0.0840049 0.923598 0.0940119 0.525204 0.0620445 0.393751 0.770039 0.522923 0.137824 0.179617 0.730815 0.818736 0.190882 0.563092 0.233173 0.707147 0.785843 0.765569 0.678598 0.00796505 0.419065 0.821551 0.379782 0.887566 0.899536 0.938321 0.325886 0.628535 0.745002 0.484783 0.37832 0.054856 0.406273 0.721948 0.66226 0.197327 0.324859 0.789526 0.497435 0.754006 0.561836 0.517666 0.149787 0.980686 0.137297 0.0629219 0.556086 0.0757471 0.688527 0.500866 0.587031 0.466733 0.534221 0.7289 0.665286 0.190732 0.836449 0.701903 0.186088 0.284331 0.209772 
0.81033 0.0104056 0.637139 0.421314 0.21057 0.358827 0.892023 0.670988 0.381489 0.658048 0.455546 0.298097 0.0111611 0.549685 0.657195 0.549407 0.774083 0.273353 0.578349 0.357337 0.266543 0.862012 0.755845 0.608174 0.712473 0.0547934 0.171832 0.842364 0.491021 0.404202 0.874243 0.149926 0.734115 0.25744 0.547216 0.661286 0.197173 0.824359 0.0886949 0.592764 0.697046 0.469686 0.166161 0.567785 0.578033 0.330499 0.68358 0.99376 0.638529 0.857037 0.775234 0.924582 0.0118816 0.949389 0.722678 0.785319 0.248066 0.877871 0.30553 0.835943 0.412832 0.682627 0.17235 0.968001 
0.557076 0.518518 0.837893 0.812537 0.438887 0.10156 0.933047 0.523197 0.341398 0.91589 0.0669539 0.870571 0.613773 0.824699 0.648247 0.165367 0.778347 0.161757 0.253263 0.187445 0.257868 0.581389 0.224989 0.144232 0.866268 0.052251 0.821218 0.183854 0.955235 0.0408906 0.76352 0.280581 0.439254 0.745645 0.835412 0.731375 0.527149 0.8834 0.761844 0.154231 0.752447 0.816159 0.635953 0.0125725 0.160937 0.0511069 0.566896 0.536528 0.345678 0.925349 0.511048 0.982409 0.44547 0.877163 0.50776 0.630705 0.722533 0.483525 0.48919 0.946156 0.673434 0.41088 0.411195 0.810211 
0.710901 0.551716 0.738195 0.876864 0.101837 0.441996 0.745531 0.594819 0.995568 0.868738 0.577067 0.456323 0.992768 0.449088 0.143128 0.115869 0.460626 0.26526 0.639764 0.0467787 0.26823 0.00664584 0.0944213 0.558691 0.358533 0.311934 0.69559 0.692239 0.726853 0.903837 0.986118 0.428352 0.0695324 0.562595 0.744431 0.355938 0.981798 0.452401 0.259684 0.17442 0.896376 0.244084 0.82587 0.0026642 0.753335 0.159657 0.398124 0.319848 0.744929 0.574803 0.717887 0.172807 0.885004 0.314789 0.915186 0.348622 0.543894 0.26267 0.756749 0.687959 0.806179 0.870382 0.0574787 0.90125 
0.287226 0.817723 0.263788 0.946768 0.724105 0.601819 0.372868 0.779574 0.152985 0.621293 0.737745 0.707501 0.834688 0.954062 0.87734 0.262943 0.409273 0.2949 0.863844 0.084214 0.444775 0.696566 0.325974 0.581086 0.231021 0.543776 0.699451 0.840253 0.14731 0.455216 0.483838 0.347519 0.326485 0.505976 0.0477827 0.525629 0.194767 0.480155 0.566833 0.32251 0.756537 0.461453 0.381627 0.270431 0.799519 0.32055 0.325687 0.6279 0.0644639 0.24401 0.78335 0.293111 0.977151 0.524815 0.0927025 0.791675 0.809523 0.324783 0.126862 0.323509 0.980656 0.674652 0.268439 0.100585 
0.578744 0.881396 0.417938 0.493391 0.784667 0.988065 0.935904 0.947536 0.299707 0.636675 8.90703e-05 0.430954 0.264036 0.754895 0.457865 0.981857 0.999779 0.34227 0.515405 0.663927 0.315136 0.0410335 0.998807 0.829877 0.379331 0.423834 0.231296 0.510804 0.618306 0.592103 0.735956 0.403313 0.0480288 0.385409 0.224165 0.100854 0.727792 0.253962 0.767761 0.946692 0.634965 0.842554 0.584234 0.628377 0.729957 0.951704 0.216493 0.771014 0.398078 0.587876 0.331485 0.339022 0.14862 0.440259 0.884568 0.580481 0.833814 0.0761037 0.199071 0.895692 0.191815 0.0687751 0.249505 0.224747 
0.103442 0.919318 0.0758171 0.457991 0.863811 0.977925 0.590093 0.0668184 0.401022 0.123238 0.829515 0.681734 0.64489 0.403978 0.0445344 0.115772 0.811285 0.035179 0.292761 0.874553 0.595751 0.823469 0.304437 0.163854 0.776932 0.954935 0.666619 0.277371 0.717868 0.829348 0.0297552 0.422445 0.136128 0.00435247 0.682156 0.501982 0.144847 0.431614 0.428906 0.0240268 0.803446 0.103121 0.388816 0.00503536 0.726475 0.340004 0.673388 0.0770367 0.739397 0.259678 0.342786 0.0527484 0.331557 0.56822 0.594705 0.335171 0.371586 0.243505 0.725285 0.0832142 0.790713 0.921418 0.835295 0.907725 
0.806891 0.7395 0.435917 0.180514 0.598014 0.562746 0.19948 0.757502 0.547471 0.293939 0.359761 0.295917 0.953563 0.328873 0.083528 0.709909 0.222419 0.94765 0.805306 0.383459 0.357634 0.161076 0.991027 0.16196 0.770517 0.038497 0.616174 0.0524152 0.159471 0.431093 0.229339 0.277227 0.811028 0.982854 0.721915 0.685236 0.0734045 0.560739 0.750388 0.815262 0.0598192 0.364269 0.453446 0.667212 0.243361 0.435759 0.248608 0.84739 0.492221 0.737441 0.479896 0.977609 0.536712 0.34252 0.483525 0.187939 0.149745 0.676019 0.303608 0.239787 0.471731 0.208752 0.334348 0.0318085 
0.169265 0.888514 0.30199 0.459851 0.507757 0.151875 0.309654 0.891432 0.610288 0.414587 0.41571 0.274098 0.86428 0.739473 0.348105 0.671033 0.973209 0.649597 0.0937131 0.636697 0.520324 0.627286 0.455382 0.439937 0.167314 0.482469 0.519648 0.944729 0.571993 0.627578 0.922794 0.695084 0.825581 0.351594 0.351671 0.130787 0.632005 0.263708 0.139835 0.337289 0.0429431 0.961329 0.534107 0.0553929 0.332323 0.129215 0.578166 0.824982 0.965715 0.865336 0.8471 0.445084 0.369019 0.114258 0.784659 0.0831064 0.604111 0.318152 0.130939 0.963203 0.509097 0.390202 0.44231 0.0420754 
0.66576 0.483705 0.948897 0.362236 0.112092 0.558693 0.75896 0.61134 0.131086 0.957642 0.57235 0.278168 0.563746 0.477685 0.965302 0.0299588 0.443053 0.0488806 0.680612 0.955728 0.23279 0.946979 0.670797 0.00602423 0.307703 0.0625831 0.251642 0.585209 0.860629 0.0800647 0.0165756 0.337771 0.756469 0.741501 0.364641 0.140842 0.781898 0.124088 0.255265 0.0178934 0.14126 0.736428 0.126796 0.417593 0.179263 0.295895 0.0610122 0.364121 0.686754 0.787982 0.940289 0.175405 0.666715 0.318414 0.244375 0.296785 0.175226 0.441712 0.918502 0.706346 0.659446 0.95592 0.429919 0.581628 
0.990696 0.219637 0.352712 0.289087 0.545692 0.259614 0.522245 0.928223 0.672568 0.337114 0.405555 0.34753 0.225709 0.21985 0.625412 0.522259 0.757126 0.871211 0.688171 0.422315 0.0490796 0.898917 0.917183 0.88241 0.646155 0.0100039 0.670296 0.13324 0.244206 0.863183 0.1851 0.210258 0.373696 0.156304 0.952303 0.82778 0.717202 0.435625 0.276541 0.418043 0.151936 0.233664 0.98876 0.427587 0.862407 0.54046 0.277039 0.184639 0.343222 0.531216 0.787528 0.624713 0.0697458 0.185994 0.0460446 0.916889 0.564385 0.288116 0.621919 0.204124 0.281588 0.213273 0.854665 0.845538 
0.239234 0.234318 0.214716 0.755944 0.268736 0.833468 0.242689 0.880728 0.308828 0.715034 0.715684 0.44126 0.770131 0.43945 0.610127 0.0578856 0.519973 0.0810445 0.645578 0.944453 0.48837 0.519172 0.706471 0.546841 0.789597 0.779954 0.596434 0.514456 0.996212 0.669101 0.576218 0.729325 0.0702773 0.843099 0.92271 0.252457 0.08325 0.932889 0.462782 0.151039 0.389496 0.998553 0.263014 0.687036 0.987759 0.438167 0.0121111 0.718579 0.769342 0.283035 0.0621783 0.348521 0.332068 0.47836 0.961767 0.100769 0.395681 0.269468 0.287744 0.947889 0.224248 0.935734 0.375581 0.744599 
0.116446 0.201725 0.384943 0.680369 0.147716 0.634821 0.670201 0.662872 0.231314 0.51536 0.261296 0.843065 0.96119 0.911938 0.652711 0.61702 0.297775 0.977978 0.852952 0.618883 0.496063 0.27513 0.51714 0.534094 0.968428 0.0386273 0.817478 0.40298 0.487502 0.826238 0.26411 0.330892 0.0339338 0.894819 0.114055 0.138717 0.953404 0.0703455 0.517381 0.706353 0.230356 0.275668 0.0365854 0.340805 0.593633 0.572174 0.803834 0.277934 0.257165 0.898942 0.202902 0.133325 0.498311 0.279289 0.392597 0.745675 0.876485 0.704688 0.347831 0.63235 0.259169 0.676907 0.313722 0.762018 
0.387033 0.427084 0.205931 0.648104 0.445384 0.787404 0.180033 0.503384 0.378835 0.0200246 0.952696 0.0117004 0.525631 0.839959 0.62511 0.839805 0.516691 0.167036 0.632955 0.731777 0.501905 0.792014 0.782694 0.0409242 0.340119 0.165604 0.0525744 0.184434 0.923762 0.510802 0.492322 0.467536 0.451554 0.845517 0.284739 0.50773 0.700773 0.857293 0.437952 0.833246 0.775321 0.277125 0.0869441 0.862458 0.403995 0.593524 0.852114 0.377929 0.20453 0.0416877 0.348472 0.825708 0.227244 0.459488 0.661563 0.400641 0.709956 0.677208 0.381761 0.872474 0.0348105 0.260678 0.19711 0.126122 
0.878618 0.772848 0.0858421 0.934018 0.535015 0.786605 0.581189 0.0117299 0.287812 0.962691 0.983537 0.603172 0.838205 0.432301 0.0418442 0.47475 0.255471 0.550078 0.949206 0.615498 0.487171 0.754613 0.533815 0.0247574 0.58524 0.897155 0.737091 0.391868 0.222406 0.465496 0.0223608 0.172761 0.613677 0.414205 0.391709 0.52619 0.461487 0.574525 0.360839 0.69779 0.926306 0.142759 0.343788 0.226319 0.0606422 0.724793 0.586364 0.760931 0.318952 0.660816 0.138155 0.738447 0.381473 0.0779209 0.925415 0.0557501 0.0337109 0.492234 0.311599 0.468182 0.611297 0.186778 0.380001 0.808903 
0.866363 0.505874 0.665711 0.027692 0.224697 0.298029 0.937341 0.962327 0.612927 0.0143571 0.567009 0.20604 0.985907 0.737563 0.925207 0.263734 0.101611 0.666275 0.284357 0.269149 0.934561 0.643487 0.315887 0.202628 0.720601 0.862371 0.539418 0.127865 0.79189 0.966464 0.149549 0.103337 0.0837528 0.348031 0.247063 0.0530479 0.700565 0.424407 0.765437 0.75484 0.035449 0.473197 0.5913 0.838304 0.241537 0.606125 0.72389 0.969933 0.464714 0.163282 0.246751 0.0520531 0.324157 0.690591 0.25389 0.204101 0.777007 0.224966 0.0891345 0.331851 0.351516 0.939954 0.609697 0.312832 
0.351814 0.816251 0.656331 0.153319 0.842216 0.103777 0.546033 0.134632 0.00086999 0.198883 0.422853 0.374726 0.835427 0.129004 0.901006 0.402366 0.0643112 0.159073 0.262853 0.653921 0.541615 0.530875 0.56305 0.680024 0.415205 0.679428 0.425844 0.932203 0.495595 0.372557 0.162402 0.940153 0.514118 0.933789 0.059244 0.0218581 0.428078 0.345793 0.0685899 0.0895872 0.12221 0.936063 0.321248 0.081814 0.609989 0.0102906 0.239246 0.903449 0.755214 0.203073 0.77954 0.037856 0.679304 0.961671 0.71196 0.124588 0.754742 0.532575 0.172258 0.367111 0.828078 0.992664 0.889012 0.29841 
0.257291 0.717091 0.188983 0.527277 0.577996 0.917876 0.469726 0.580787 0.466835 0.899229 0.857347 0.282156 0.717965 0.567321 0.763002 0.809856 0.174298 0.948289 0.0544595 0.792122 0.797494 0.174662 0.559998 0.57615 0.687684 0.0813412 0.279936 0.997517 0.786723 0.746885 0.454597 0.475373 0.57291 0.700298 0.360583 0.764238 0.602156 0.900994 0.885059 0.905094 0.168514 0.34611 0.958369 0.974552 0.0403894 0.706985 0.0967137 0.944952 0.123522 0.223584 0.700888 0.472085 0.593539 0.203894 0.911243 0.129491 0.468638 0.202802 0.361417 0.685266 0.83934 0.89915 0.760351 0.00541477 
0.803321 0.711349 0.125392 0.011955 0.303153 0.803937 0.590527 0.765071 0.830683 0.602011 0.591217 0.042041 0.977052 0.75987 0.984508 0.554311 0.621233 0.0905923 0.420995 0.196549 0.760104 0.103281 0.631657 0.951856 0.0229608 0.0405717 0.809789 0.558199 0.441648 0.426282 0.832305 0.648802 0.876482 0.388326 0.397301 0.888172 0.93308 0.291198 0.448678 0.911176 0.00424925 0.906239 0.783128 0.704838 0.464294 0.748535 0.932146 0.539943 0.611014 0.921034 0.58164 0.287303 0.18855 0.800831 0.499829 0.614987 0.0690227 0.32549 0.504243 0.315671 0.405007 0.374629 0.854496 0.818278 
0.177023 0.267443 0.462237 0.43244 0.307362 0.167544 0.917283 0.978548 0.834755 0.575509 0.0233542 0.789391 0.183302 0.087396 0.198008 0.844062 0.506079 0.343488 0.0674855 0.754719 0.290226 0.0121016 0.988107 0.199804 0.933177 0.326405 0.380924 0.964142 0.24743 0.118824 0.238395 0.161144 0.716462 0.136026 0.756456 0.806682 0.757785 0.260397 0.408935 0.263797 0.512488 0.043824 0.22798 0.657202 0.0483869 0.474573 0.509679 0.615502 0.486365 0.244549 0.69926 0.554311 0.270135 0.755089 0.391468 0.631013 0.861805 0.767995 0.573852 0.887841 0.097488 0.698772 0.380364 0.243457 
0.454164 0.623596 0.93281 0.879361 0.708192 0.0364082 0.351991 0.146882 0.661246 0.57605 0.658274 0.0236265 0.0583088 0.217002 0.829769 0.0115117 0.978167 0.844446 0.0212154 0.975571 0.604979 0.288969 0.628883 0.523191 0.609304 0.783718 0.123962 0.20895 0.135312 0.216978 0.488016 0.700511 0.743981 0.731042 0.868216 0.336394 0.935894 0.94879 0.153052 0.676277 0.351322 0.879998 0.856166 0.822844 0.499343 0.00406979 0.46504 0.520008 0.313641 0.533583 0.648618 0.86897 0.185427 0.779164 0.731825 0.711859 0.483077 0.023925 0.104876 0.687676 0.802629 0.773477 0.628567 0.479064 
0.803526 0.634254 0.946066 0.00877915 0.416462 0.333114 0.23369 0.927462 0.450865 0.247088 0.311584 0.548156 0.441275 0.698093 0.426007 0.443043 0.149316 0.0260936 0.817984 0.49212 0.657319 0.277141 0.372243 0.042923 0.267253 0.526716 0.427756 0.00890844 0.570299 0.779698 0.435026 0.424819 0.678559 0.7057 0.0999902 0.855583 0.297233 0.704113 0.0390186 0.26406 0.643489 0.336103 0.397604 0.299495 0.357484 0.099877 0.476894 0.790234 0.382575 0.394156 0.328644 0.757895 0.99931 0.941015 0.29785 0.00561296 0.887237 0.264913 0.20238 0.299545 0.721534 0.951256 0.103097 0.210532 
0.70664 0.428338 0.0741251 0.849351 0.781603 0.0716531 0.889899 0.89434 0.0406414 0.180792 0.704806 0.892604 0.421473 0.554527 0.310154 0.00869086 0.244481 0.515886 0.988823 0.0915414 0.488493 0.512852 0.291497 0.846738 0.971354 0.96457 0.364911 0.481304 0.55234 0.718037 0.311512 0.445978 0.254904 0.254533 0.385944 0.294556 0.894426 0.0205216 0.0834459 0.67805 0.832138 0.352492 0.415455 0.999167 0.209059 0.954994 0.494127 0.79383 0.876066 0.456289 0.37066 0.064853 0.386869 0.952887 0.235496 0.0226443 0.119272 0.391896 0.53806 0.529653 0.867444 0.0533814 0.321641 0.868555 
0.485617 0.446479 0.387255 0.24439 0.636126 0.72161 0.718876 0.429842 0.511677 0.0286765 0.869775 0.0303293 0.844986 0.847285 0.933265 0.421715 0.978487 0.819709 0.703353 0.73384 0.0354857 0.566349 0.594924 0.0506365 0.483373 0.700006 0.878449 0.967563 0.484897 0.213118 0.764522 0.768063 0.503599 0.00323531 0.158131 0.343708 0.532981 0.483694 0.20811 0.0313998 0.538292 0.56526 0.449539 0.960861 0.569806 0.607183 0.596835 0.865619 0.17089 0.214469 0.546337 0.0936456 0.998747 0.975937 0.504976 0.390776 0.126727 0.402878 0.623494 0.320364 0.0443762 0.0410076 0.781654 0.174738 
0.820341 0.381991 0.780196 0.97379 0.241295 0.500896 0.724715 0.0899957 0.0921583 0.673362 0.0505375 0.679884 0.701033 0.185713 0.193204 0.324826 0.407313 0.800814 0.493205 0.613884 0.458149 0.372438 0.0159906 0.268516 0.152432 0.401999 0.738587 0.262675 0.996869 0.998844 0.422148 0.639864 0.524254 0.811683 0.520659 0.142364 0.625264 0.267718 0.825101 0.768793 0.867818 0.56144 0.981339 0.356344 0.627685 0.527492 0.0699663 0.998081 0.364851 0.534667 0.228485 0.345562 0.678995 0.431759 0.793052 0.824615 0.985485 0.853159 0.068735 0.305319 0.975569 0.507902 0.61508 0.912705 
0.950237 0.710976 0.587347 0.994676 0.453969 0.859337 0.649516 0.612973 0.998399 0.974373 0.161497 0.23943 0.884155 0.551006 0.517956 0.568196 0.596624 0.766018 0.25028 0.616628 0.96762 0.144595 0.239613 0.804533 0.73355 0.388319 0.0773709 0.782401 0.0721029 0.436689 0.59415 0.475249 0.591163 0.807952 0.945825 0.246008 0.506483 0.96531 0.758837 0.780445 0.934473 0.335772 0.203949 0.316239 0.305023 0.926253 0.594579 0.745355 0.935953 0.193403 0.131552 0.575409 0.714692 0.830912 0.24611 0.00229194 0.352664 0.362825 0.704949 0.699605 0.903577 0.990619 0.705529 0.973874 
0.541853 0.379585 0.968866 0.875218 0.0559176 0.399076 0.0255359 0.673747 0.751721 0.101072 0.253216 0.927412 0.508049 0.421002 0.75641 0.475507 0.938077 0.39649 0.387345 0.489418 0.911012 0.570247 0.0958004 0.446873 0.191993 0.778706 0.0571127 0.867236 0.963854 0.28974 0.251556 0.178544 0.929015 0.839272 0.905474 0.831438 0.692197 0.835742 0.0118734 0.972811 0.808462 0.599993 0.14353 0.572084 0.404024 0.279541 0.534019 0.0590519 0.615985 0.161905 0.222498 0.711436 0.166949 0.632757 0.393212 0.926286 0.450811 0.855219 0.955711 0.979722 0.71877 0.208163 0.348239 0.199308 
0.437932 0.0431366 0.123606 0.814011 0.170383 0.833171 0.166588 0.103204 0.804521 0.102315 0.245084 0.882781 0.762232 0.117951 0.619479 0.281775 0.835892 0.854152 0.827372 0.0752887 0.860499 0.416084 0.745397 0.389869 0.861723 0.785703 0.0976565 0.599834 0.313465 0.841387 0.787283 0.863671 0.914725 0.82062 0.182813 0.715451 0.144347 0.945968 0.486232 0.230237 0.0102993 0.0721816 0.256688 0.0101669 0.963384 0.853514 0.39157 0.867388 0.907685 0.127501 0.262365 0.677311 0.723313 0.502323 0.342128 0.286068 0.838481 0.67393 0.542615 0.0637211 0.727015 0.614352 0.762521 0.346607 
0.296732 0.4351 0.304707 0.215746 0.0342403 0.771433 0.728466 0.62839 0.10328 0.791242 0.432889 0.572475 0.784861 0.443856 0.762051 0.959426 0.480131 0.510529 0.762317 0.881875 0.0723141 0.809139 0.611064 0.384325 0.917268 0.0769811 0.839458 0.54089 0.115688 0.799628 0.28864 0.39473 0.439344 0.922733 0.396404 0.61006 0.378092 0.50073 0.750346 0.766971 0.615139 0.484337 0.141359 0.00144729 0.0444328 0.656539 0.382235 0.46006 0.794501 0.423203 0.395618 0.214095 0.333537 0.359182 0.583826 0.899755 0.919849 0.23715 0.92179 0.415362 0.916473 0.439792 0.177912 0.878376 
0.787338 0.271003 0.0313818 0.0378355 0.0835155 0.0948314 0.639453 0.970378 0.637182 0.19024 0.223353 0.944584 0.318175 0.514385 0.201408 0.566304 0.0769298 0.857308 0.148328 0.38676 0.132347 0.454975 0.132519 0.742761 0.855647 0.979477 0.524586 0.349219 0.868581 0.991369 0.370153 0.348549 0.33821 0.280949 0.268008 0.351945 0.159948 0.955644 0.246111 0.841048 0.165877 0.290805 0.247309 0.421499 0.151753 0.874454 0.831189 0.17637 0.559625 0.78529 0.355567 0.683156 0.287501 0.528545 0.428523 0.0376614 0.495703 0.123887 0.0635505 0.349429 0.647462 0.27002 0.824489 0.106827 
0.702562 0.341059 0.637653 0.351344 0.977743 0.372709 0.1282 0.44187 0.306701 0.51078 0.117505 0.136567 0.612448 0.10132 0.499393 0.756119 0.568278 0.807902 0.678212 0.688801 0.363956 0.870633 0.666229 0.519612 0.348499 0.731252 0.8983 0.163105 0.340713 0.358516 0.253769 0.962868 0.392754 0.775526 0.638864 0.355763 0.589767 0.801155 0.514137 0.167122 0.851427 0.747764 0.273136 0.588097 0.0163257 0.19322 0.693506 0.716967 0.0697599 0.180219 0.229629 0.276957 0.88062 0.0411049 0.43432 0.836567 0.362219 0.539504 0.955268 0.172998 0.627076 0.780918 0.236097 0.810028 
0.735124 0.113842 0.724719 0.586967 0.360049 0.31632 0.492019 0.368398 0.433918 0.902119 0.47314 0.692623 0.4855 0.613194 0.993958 0.131125 0.457839 0.661712 0.684765 0.997323 0.247587 0.825717 0.728609 0.832102 0.841126 0.661129 0.736216 0.624378 0.312777 0.712954 0.909284 0.0125665 0.724569 0.0852647 0.069472 0.215316 0.763346 0.0347159 0.282743 0.188211 0.589343 0.842544 0.18827 0.421014 0.555919 0.122977 0.410824 0.950869 0.68829 0.255147 0.717155 0.0115291 0.778694 0.396935 0.927884 0.236727 0.797161 0.778831 0.152299 0.44119 0.657271 0.8815 0.295744 0.259628 
0.746951 0.349971 0.0704539 0.235231 0.0316393 0.3778 0.0493629 0.0224419 0.816166 0.762466 0.910092 0.26724 0.244848 0.400322 0.597439 0.740556 0.916381 0.536957 0.596667 0.943892 0.0478303 0.651911 0.312944 0.75702 0.704827 0.512232 0.178199 0.389921 0.188295 0.628703 0.85587 0.474688 0.342433 0.305308 0.527179 0.74998 0.916647 0.0999482 0.00957251 0.711602 0.329606 0.686725 0.585296 0.432164 0.770309 0.424922 0.433614 0.972008 0.719302 0.555414 0.436286 0.340446 0.0204113 0.758471 0.471267 0.161075 0.142445 0.220648 0.596839 0.615944 0.716057 0.290552 0.0428058 0.944155 
0.195163 0.982285 0.638102 0.891975 0.0176067 0.333455 0.927003 0.823161 0.114483 0.646185 0.665664 0.670933 0.760677 0.733958 0.857972 0.0140952 0.846035 0.264464 0.0931527 0.813875 0.47101 0.624392 0.199495 0.523643 0.556985 0.74386 0.758899 0.767856 0.65953 0.110811 0.74991 0.192264 0.168619 0.524895 0.279884 0.660119 0.00290248 0.889068 0.0819676 0.806625 0.952307 0.0371699 0.473704 0.795938 0.559974 0.943854 0.60627 0.350636 0.808264 0.238045 0.868126 0.788828 0.894222 0.0224169 0.677444 0.837359 0.960613 0.983509 0.702575 0.76246 0.0156175 0.412357 0.606616 0.0615085 
0.289737 0.627638 0.146958 0.589267 0.363766 0.431013 0.861808 0.853818 0.126804 0.12334 0.223834 0.582324 0.0796976 0.388023 0.137001 0.301596 0.149889 0.542301 0.856614 0.316148 0.675323 0.512179 0.302155 0.21926 0.625394 0.437528 0.212054 0.943276 0.78552 0.685344 0.998867 0.850085 0.242657 0.0938143 0.742452 0.540203 0.712036 0.207341 0.794865 0.0549359 0.79448 0.126138 0.358637 0.228737 0.201917 0.41432 0.900255 0.997996 0.934192 0.543829 0.39717 0.630411 0.596758 0.860131 0.3224 0.468369 0.0898063 0.82629 0.461859 0.0821317 0.293858 0.920796 0.966316 0.201011 
0.323429 0.16997 0.0440455 0.344341 0.867453 0.23016 0.451951 0.0435842 0.750064 0.231036 0.102471 0.829958 0.211119 0.580847 0.315135 0.155343 0.394598 0.0182748 0.276613 0.25372 0.385261 0.226094 0.191804 0.215891 0.273317 0.567545 0.440666 0.753992 0.424071 0.450607 0.44446 0.729811 0.97036 0.771304 0.804718 0.729526 0.000660523 0.148427 0.433921 0.496427 0.155715 0.119528 0.825759 0.819369 0.304183 0.857067 0.288726 0.594431 0.411027 0.609477 0.292183 0.429504 0.865962 0.566605 0.63604 0.49847 0.354412 0.917566 0.452614 0.611245 0.458413 0.105421 0.490528 0.693546 
0.0776643 0.80732 0.0703269 0.0479009 0.11105 0.975773 0.671016 0.0742339 0.911415 0.286677 0.673646 0.603663 0.752314 0.875463 0.320432 0.690655 0.377789 0.914458 0.414435 0.478909 0.857613 0.790776 0.46867 0.212173 0.659607 0.115078 0.609842 0.758041 0.912388 0.408257 0.02289 0.946849 0.38493 0.615419 0.0192185 0.397139 0.447253 0.57004 0.225954 0.671928 0.508085 0.436252 0.770603 0.246091 0.195094 0.633688 0.681892 0.602501 0.581439 0.846252 0.133113 0.507796 0.675917 0.507825 0.154642 0.829273 0.387247 0.975061 0.522757 0.800753 0.489265 0.152933 0.0327919 0.0264754 
0.937638 0.247907 0.85714 0.0440826 0.934428 0.673061 0.505133 0.993243 0.0493236 0.990436 0.144606 0.930472 0.949548 0.350242 0.24487 0.541542 0.0507549 0.297082 0.599542 0.841905 0.059233 0.730712 0.497138 0.594028 0.48554 0.901722 0.483067 0.219905 0.910879 0.404978 0.804814 0.550161 0.712665 0.147814 0.172494 0.853467 0.383977 0.275832 0.502896 0.103007 0.0664061 0.891621 0.539342 0.591441 0.494003 0.956438 0.425486 0.931429 0.929993 0.732648 0.781161 0.758583 0.746038 0.049226 0.643947 0.613388 0.762658 0.703518 0.157433 0.316374 0.379688 0.841929 0.0985873 0.678801 
0.130047 0.284096 0.995725 0.167343 0.52426 0.307565 0.592864 0.209871 0.671085 0.123792 0.879914 0.58424 0.824946 0.17114 0.14132 0.665432 0.754677 0.695506 0.824719 0.256481 0.324895 0.70465 0.362647 0.0092651 0.172895 0.105218 0.93966 0.888582 0.281212 0.439152 0.291743 0.166401 0.0958939 0.968989 0.383344 0.248998 0.0998402 0.61284 0.120429 0.345832 0.263784 0.0207146 0.705154 0.940221 0.554136 0.742429 0.31902 0.546163 0.447624 0.0875716 0.0739733 0.436421 0.741606 0.764838 0.0156848 0.630346 0.638786 0.501642 0.0740355 0.457484 0.481916 0.787266 0.485823 0.157231 
0.44424 0.707865 0.26898 0.0335807 0.146207 0.559515 0.586106 0.922182 0.391167 0.262255 0.580753 0.201957 0.867224 0.966011 0.986187 0.269155 0.964725 0.874643 0.444163 0.511615 0.838943 0.36858 0.764392 0.751961 0.575761 0.607837 0.783358 0.408401 0.496153 0.620645 0.393961 0.226089 0.212046 0.198853 0.345715 0.375109 0.383565 0.979507 0.286212 0.535934 0.886554 0.809191 0.0659369 0.400854 0.720434 0.0727885 0.226655 0.74689 0.332863 0.842708 0.984371 0.398996 0.575303 0.510188 0.310724 0.810626 0.354788 0.127297 0.199432 0.289965 0.187388 0.571271 0.414956 0.533169 
0.0785316 0.563175 0.145914 0.670344 0.582991 0.164145 0.52258 0.17737 0.108108 0.353072 0.194562 0.225793 0.833961 0.26578 0.279054 0.705279 0.861569 0.552738 0.212525 0.260024 0.601281 0.938933 0.966428 0.0562763 0.114452 0.789298 0.0827443 0.352881 0.581901 0.186017 0.582293 0.0154201 0.315273 0.425154 0.49929 0.372078 0.741498 0.320958 0.940412 0.441945 0.878293 0.646042 0.0589927 0.565049 0.143953 0.816395 0.707246 0.0806947 0.898417 0.674598 0.190751 0.697996 0.544501 0.222772 0.163895 0.772614 0.0196361 0.0521441 0.375778 0.0157229 0.375932 0.236692 0.1931 0.714012 
0.372777 0.44148 0.870763 0.161106 0.904678 0.702198 0.762717 0.858165 0.421217 0.0236664 0.633852 0.11003 0.842564 0.159391 0.228388 0.925472 0.0832735 0.191722 0.593708 0.243408 0.326515 0.675789 0.605764 0.542351 0.128111 0.655317 0.809447 0.515078 0.421881 0.673593 0.691584 0.144677 0.630427 0.398843 0.576452 0.743477 0.786638 0.606838 0.711852 0.936604 0.60536 0.309121 0.673204 0.84295 0.307349 0.10674 0.517514 0.134667 0.708429 0.749995 0.693238 0.538663 0.198559 0.810482 0.199223 0.207643 0.805004 0.594463 0.339738 0.644725 0.538353 0.875605 0.414923 0.632456 
0.930113 0.552457 0.112544 0.135628 0.772645 0.313604 0.107407 0.801639 0.919529 0.0168988 0.464508 0.307756 0.122146 0.552612 0.666776 0.468454 0.591136 0.578669 0.982443 0.214453 0.787501 0.937994 0.0628163 0.6137 0.785861 0.357732 0.211073 0.916793 0.0253835 0.679081 0.568478 0.301781 0.180738 0.651174 0.973781 0.804385 0.412621 0.178192 0.706311 0.373617 0.229628 0.0225512 0.47195 0.804745 0.938548 0.517643 0.266682 0.963895 0.716151 0.407241 0.0347411 0.833779 0.138514 0.357783 0.162338 0.978959 0.578869 0.607071 0.70939 0.289372 0.110369 0.0318631 0.979068 0.939883 
0.00857992 0.968079 0.709253 0.445726 0.597567 0.538841 0.416915 0.614431 0.24549 0.955971 0.986636 0.975995 0.339823 0.94655 0.717 0.979838 0.540303 0.157301 0.259212 0.0347068 0.43296 0.364605 0.583534 0.0986393 0.810605 0.0511794 0.483576 0.958561 0.180943 0.0904596 0.918403 0.332526 0.0128488 0.393672 0.15846 0.419919 0.370595 0.678619 0.203318 0.0835875 0.95265 0.382214 0.58789 0.0810292 0.381924 0.120099 0.780048 0.24128 0.882258 0.378107 0.51047 0.0140351 0.24461 0.196935 0.820613 0.421763 0.650867 0.629297 0.794487 0.632611 0.323269 0.403595 0.101372 0.916865 
0.918743 0.913188 0.200001 0.513357 0.892808 0.521231 0.123308 0.0406152 0.17736 0.618058 0.677408 0.334303 0.372625 0.598857 0.390181 0.061012 0.664733 0.91668 0.182043 0.231863 0.128309 0.67649 0.452337 0.0185106 0.243448 0.755881 0.974166 0.864884 0.710439 0.857273 0.725731 0.58111 0.222559 0.410851 0.683312 0.514014 0.618135 0.504246 0.606064 0.579049 0.454805 0.875793 0.0827176 0.808459 0.972812 0.98734 0.285006 0.214168 0.877109 0.710089 0.744221 0.676838 0.792425 0.711978 0.238668 0.833348 0.417782 0.631976 0.717865 0.791087 0.181428 0.156653 0.970567 0.407226 
0.139695 0.488663 0.686365 0.239911 0.0603498 0.371523 0.389071 0.717073 0.528809 0.826202 0.748771 0.886113 0.817973 0.0488796 0.812938 0.623024 0.149537 0.443345 0.496438 0.907358 0.642883 0.192488 0.416784 0.00115155 0.798646 0.985159 0.445332 0.0356138 0.635732 0.227728 0.236743 0.00805861 0.716417 0.193915 0.894384 0.0599271 0.197168 0.374307 0.629989 0.83903 0.885217 0.499071 0.583078 0.216051 0.0770273 0.785197 0.283521 0.907302 0.271212 0.786591 0.670192 0.605062 0.171018 0.686806 0.223928 0.138659 0.584032 0.519773 0.170794 0.789219 0.194264 0.296835 0.0698227 0.948778 
0.083897 0.621219 0.872532 0.534867 0.480205 0.590004 0.577671 0.899483 0.24 0.825935 0.0499297 0.367977 0.977721 0.97685 0.589872 0.683138 0.128999 0.601351 0.912619 0.688083 0.202911 0.663521 0.147181 0.48398 0.676499 0.0548649 0.585879 0.432023 0.482855 0.538822 0.755542 0.126934 0.134229 0.569046 0.565328 0.04248 0.82595 0.256917 0.373216 0.275661 0.852724 0.0989824 0.319785 0.361083 0.700264 0.474045 0.472103 0.403976 0.467012 0.76271 0.363646 0.313801 0.481206 0.302916 0.303204 0.338092 0.316825 0.867209 0.37915 0.171178 0.143746 0.171144 0.171252 0.226895 
0.00733917 0.987157 0.469645 0.708988 0.0677729 0.887504 0.135801 0.376862 0.13455 0.810237 0.878727 0.181193 0.792351 0.515934 0.647357 0.97707 0.753721 0.496883 0.645882 0.480302 0.112075 0.864587 0.378906 0.109145 0.363392 0.045633 0.524418 0.264392 0.17652 0.0289443 0.241695 0.958879 0.506052 0.673283 0.34301 0.478661 0.682655 0.0340338 0.204111 0.655902 0.95734 0.682265 0.69819 0.32878 0.0640657 0.0794894 0.316936 0.0598246 0.446238 0.417039 0.538255 0.334868 0.748732 0.520173 0.219243 0.756892 0.513589 0.941379 0.090178 0.53739 0.19615 0.83205 0.292337 0.830034 
0.505152 0.702115 0.307044 0.287515 0.313712 0.120738 0.949519 0.41266 0.720434 0.191616 0.28091 0.748418 0.622325 0.981803 0.217553 0.523199 0.673125 0.96334 0.284984 0.496929 0.0684408 0.641494 0.139602 0.368482 0.436858 0.380294 0.962545 0.222967 0.462679 0.38187 0.361042 0.585696 0.234165 0.901114 0.543699 0.574197 0.351994 0.741496 0.72298 0.403296 0.733718 0.5242 0.56314 0.0125595 0.733736 0.617558 0.114596 0.26953 0.1194 0.132095 0.372336 0.674039 0.555788 0.612685 0.312584 0.171779 0.25447 0.786506 0.639009 0.703797 0.296123 0.384623 0.836014 0.220123 
0.730605 0.882136 0.635099 0.059029 0.52446 0.0352203 0.476876 0.71668 0.0995149 0.292855 0.380779 0.579173 0.964716 0.29017 0.115728 0.207072 0.52268 0.124805 0.822367 0.698643 0.912835 0.26276 0.12022 0.754123 0.44876 0.37513 0.336463 0.592167 0.930425 0.81519 0.619469 0.695737 0.430069 0.505527 0.49859 0.119703 0.52815 0.689205 0.988446 0.708375 0.331513 0.00632999 0.132559 0.893334 0.16846 0.67313 0.740606 0.371302 0.764664 0.793993 0.553665 0.259392 0.292166 0.767369 0.0484546 0.905231 0.289337 0.482435 0.0619229 0.215315 0.967069 0.901637 0.013608 0.630538 
0.690496 0.362401 0.13942 0.526701 0.676314 0.420885 0.320933 0.968053 0.78654 0.684091 0.500783 0.304283 0.587184 0.237795 0.865867 0.148624 0.534764 0.806313 0.962911 0.145358 0.986137 0.423924 0.153812 0.790547 0.305445 0.212067 0.687513 0.222006 0.803753 0.27975 0.152844 0.0261793 0.121194 0.86184 0.472785 0.514325 0.351297 0.766966 0.632405 0.695638 0.093953 0.170654 0.252744 0.761804 0.869402 0.288074 0.162054 0.122863 0.647138 0.610015 0.991951 0.329649 0.237356 0.520489 0.378134 0.486879 0.999879 0.0109475 0.180108 0.377428 0.751619 0.591294 0.593177 0.930505 
0.697169 0.859654 0.825711 0.57585 0.0746655 0.495095 0.90136 0.826195 0.329579 0.773167 0.857908 0.235208 0.052501 0.563182 0.344331 0.846849 0.664881 0.0525842 0.0115609 0.032424 0.359507 0.531604 0.10448 0.156466 0.47846 0.288445 0.815042 0.0430285 0.581919 0.359479 0.597669 0.509006 0.0145128 0.443814 0.528281 0.736211 0.556208 0.878199 0.903754 0.785087 0.00376629 0.0214737 0.690057 0.406102 0.614442 0.933751 0.792651 0.0306241 0.432445 0.420492 0.648538 0.263318 0.281353 0.730836 0.884769 0.563734 0.747672 0.250511 0.158181 0.809073 0.568229 0.463845 0.0751862 0.177907 
0.0846336 0.680503 0.279787 0.0796702 0.0392193 0.0373014 0.900335 0.40999 0.708702 0.898783 0.792414 0.485701 0.160146 0.877999 0.694676 0.194587 0.216633 0.530684 0.794164 0.83671 0.012814 0.314903 0.592199 0.481898 0.147982 0.609076 0.793777 0.710742 0.385861 0.569672 0.0218705 0.247906 0.617659 0.34184 0.979815 0.982289 0.157309 0.915335 0.87781 0.561839 0.77099 0.388618 0.40129 0.544916 0.835537 0.848505 0.232034 0.697207 0.927008 0.130958 0.930367 0.853991 0.425651 0.170424 0.678796 0.145046 0.173449 0.414902 0.876892 0.616972 0.626338 0.831993 0.561775 0.0365179 
0.0453807 0.531565 0.191694 0.641068 0.970193 0.0567815 0.324083 0.777178 0.729297 0.176098 0.671723 0.4754 0.365724 0.223289 0.619245 0.238289 0.599171 0.309683 0.481325 0.462455 0.166277 0.508549 0.214952 0.30664 0.71907 0.601185 0.103199 0.621127 0.953451 0.91306 0.0695016 0.107273 0.822464 0.756297 0.191947 0.764908 0.0245594 0.341728 0.693408 0.612186 0.630224 0.759008 0.839515 0.0505967 0.949427 0.0828082 0.449895 0.203219 0.535026 0.507914 0.932417 0.383894 0.724316 0.968328 0.602641 0.0776157 0.878291 0.405181 0.998667 0.55006 0.407665 0.553951 0.466055 0.188616 
0.659534 0.578514 0.908582 0.549084 0.95607 0.306467 0.0207125 0.882486 0.933814 0.297933 0.584314 0.725936 0.779214 0.6529 0.952795 0.394487 0.986422 0.919609 0.608667 0.228392 0.890955 0.869622 0.320317 0.0797447 0.789454 0.936786 0.198162 0.768915 0.920507 0.548168 0.991627 0.943257 0.0836514 0.652579 0.21276 0.870647 0.951562 0.317641 0.410141 0.268699 0.130818 0.546701 0.565951 0.130036 0.170017 0.00914023 0.194286 0.117422 0.935591 0.894211 0.249371 0.510954 0.971086 0.672222 0.240154 0.0397452 0.424162 0.039649 0.366993 0.494391 0.592967 0.128922 0.104053 0.0649611 
0.788398 0.627081 0.487056 0.986745 0.170746 0.925177 0.176097 0.689322 0.942514 0.262899 0.891266 0.362073 0.919258 0.89106 0.612448 0.610201 0.844499 0.925131 0.0333588 0.840625 0.5592 0.405065 0.163501 0.197951 0.370849 0.655401 0.875995 0.606063 0.384298 0.309958 0.543206 0.183602 0.468185 0.480904 0.181718 0.757742 0.360408 0.668547 0.510638 0.510067 0.455997 0.94357 0.906561 0.255739 0.914598 0.0865996 0.374622 0.416917 0.367477 0.860097 0.784326 0.236241 0.513463 0.333336 0.684536 0.711908 0.987536 0.894796 0.303036 0.571642 0.142722 0.794309 0.722423 0.250921 
0.299982 0.0797702 0.843536 0.566824 0.584927 0.421488 0.940713 0.433548 0.145029 0.987926 0.18829 0.919869 0.72128 0.565704 0.998743 0.208006 0.683522 0.717188 0.817823 0.768699 0.927628 0.072597 0.0192092 0.0864547 0.471413 0.671055 0.671669 0.0816753 0.420164 0.216489 0.513921 0.968414 0.718607 0.694853 0.518673 0.122667 0.417388 0.717645 0.725656 0.635946 0.12418 0.691491 0.706183 0.020758 0.0893151 0.564286 0.070636 0.526788 0.998791 0.200764 0.73079 0.280561 0.677182 0.387198 0.872098 0.443686 0.888996 0.470781 0.75325 0.0351133 0.0198124 0.633057 0.975395 0.0833589 
0.971794 0.699007 0.948504 0.480744 0.641899 0.968212 0.954981 0.410112 0.0617533 0.699905 0.816905 0.333201 0.63695 0.828927 0.688927 0.0888928 0.39273 0.293777 0.806842 0.628901 0.250692 0.93714 0.578049 0.466498 0.818644 0.999882 0.236368 0.841588 0.463137 0.0947323 0.317948 0.481561 0.35969 0.35379 0.276033 0.132225 0.833977 0.103682 0.637266 0.725882 0.29055 0.91252 0.410583 0.821885 0.612807 0.19277 0.0588427 0.718764 0.502266 0.308045 0.933617 0.876387 0.328063 0.713794 0.465762 0.521041 0.417172 0.905415 0.370201 0.333519 0.595435 0.0560363 0.088145 0.867011 
0.29836 0.803602 0.332124 0.386325 0.887537 0.455628 0.328441 0.431634 0.953845 0.917674 0.522313 0.820429 0.0776241 0.342004 0.857898 0.435337 0.64466 0.397454 0.575945 0.77273 0.126444 0.317757 0.623663 0.839703 0.891661 0.180524 0.291637 0.498122 0.259613 0.631502 0.612079 0.815584 0.225165 0.444278 0.366873 0.382078 0.790001 0.642522 0.48158 0.453211 0.889853 0.724244 0.172723 0.463559 0.62642 0.597978 0.225337 0.392902 0.0476319 0.840886 0.330682 0.422183 0.222566 0.161919 0.198921 0.40219 0.320284 0.0881503 0.142656 0.434355 0.788929 0.243585 0.966547 0.74456 
0.432486 0.87224 0.727873 0.365159 0.769725 0.741848 0.49778 0.512931 0.387728 0.156246 0.569324 0.807893 0.385279 0.443957 0.953266 0.25153 0.552136 0.501201 0.285136 0.942565 0.337483 0.648498 0.24283 0.535779 0.432237 0.659368 0.070467 0.0675061 0.579161 0.0170254 0.994183 0.791371 0.847927 0.216552 0.404763 0.0494377 0.191137 0.55723 0.658136 0.898808 0.0966161 0.861825 0.376756 0.0930411 0.63001 0.5205 0.354109 0.380451 0.865438 0.117655 0.376749 0.767425 0.137334 0.90979 0.0435193 0.0603842 0.349408 0.775144 0.756001 0.552274 0.0593946 0.322903 0.335249 0.856993 
0.446009 0.217907 0.273316 0.908553 0.123677 0.675916 0.599295 0.536426 0.903009 0.865154 0.887677 0.71516 0.155774 0.804223 0.868273 0.856995 0.0237214 0.0950501 0.602157 0.183061 0.169387 0.712296 0.291304 0.145228 0.787593 0.810096 0.485859 0.482499 0.702524 0.620376 0.0339671 0.839599 0.795719 0.0874019 0.263641 0.655403 0.130182 0.527872 0.452581 0.68384 0.774192 0.611778 0.687827 0.78113 0.405427 0.569435 0.673049 0.632745 0.58141 0.851187 0.125595 0.0308213 0.677336 0.868962 0.0687514 0.68774 0.151338 0.408837 0.219391 0.59478 0.131093 0.924028 0.939874 0.58905 
0.652616 0.559502 0.804222 0.725343 0.0535652 0.0644812 0.786583 0.896694 0.130723 0.730847 0.22591 0.103192 0.41582 0.446434 0.653504 0.599349 0.789902 0.315934 0.135365 0.545623 0.502419 0.837605 0.761158 0.146421 0.61632 0.208207 0.0297015 0.200494 0.20388 0.91623 0.70753 0.208045 0.799016 0.114545 0.599904 0.783284 0.0637908 0.330812 0.684563 0.83698 0.445886 0.845524 0.10426 0.878551 0.853875 0.745305 0.270432 0.0242169 0.245152 0.658653 0.472513 0.882892 0.339766 0.014375 0.184414 0.191075 0.881524 0.46429 0.987707 0.324625 0.104109 0.730817 0.800058 0.268649 
0.490213 0.366998 0.918835 0.23895 0.459805 0.526741 0.293002 0.960923 0.581788 0.877385 0.823634 0.345229 0.568662 0.859283 0.431799 0.422117 0.164814 0.00488662 0.12989 0.931865 0.111988 0.422471 0.0675559 0.999463 0.91804 0.0333588 0.648314 0.390416 0.102122 0.134743 0.980491 0.950114 0.151658 0.221207 0.579805 0.83917 0.628492 0.229563 0.477291 0.979109 0.53043 0.170798 0.723894 0.639639 0.127845 0.884762 0.944027 0.978342 0.388849 0.386616 0.770884 0.770011 0.966937 0.67619 0.610705 0.0652927 0.309105 0.813219 0.13879 0.726631 0.10575 0.799672 0.57268 0.152522 
0.500297 0.0669663 0.817179 0.454563 0.116186 0.0603912 0.799391 0.643953 0.860082 0.392821 0.959268 0.5022 0.817609 0.349318 0.642467 0.866993 0.174806 0.0226938 0.595173 0.316266 0.0941384 0.01175 0.68717 0.593872 0.339833 0.61381 0.67621 0.844945 0.762736 0.244788 0.668774 0.93356 0.385462 0.0651108 0.575418 0.635143 0.174445 0.948675 0.401946 0.316958 0.255994 0.205276 0.191557 0.572242 0.708539 0.131423 0.161888 0.0392806 0.543503 0.636728 0.538112 0.0719501 0.601951 0.940695 0.36143 0.282946 0.0126533 0.848996 0.677782 0.89991 0.942507 0.189142 0.239029 0.687339 
0.00180203 0.488243 0.398318 0.107072 0.274339 0.00582019 0.511901 0.155044 0.334877 0.0845176 0.430001 0.589553 0.261881 0.476933 0.294775 0.68098 0.477696 0.284531 0.745666 0.895725 0.54255 0.222828 0.459979 0.471178 0.254022 0.234008 0.254811 0.213563 0.841163 0.2465 0.578393 0.269435 0.527937 0.374269 0.872055 0.929575 0.614439 0.12478 0.284176 0.0562644 0.837101 0.427646 0.304796 0.497748 0.661729 0.167442 0.494634 0.958604 0.175008 0.823985 0.578692 0.180382 0.757576 0.502202 0.202736 0.257898 0.217937 0.734317 0.0992431 0.111664 0.440268 0.8235 0.479127 0.437824 
0.126514 0.486591 0.0139066 0.141084 0.489786 0.274325 0.254613 0.291175 0.233324 0.401761 0.454202 0.0131277 0.467522 0.924184 0.636215 0.928454 0.969978 0.338532 0.912807 0.976232 0.420435 0.526467 0.12797 0.546174 0.781816 0.5921 0.0915299 0.0672324 0.648763 0.488704 0.111607 0.296951 0.214018 0.085485 0.688459 0.250612 0.453831 0.861029 0.633947 0.846624 0.0684913 0.672927 0.917134 0.544411 0.881164 0.843366 0.878668 0.096703 0.63986 0.018926 0.639922 0.467291 0.641414 0.227634 0.0331106 0.00542209 0.941967 0.523328 0.572085 0.0772207 0.965166 0.0880691 0.815125 0.914803 
0.852015 0.651685 0.14874 0.848929 0.683282 0.392279 0.303746 0.832362 0.837533 0.643663 0.725641 0.96086 0.413114 0.883428 0.0630565 0.00590995 0.367502 0.0335199 0.239642 0.678799 0.0802076 0.67701 0.577186 0.436822 0.475674 0.518523 0.288694 0.905625 0.165398 0.145696 0.563948 0.628673 0.624687 0.746867 0.391328 0.158614 0.915723 0.148229 0.943106 0.303225 0.829586 0.470286 0.0642874 0.965174 0.867678 0.0246453 0.230599 0.740243 0.54323 0.717394 0.240938 0.222652 0.749535 0.229559 0.428074 0.895745 0.0395657 0.850724 0.238472 0.981704 0.815416 0.186207 0.537322 0.883729 
0.756309 0.980465 0.912722 0.00308177 0.0243956 0.0980209 0.0365196 0.372147 0.123526 0.602648 0.641794 0.623546 0.756501 0.032107 0.358337 0.17867 0.334714 0.728354 0.197435 0.345233 0.873328 0.28702 0.275327 0.788074 0.999756 0.261358 0.660214 0.115266 0.359992 0.555907 0.336209 0.787996 0.810431 0.341285 0.819784 0.516984 0.71874 0.48672 0.156398 0.625047 0.368445 0.474492 0.00812127 0.692871 0.29481 0.0341473 0.00785209 0.161975 0.087593 0.0797886 0.764055 0.723114 0.455007 0.635553 0.845929 0.7865 0.90302 0.492144 0.662954 0.845161 0.320733 0.315306 0.64487 0.288335 
0.851207 0.397937 0.591784 0.935302 0.194426 0.840364 0.0321779 0.981893 0.436241 0.7594 0.60968 0.191982 0.559136 0.914187 0.40644 0.126979 0.114425 0.238961 0.0838396 0.995205 0.110264 0.226299 0.1999 0.773097 0.764321 0.578561 0.776299 0.429275 0.94894 0.442438 0.618846 0.242883 0.151361 0.189784 0.446785 0.973725 0.233597 0.807723 0.903066 0.144341 0.657465 0.946105 0.851558 0.318532 0.600411 0.257194 0.15355 0.0868342 0.23614 0.930572 0.854735 0.157497 0.507248 0.513751 0.682356 0.840864 0.0160344 0.499488 0.751076 0.367547 0.122506 0.245278 0.0818124 0.995775 
0.213911 0.268074 0.516756 0.234191 0.459238 0.280857 0.938053 0.485054 0.65186 0.82578 0.795783 0.391182 0.107593 0.201737 0.0666489 0.089195 0.601604 0.00500596 0.478118 0.386652 0.454909 0.0747743 0.495231 0.210209 0.866776 0.881298 0.882951 0.724271 0.704356 0.336753 0.898247 0.123187 0.487558 0.940348 0.254087 0.856947 0.0724468 0.160661 0.0800833 0.562197 0.296806 0.887588 0.164736 0.508867 0.705581 0.608012 0.874654 0.974576 0.698195 0.960152 0.531357 0.521052 0.735521 0.000209443 0.702446 0.0529454 0.624907 0.748624 0.538163 0.669202 0.906187 0.804374 0.502706 0.804666 
0.837924 0.650207 0.256368 0.545837 0.108498 0.618901 0.865237 0.99375 0.827018 0.315238 0.939173 0.851952 0.335812 0.552777 0.0953346 0.85113 0.520664 0.31396 0.0871502 0.278649 0.452243 0.630396 0.454578 0.95252 0.646481 0.176339 0.0689455 0.416342 0.25523 0.676127 0.716668 0.534275 0.450094 0.448937 0.580969 0.834051 0.40964 0.0896627 0.994247 0.404047 0.563239 0.139077 0.829422 0.585217 0.898654 0.00629863 0.687882 0.958339 0.924177 0.958537 0.794052 0.201887 0.448859 0.491034 0.0113991 0.101124 0.0702943 0.62244 0.572927 0.189719 0.848374 0.132842 0.883283 0.872102 
0.74477 0.965037 0.487081 0.624504 0.0701892 0.786237 0.667891 0.427845 0.89528 0.641096 0.0854158 0.529591 0.707297 0.730727 0.194029 0.6969 0.0579087 0.931606 0.617109 0.34347 0.547629 0.558098 0.327228 0.345572 0.123259 0.861419 0.567168 0.4115 0.433325 0.408454 0.953208 0.603992 0.773135 0.888878 0.59967 0.59594 0.687928 0.781537 0.413472 0.727748 0.12587 0.808753 0.662422 0.631762 0.532764 0.330754 0.787534 0.83565 0.71977 0.334145 0.921412 0.345165 0.864003 0.855032 0.687371 0.344491 0.122492 0.841349 0.282012 0.465523 0.785662 0.960558 0.726371 0.325452 
0.872043 0.307385 0.533067 0.501456 0.011881 0.490717 0.703742 0.259335 0.397432 0.180334 0.357705 0.746219 0.313558 0.566839 0.28921 0.430309 0.30015 0.318502 0.17401 0.163293 0.558195 0.668831 0.270287 0.209445 0.259539 0.979776 0.216185 0.249487 0.382677 0.364309 0.826035 0.443838 0.99696 0.29318 0.712668 0.322058 0.585345 0.929018 0.585186 0.475593 0.149908 0.101766 0.925776 0.863164 0.90717 0.721442 0.490389 0.716249 0.140352 0.224061 0.728867 0.394441 0.306927 0.0268458 0.474932 0.914079 0.0514008 0.710002 0.484016 0.878387 0.821574 0.808174 0.253207 0.765285 
0.291717 0.790257 0.271897 0.800579 0.828483 0.227163 0.584797 0.856299 0.963312 0.420624 0.336781 0.515827 0.285896 0.819347 0.7108 0.660791 0.628413 0.0286992 0.66674 0.844222 0.798451 0.0613187 0.621878 0.0407454 0.537749 0.40104 0.716251 0.736455 0.954715 0.0723076 0.652402 0.0887358 0.678468 0.368856 0.962919 0.73025 0.752525 0.0496046 0.824241 0.161623 0.943445 0.272667 0.788873 0.213484 0.681399 0.635575 0.708254 0.182297 0.750012 0.216978 0.23103 0.191472 0.798981 0.411024 0.759858 0.533542 0.563166 0.443905 0.665241 0.453865 0.41737 0.595581 0.542048 0.57736 
0.163517 0.194546 0.415927 0.083277 0.277634 0.114644 0.389648 0.509376 0.697014 0.762603 0.302838 0.425996 0.213473 0.887127 0.643504 0.668298 0.905132 0.60278 0.377178 0.484629 0.182559 0.294673 0.836523 0.312689 0.639406 0.881515 0.883942 0.499771 0.314702 0.198978 0.933102 0.515831 0.495954 0.135646 0.571959 0.8823 0.780409 0.197562 0.761306 0.572986 0.926752 0.464927 0.673955 0.30559 0.643945 0.654425 0.482741 0.895082 0.357557 0.805522 0.501939 0.723287 0.887851 0.772477 0.522964 0.186269 0.0911354 0.472688 0.743119 0.597144 0.224369 0.20229 0.049402 0.356924 
0.86028 0.113359 0.485584 0.744757 0.257047 0.71747 0.433607 0.881619 0.947425 0.221611 0.677371 0.920275 0.167319 0.698733 0.424478 0.52168 0.373356 0.829401 0.607268 0.971967 0.347482 0.889331 0.630553 0.480638 0.369955 0.350131 0.976831 0.0219362 0.926103 0.583795 0.320316 0.238643 0.209155 0.243834 0.331693 0.967279 0.19069 0.243935 0.067251 0.70103 0.948776 0.47458 0.245082 0.00506311 0.374645 0.272699 0.699331 0.468016 0.987657 0.0636344 0.0141056 0.112951 0.083753 0.548345 0.126845 0.911764 0.519841 0.925659 0.11211 0.503004 0.167094 0.328444 0.488069 0.596898 
0.575509 0.114135 0.752112 0.976512 0.248939 0.199983 0.109157 0.658989 0.833598 0.00944981 0.120401 0.363465 0.73479 0.0408436 0.580558 0.22738 0.604207 0.0816489 0.600906 0.902793 0.241277 0.07854 0.597323 0.785456 0.149566 0.969053 0.520683 0.239832 0.497319 0.944362 0.139789 0.737456 0.86121 0.329307 0.419551 0.738174 0.314167 0.678161 0.262595 0.82512 0.582518 0.505926 0.5849 0.457317 0.572425 0.609921 0.196144 0.368108 0.496322 0.848136 0.955065 0.406946 0.454895 0.456952 0.824725 0.21627 0.893245 0.00283656 0.4108 0.411264 0.861095 0.978669 0.367621 0.00346189 
0.766875 0.77173 0.66916 0.449832 0.982459 0.699848 0.223424 0.568756 0.665525 0.517892 0.434583 0.813026 0.465987 0.228494 0.304596 0.865027 0.462752 0.787163 0.77231 0.790185 0.647263 0.486133 0.793059 0.118216 0.387571 0.0486247 0.178892 0.930173 0.608281 0.301906 0.230752 0.572806 0.0830555 0.200154 0.556245 0.625313 0.851182 0.517204 0.218811 0.607909 0.523833 0.846493 0.125077 0.760953 0.652291 0.383443 0.672531 0.295278 0.920303 0.584727 0.725829 0.337031 0.0798631 0.750091 0.695291 0.818676 0.0717153 0.706672 0.633292 0.506221 0.552969 0.406113 0.905255 0.237894 
0.525981 0.0325509 0.75862 0.528347 0.473012 0.0557898 0.68025 0.30802 0.00662399 0.348467 0.848759 0.032808 0.984424 0.948984 0.509203 0.173817 0.161678 0.584946 0.144929 0.0722755 0.0875838 0.833078 0.341936 0.352226 0.825626 0.744027 0.112047 0.170902 0.634663 0.206848 0.637342 0.815427 0.240791 0.950475 0.835724 0.689972 0.330394 0.170695 0.212328 0.304996 0.508131 0.320585 0.0307284 0.431556 0.941801 0.857073 0.380689 0.924471 0.309551 0.937221 0.631334 0.364844 0.659808 0.00714171 0.868835 0.437044 0.315622 0.889797 0.394077 0.182498 0.22848 0.900535 0.87073 0.937744 
0.236831 0.215707 0.457994 0.578058 0.324656 0.196652 0.309882 0.266034 0.439272 0.355833 0.531624 0.445632 0.572276 0.916213 0.478001 0.336003 0.583756 0.945831 0.600928 0.827785 0.562987 0.940407 0.641063 0.0972621 0.973551 0.691506 0.900222 0.768145 0.200253 0.543757 0.344884 0.478018 0.258309 0.926032 0.48407 0.203315 0.790949 0.261203 0.831785 0.590541 0.0825796 0.00115044 0.338327 0.31328 0.827854 0.10918 0.137595 0.87858 0.464331 0.11632 0.309904 0.487054 0.825334 0.244469 0.372395 0.253193 0.954504 0.990113 0.918428 0.775458 0.339394 0.362624 0.655594 0.691965 
0.821408 0.51093 0.040106 0.124574 0.138569 0.240185 0.638034 0.563289 0.0557201 0.139418 0.482254 0.309691 0.0131457 0.99493 0.138451 0.190351 0.654036 0.0426516 0.711074 0.875534 0.217012 0.941019 0.463387 0.815755 0.755578 0.263817 0.795634 0.670642 0.62316 0.732389 0.517113 0.692822 0.947983 0.804603 0.546093 0.458173 0.741192 0.136523 0.910624 0.400234 0.340527 0.37393 0.991203 0.723489 0.516729 0.662431 0.684974 0.470335 0.194792 0.562117 0.402568 0.411652 0.700607 0.270148 0.0438291 0.121883 0.607073 0.906449 0.045577 0.443986 0.656352 0.421292 0.268469 0.131453 
0.306536 0.80795 0.772066 0.835943 0.662226 0.90406 0.392854 0.626406 0.791364 0.483925 0.21753 0.0894741 0.344898 0.974815 0.940167 0.351745 0.79498 0.636665 0.111728 0.264439 0.300979 0.948772 0.349149 0.144045 0.948252 0.388228 0.204306 0.108528 0.567909 0.0314853 0.0891472 0.300056 0.0323697 0.203218 0.368227 0.0856563 0.821296 0.767136 0.667432 0.885877 0.828962 0.687854 0.812896 0.57172 0.0454625 0.351531 0.154621 0.392938 0.682671 0.612437 0.727337 0.599342 0.535933 0.351331 0.642237 0.777262 0.0368532 0.259509 0.738675 0.389519 0.214065 0.668122 0.786958 0.467188 
0.893019 0.555239 0.941013 0.878223 0.47255 0.871819 0.126934 0.376464 0.324026 0.507352 0.28633 0.304041 0.905658 0.949988 0.955525 0.130076 0.283376 0.324266 0.46024 0.321828 0.269234 0.0755612 0.122919 0.728843 0.541163 0.988224 0.0282823 0.468678 0.654564 0.807133 0.583912 0.694669 0.799506 0.861171 0.159386 0.911215 0.738952 0.215363 0.305489 0.345331 0.293852 0.204971 0.979799 0.597259 0.45461 0.745039 0.924038 0.631943 0.233124 0.409058 0.00257811 0.857937 0.449141 0.407961 0.7554 0.942452 0.50651 0.942839 0.17049 0.491202 0.6436 0.685975 0.59163 0.862969 
0.599374 0.217945 0.319022 0.921855 0.791387 0.00473829 0.553114 0.987734 0.0289957 0.391998 0.599128 0.23592 0.0874446 0.922814 0.654604 0.737948 0.980375 0.191418 0.962296 0.387094 0.128802 0.573792 0.577388 0.483986 0.602041 0.865178 0.335193 0.316539 0.863328 0.0563462 0.0175609 0.199804 0.111569 0.476067 0.773859 0.586148 0.127327 0.562108 0.249134 0.0524128 0.436097 0.567478 0.508882 0.30747 0.24718 0.728928 0.904663 0.922324 0.10207 0.955663 0.403685 0.986304 0.632279 0.609498 0.0821254 0.392927 0.513385 0.533121 0.0471331 0.473678 0.386569 0.65482 0.64216 0.71019 
0.787585 0.663143 0.106766 0.0371743 0.553556 0.556182 0.958233 0.2792 0.857387 0.232018 0.118041 0.822818 0.490843 0.280674 0.650611 0.760136 0.497799 0.693032 0.848557 0.223275 0.0942277 0.400917 0.31207 0.844563 0.814752 0.684095 0.173229 0.904302 0.704149 0.443918 0.890558 0.708863 0.599999 0.38703 0.649174 0.701921 0.44731 0.525485 0.305689 0.23497 0.0608896 0.885898 0.380666 0.130283 0.713869 0.606584 0.474901 0.537671 0.0397011 0.26598 0.958624 0.984492 0.977819 0.991436 0.491625 0.37521 0.484586 0.613651 0.433337 0.343041 0.26052 0.393511 0.370813 0.241079 
