22.2414 1110110100100010011100000110000111011100011010100101110111110101010000101000000111011010010000101000
78.0332 1110011111101011000110001010111100011010101011000110011011101011011111001001101001101101001001011111
0.607341 0.859434 0.892983 0.179153 0.758584 0.751662 0.607343 0.794021 0.388043 0.340347 0.661912 0.905548 0.720031 0.471592 0.497005 0.446266 0.530575 0.993247 0.614454 0.180307 0.722869 0.939107 0.538388 0.470138 0.624433 0.689778 0.288766 0.0528366 0.78767 0.525844 0.196832 0.595204 0.543083 0.451491 0.511579 0.66819 0.118356 0.111526 0.836649 0.271956 0.618113 0.589659 0.686577 0.300219 0.62391 0.0889272 0.537619 0.0667296 0.279783 0.111194 0.543221 0.625526 0.496901 0.71437 0.206388 0.992791 0.17772 0.99586 0.533621 0.0908477 0.275505 0.185954 0.450309 0.424056 
0.00291066 0.503857 0.462494 0.792424 0.0124534 0.747946 0.990472 0.189689 0.134652 0.181094 0.029785 0.398812 0.16695 0.0399877 0.964111 0.358377 0.0270871 0.545507 0.777186 0.565957 0.449198 0.982224 0.525867 0.885689 0.631937 0.111447 0.436251 0.217455 0.421685 0.630686 0.378494 0.0214033 0.978726 0.758436 0.0311859 0.592259 0.583138 0.830455 0.737236 0.909913 0.785283 0.396525 0.331655 0.435422 0.259837 0.914786 0.209782 0.31262 0.209411 0.541912 0.358612 0.897724 0.621305 0.0579707 0.464765 0.178116 0.757007 0.991421 0.988396 0.319674 0.9715 0.74885 0.0219255 0.0811323 
0.407953 0.830101 0.856679 0.00434115 0.227729 0.534243 0.234202 0.494562 0.620095 0.22535 0.0446249 0.696953 0.363684 0.587922 0.727961 0.869269 0.857934 0.322349 0.404932 0.43954 0.883658 0.891946 0.394747 0.518218 0.707352 0.082712 0.869296 0.673683 0.703422 0.409797 0.24299 0.926012 0.996591 0.869428 0.639644 0.284556 0.914614 0.174527 0.96852 0.75501 0.952861 0.673295 0.708134 0.0368345 0.695293 0.362726 0.791317 0.844462 0.731618 0.923375 0.181458 0.92591 0.142474 0.316716 0.810736 0.72355 0.0627765 0.718986 0.00681321 0.222149 0.193964 0.697906 0.278358 0.0803453 
0.407211 0.915677 0.456324 0.678655 0.248113 0.676764 0.550816 0.683164 0.190366 0.169811 0.510176 0.280168 0.984906 0.108151 0.990127 0.979609 0.504442 0.360033 0.923338 0.358954 0.566861 0.200463 0.864993 0.541387 0.308526 0.425638 0.113617 0.0219566 0.868007 0.289913 0.456289 0.049207 0.300033 0.805027 0.616475 0.763475 0.480809 0.429679 0.857538 0.293693 0.841611 0.191113 0.00473231 0.678608 0.656609 0.354637 0.864872 0.694464 0.612812 0.319511 0.737278 0.525543 0.52505 0.0770617 0.47437 0.95554 0.0177841 0.115913 0.539562 0.0319929 0.131677 0.692874 0.545434 0.775027 
0.139555 0.760211 0.108762 0.616955 0.0772708 0.570572 0.0543367 0.545669 0.152758 0.352884 0.697171 0.591539 0.34794 0.213116 0.87673 0.416362 0.523925 0.55995 0.949913 0.0702754 0.90875 0.796797 0.24959 0.420554 0.307929 0.116453 0.0423946 0.462872 0.763503 0.184839 0.77321 0.820827 0.881873 0.171514 0.615074 0.0545245 0.824926 0.609134 0.821698 0.49444 0.460795 0.062903 0.341379 0.716482 0.0544035 0.162386 0.999222 0.375456 0.192147 0.625962 0.73644 0.255935 0.0539904 0.930279 0.990371 0.94526 0.959969 0.178997 0.678053 0.85728 0.296318 0.305907 0.557453 0.562402 
0.0269841 0.84037 0.929721 0.356198 0.607703 0.303754 0.376151 0.529742 0.0085712 0.979331 0.0602984 0.0347279 0.334847 0.75122 0.281577 0.673831 0.276473 0.57449 0.54567 0.864481 0.109998 0.949705 0.142111 0.112442 0.405827 0.995025 0.171045 0.77548 0.693464 0.125796 0.173914 0.17746 0.422764 0.948257 0.626181 0.0258425 0.319905 0.31216 0.466032 0.79362 0.119666 0.260064 0.558766 0.037513 0.517211 0.553613 0.697461 0.473753 0.0576035 0.13789 0.271131 0.021925 0.159211 0.220886 0.973124 0.133132 0.573298 0.657597 0.462435 0.948586 0.144499 0.863604 0.259458 0.994218 
0.445517 0.771793 0.465268 0.586276 0.506482 0.869205 0.972514 0.576686 0.853338 0.979763 0.0106103 0.894165 0.334352 0.625718 0.487836 0.862971 0.301755 0.868901 0.0224351 0.898999 0.337228 0.385636 0.348284 0.331208 0.347983 0.620264 0.223585 0.0205278 0.687449 0.329722 0.793283 0.78306 0.965713 0.531924 0.463685 0.899865 0.82834 0.477844 0.423441 0.407545 0.421134 0.887741 0.787747 0.269963 0.912613 0.85315 0.504977 0.926333 0.296256 0.238955 0.697892 0.338534 0.914652 0.780763 0.0435405 0.659178 0.0521905 0.645568 0.487458 0.899673 0.924683 0.281554 0.809965 0.124958 
0.924781 0.851103 0.348022 0.7021 0.699618 0.020083 0.00296289 0.354001 0.287206 0.816895 0.089612 0.173446 0.620344 0.933329 0.545834 0.653325 0.755725 0.0145347 0.25115 0.902383 0.911347 0.886321 0.70029 0.231489 0.791917 0.05372 0.0895577 0.235555 0.758746 0.369052 0.327649 0.519401 0.304565 0.807621 0.329705 0.242903 0.278186 0.719691 0.663733 0.573431 0.948612 0.800735 0.481639 0.406038 0.220714 0.185205 0.837935 0.552227 0.0750387 0.41015 0.333253 0.277704 0.00233748 0.0120719 0.897016 0.499888 0.193479 0.595096 0.174133 0.880544 0.534923 0.843605 0.487235 0.73134 
0.634184 0.11401 0.314071 0.645243 0.99026 0.557085 0.77183 0.795749 0.371306 0.680557 0.365562 0.56313 0.38973 0.0879506 0.841613 0.272812 0.00295311 0.209447 0.673754 0.277212 0.109538 0.151172 0.515308 0.0521116 0.160973 0.833616 0.808082 0.645266 0.77152 0.106202 0.850006 0.0916124 0.530025 0.373866 0.440809 0.346934 0.384511 0.0154151 0.33813 0.396904 0.471371 0.647476 0.711042 0.647689 0.199847 0.251081 0.738239 0.858984 0.791738 0.416026 0.746692 0.296446 0.760609 0.186207 0.320245 0.669367 0.127802 0.0782012 0.517953 0.860384 0.0355288 0.534827 0.213778 0.560996 
0.976006 0.579527 0.0134955 0.734899 0.495566 0.362472 0.960346 0.685625 0.458026 0.204873 0.34092 0.623736 0.595496 0.0968653 0.554693 0.34232 0.708424 0.477886 0.312756 0.510405 0.959904 0.439024 0.642906 0.00991325 0.047176 0.568419 0.48454 0.771148 0.969333 0.0051337 0.696324 0.866447 0.767016 0.522275 0.970308 0.0308741 0.925402 0.0434294 0.514872 0.716953 0.594169 0.697182 0.799675 0.0874063 0.606047 0.566326 0.730005 0.591154 0.966849 0.596673 0.430451 0.27296 0.20754 0.555872 0.86314 0.932545 0.856512 0.178034 0.706377 0.290544 0.938139 0.582418 0.489485 0.828186 
0.599695 0.453771 0.620664 0.39865 0.675777 0.973763 0.135828 0.58026 0.336775 0.158391 0.253031 0.593142 0.122433 0.430649 0.72515 0.74226 0.416867 0.921143 0.560501 0.507525 0.800402 0.756962 0.401112 0.687947 0.245573 0.56703 0.597462 0.228324 0.00604874 0.0800065 0.710242 0.481317 0.501634 0.263898 0.0310279 0.67143 0.511402 0.69577 0.459221 0.918239 0.190359 0.467032 0.999413 0.749197 0.0400626 0.197006 0.391713 0.168466 0.249621 0.501232 0.621473 0.961829 0.693061 0.532737 0.512112 0.730789 0.149236 0.858197 0.578324 0.0290818 0.217204 0.172064 0.850639 0.355191 
0.268707 0.157111 0.122172 0.801775 0.101904 0.85836 0.00800249 0.0742883 0.945844 0.688197 0.43713 0.79523 0.712727 0.671386 0.320643 0.311013 0.725727 0.154339 0.372989 0.874175 0.752603 0.212109 0.980922 0.510541 0.124833 0.600972 0.431694 0.52408 0.534378 0.0656972 0.307947 0.523279 0.893463 0.799241 0.987025 0.39887 0.52076 0.910812 0.593599 0.522285 0.909763 0.0903538 0.72066 0.81241 0.182647 0.649543 0.24884 0.334347 0.773161 0.0144206 0.909273 0.503303 0.422887 0.464786 0.544342 0.263979 0.775001 0.679669 0.105102 0.641318 0.375632 0.459877 0.397291 0.393658 
0.441149 0.281198 0.114716 0.987373 0.615859 0.724899 0.565112 0.164286 0.119844 0.0447952 0.506505 0.124394 0.612 0.0834011 0.930866 0.519988 0.932489 0.530064 0.740865 0.490588 0.0975804 0.213093 0.139572 0.497942 0.266293 0.765316 0.95655 0.022541 0.724066 0.262979 0.251722 0.516561 0.879893 0.678674 0.852766 0.938305 0.261613 0.450069 0.394712 0.993093 0.48724 0.757568 0.34996 0.0543329 0.916802 0.497514 0.676861 0.978203 0.0851403 0.534651 0.54565 0.0630748 0.274745 0.156432 0.370283 0.165387 0.32007 0.319121 0.648954 0.711882 0.686943 0.208705 0.116431 0.458481 
0.898888 0.831873 0.749125 0.488815 0.561465 0.737502 0.791763 0.781308 0.0711415 0.150536 0.575698 0.298599 0.84214 0.847678 0.220969 0.669457 0.9753 0.235452 0.114276 0.0912982 0.212817 0.044311 0.423751 0.902962 0.676086 0.0699426 0.478725 0.545237 0.818929 0.603638 0.904834 0.0127777 0.282305 0.574369 0.985782 0.520834 0.0623824 0.79976 0.562828 0.970575 0.752813 0.964096 0.0729243 0.894241 0.183041 0.245564 0.0411914 0.100321 0.649937 0.99239 0.403651 0.997374 0.0255177 0.460521 0.977907 0.866103 0.703272 0.273833 0.347686 0.39525 0.335899 0.146284 0.834403 0.644213 
0.413219 0.261307 0.506924 0.79026 0.0666196 0.441521 0.285899 0.137282 0.612989 0.402898 0.788178 0.843952 0.595423 0.688478 0.736329 0.301046 0.939265 0.869931 0.00563558 0.877393 0.312773 0.700331 0.00690427 0.433783 0.780722 0.610496 0.953964 0.806335 0.068119 0.524845 0.977503 0.0593839 0.31565 0.364055 0.53961 0.846975 0.989921 0.691482 0.282599 0.41274 0.862881 0.812858 0.15353 0.556117 0.0845398 0.205915 0.291315 0.887662 0.75202 0.93759 0.303211 0.829526 0.603786 0.719334 0.901142 0.911922 0.372296 0.669302 0.885698 0.303001 0.700743 0.634605 0.540162 0.166713 
0.796433 0.776434 0.395345 0.980478 0.0783706 0.962431 0.969784 0.443852 0.268123 0.734683 0.831338 0.671814 0.847364 0.754246 0.210325 0.319476 0.285651 0.491454 0.917212 0.311882 0.865857 0.983679 0.212871 0.797943 0.675995 0.997346 0.460858 0.368641 0.564528 0.433087 0.474659 0.259978 0.229917 0.204043 0.33411 0.747153 0.742932 0.649827 0.09809 0.863794 0.41232 0.636019 0.488552 0.205645 0.194899 0.472485 0.693721 0.683564 0.661846 0.169742 0.743278 0.59286 0.790711 0.272115 0.624419 0.291448 0.360043 0.98213 0.957276 0.14809 0.623066 0.202041 0.875571 0.0339416 
0.0397089 0.971271 0.851409 0.102916 0.412147 0.713717 0.772301 0.0262351 0.198651 0.52334 0.571386 0.274274 0.845405 0.189203 0.782911 0.532771 0.0660904 0.331778 0.872351 0.20817 0.0239051 0.0515398 0.614902 0.237304 0.112715 0.555256 0.873312 0.622934 0.318686 0.809331 0.661017 0.187533 0.908738 0.0336721 0.263997 0.526519 0.333741 0.838351 0.11842 0.116987 0.443435 0.512561 0.617565 0.637816 0.633436 0.38353 0.913914 0.685054 0.870255 0.28399 0.924143 0.200303 0.510062 0.692662 0.520497 0.754217 0.315439 0.729251 0.999572 0.958642 0.599125 0.100694 0.14973 0.0749317 
0.37536 0.267183 0.279168 0.579317 0.0837486 0.862422 0.396998 0.743072 0.172719 0.130207 0.285258 0.275295 0.8854 0.924686 0.253963 0.779444 0.678572 0.00522933 0.266748 0.657157 0.664009 0.991159 0.788485 0.870212 0.312551 0.240774 0.350156 0.54697 0.933475 0.131802 0.936515 0.543169 0.151477 0.656805 0.289889 0.608927 0.360138 0.595279 0.360674 0.0214773 0.88773 0.968533 0.639486 0.141854 0.42037 0.701177 0.203154 0.751164 0.135862 0.10909 0.794048 0.346999 0.153041 0.656171 0.668195 0.326043 0.229506 0.0768075 0.716657 0.604281 0.86152 0.313723 0.649764 0.454576 
0.276077 0.511528 0.960135 0.232813 0.0261372 0.995648 0.00463087 0.62296 0.440143 0.0791836 0.777556 0.568178 0.476751 0.51616 0.920229 0.518679 0.120608 0.120751 0.171525 0.723781 0.282222 0.31352 0.787909 0.63424 0.675542 0.242115 0.221731 0.965449 0.0595528 0.691431 0.266333 0.585601 0.0413384 0.159576 0.208855 0.856988 0.411695 0.122134 0.434903 0.65448 0.0477895 0.538656 0.280968 0.994913 0.0636005 0.780938 0.959165 0.471128 0.249143 0.965192 0.765947 0.401954 0.514906 0.792911 0.983928 0.714917 0.839231 0.268541 0.0495306 0.131604 0.433562 0.0746974 0.344664 0.0183946 
0.331363 0.29157 0.497976 0.57265 0.881502 0.308722 0.982495 0.789046 0.695793 0.0612541 0.926971 0.0307936 0.0110218 0.633627 0.844605 0.800142 0.122455 0.138246 0.437572 0.663531 0.0345327 0.238414 0.0180246 0.104495 0.363524 0.983822 0.631438 0.922421 0.783331 0.657992 0.521496 0.568096 0.0518586 0.523876 0.243982 0.275967 0.983559 0.702825 0.996618 0.328432 0.411044 0.282592 0.12306 0.814679 0.39983 0.210446 0.444216 0.320746 0.334748 0.826019 0.376601 0.277217 0.427834 0.857567 0.387233 0.287839 0.515549 0.75855 0.912881 0.472646 0.244584 0.840782 0.987394 0.174184 
0.965326 0.135271 0.150576 0.331974 0.684059 0.758532 0.844741 0.132999 0.272285 0.0719227 0.0499813 0.920693 0.0882503 0.364774 0.272795 0.0405194 0.311375 0.0393437 0.210395 0.838356 0.558167 0.631165 0.58978 0.0196577 0.561803 0.89844 0.53645 0.604254 0.429311 0.641356 0.90921 0.639333 0.212679 0.672034 0.339294 0.772685 0.0156916 0.458392 0.986407 0.42169 0.0958247 0.413978 0.471041 0.718603 0.0933445 0.218652 0.976191 0.492627 0.468542 0.974045 0.812561 0.436991 0.201063 0.807109 0.882375 0.844357 0.495187 0.717763 0.175523 0.63859 0.393092 0.28139 0.651788 0.899245 
0.384421 0.888899 0.683194 0.396131 0.669743 0.805682 0.570738 0.186959 0.153661 0.632613 0.387204 0.277344 0.986545 0.708269 0.192232 0.826625 0.316523 0.441221 0.479697 0.896709 0.426729 0.108409 0.600854 0.728102 0.588239 0.736807 0.417546 0.701248 0.305217 0.300607 0.768677 0.092676 0.404144 0.778339 0.138001 0.00663248 0.257829 0.940162 0.580569 0.211837 0.468342 0.755604 0.562765 0.892915 0.32946 0.153316 0.326375 0.922358 0.13537 0.881413 0.613407 0.739364 0.422797 0.891482 0.124415 0.362231 0.799309 0.0492848 0.313403 0.267688 0.978409 0.931122 0.682538 0.247795 
0.69982 0.101103 0.501259 0.874478 0.28121 0.265815 0.36841 0.302833 0.101303 0.633669 0.844498 0.0419984 0.87882 0.412554 0.844231 0.953951 0.108492 0.611808 0.464312 0.566719 0.852457 0.239087 0.586393 0.445484 0.915789 0.736393 0.679682 0.911963 0.265694 0.483336 0.568899 0.503021 0.433673 0.51224 0.385153 0.247696 0.290778 0.84338 0.779332 0.00344539 0.152803 0.461088 0.516019 0.188132 0.992535 0.363314 0.37631 0.0505752 0.717618 0.825012 0.347321 0.785977 0.243327 0.516139 0.450767 0.3515 0.883426 0.532812 0.409834 0.957436 0.697482 0.568678 0.467321 0.414533 
0.924031 0.334178 0.728275 0.301145 0.180209 0.971292 0.391036 0.139852 0.40585 0.645549 0.823654 0.633458 0.0645852 0.726874 0.0109009 0.481535 0.713171 0.581297 0.176841 0.140547 0.76441 0.861767 0.902019 0.189222 0.850378 0.667852 0.202331 0.0221152 0.611318 0.700722 0.198761 0.246202 0.43046 0.0975613 0.96418 0.137004 0.983136 0.652715 0.223702 0.663328 0.47589 0.176378 0.371166 0.713845 0.510717 0.714175 0.094832 0.437521 0.870673 0.011227 0.280956 0.54482 0.53019 0.279645 0.552019 0.650252 0.245032 0.869294 0.766623 0.205147 0.382142 0.0508067 0.341035 0.457695 
0.335071 0.339708 0.696689 0.190319 0.0402971 0.181731 0.486077 0.597938 0.263614 0.449348 0.170771 0.305694 0.370975 0.537707 0.933268 0.093356 0.910741 0.619858 0.365575 0.557581 0.334428 0.467434 0.0484512 0.555248 0.0107537 0.376905 0.268952 0.498742 0.339963 0.76883 0.103363 0.786516 0.149056 0.942667 0.861858 0.944023 0.23353 0.840418 0.929902 0.521532 0.524066 0.452873 0.52645 0.786439 0.324864 0.32855 0.600792 0.773906 0.315847 0.527889 0.963555 0.482414 0.8685 0.643592 0.208977 0.97941 0.693906 0.760288 0.284157 0.540659 0.403373 0.72989 0.696376 0.20877 
0.817742 0.0922337 0.76101 0.282749 0.119264 0.869137 0.417038 0.891 0.865779 0.552876 0.130858 0.160556 0.982022 0.248942 0.144918 0.299295 0.445315 0.378447 0.533808 0.00468799 0.773789 0.452542 0.776825 0.798456 0.579185 0.83103 0.481543 0.198487 0.182707 0.196293 0.177753 0.176024 0.831396 0.149806 0.184614 0.246376 0.699998 0.510991 0.789812 0.0667053 0.785698 0.566834 0.705743 0.96426 0.190481 0.617871 0.259142 0.820261 0.432193 0.222607 0.137494 0.344717 0.724773 0.185606 0.900714 0.290665 0.870461 0.68031 0.943423 0.844524 0.364029 0.752572 0.41933 0.93774 
0.397989 0.0766678 0.029776 0.0804485 0.552072 0.91279 0.496947 0.116498 0.853921 0.079605 0.525976 0.328012 0.134767 0.989126 0.214785 0.824999 0.335937 0.468908 0.0619639 0.516357 0.388058 0.313273 0.860774 0.741047 0.919738 0.473451 0.154679 0.255698 0.651915 0.78902 0.300667 0.801577 0.699468 0.16223 0.879847 0.388519 0.136043 0.702277 0.00834843 0.398392 0.591347 0.825755 0.658383 0.4819 0.466927 0.575334 0.867015 0.986548 0.977962 0.369455 0.0936382 0.420431 0.688555 0.09615 0.762906 0.761859 0.0435808 0.262272 0.76304 0.718768 0.80631 0.0334972 0.632462 0.526255 
0.835488 0.879058 0.86906 0.0159878 0.565198 0.755731 0.85405 0.984929 0.818418 0.958763 0.845775 0.421893 0.219685 0.364539 0.537172 0.956559 0.74937 0.583901 0.17767 0.794562 0.453419 0.394138 0.841903 0.48772 0.244964 0.599639 0.805082 0.530145 0.0952136 0.868324 0.545783 0.662885 0.975137 0.561429 0.4469 0.577979 0.1068 0.6304 0.978234 0.103169 0.863815 0.26087 0.140763 0.570639 0.696808 0.59164 0.989233 0.241464 0.484067 0.645209 0.566814 0.697531 0.900092 0.465047 0.693401 0.649634 0.38581 0.974813 0.194111 0.45055 0.703955 0.246485 0.210263 0.730857 
0.409253 0.502863 0.110932 0.939146 0.617842 0.378398 0.98393 0.376573 0.724355 0.790426 0.862855 0.545864 0.269888 0.412415 0.504401 0.373983 0.863069 0.937995 0.00582818 0.423103 0.110637 0.944258 0.3531 0.555962 0.522002 0.176371 0.228035 0.286132 0.462104 0.108022 0.00654433 0.0426225 0.23596 0.686957 0.169771 0.590301 0.368732 0.396646 0.791898 0.737046 0.429546 0.356972 0.12142 0.733665 0.839696 0.0775457 0.95222 0.095709 0.044719 0.501499 0.735328 0.977708 0.484253 0.630067 0.657429 0.266813 0.283242 0.149994 0.655573 0.539535 0.797285 0.953553 0.728714 0.942172 
0.430192 0.117578 0.391272 0.743725 0.671767 0.0537506 0.905497 0.0441408 0.999846 0.397374 0.615556 0.460694 0.989155 0.529537 0.130783 0.316091 0.117757 0.897581 0.836237 0.374996 0.255146 0.525604 0.0196625 0.753616 0.116267 0.334956 0.56018 0.436156 0.844718 0.830524 0.791351 0.625113 0.714924 0.613405 0.649449 0.216584 0.287412 0.22656 0.753778 0.770157 0.397392 0.821701 0.493322 0.741326 0.290489 0.278749 0.42225 0.157749 0.127293 0.0294136 0.375938 0.147076 0.671069 0.777073 0.348907 0.688304 0.942645 0.509332 0.348368 0.884835 0.737066 0.159797 0.183811 0.191095 
0.630439 0.249222 0.662866 0.436622 0.701893 0.821069 0.578405 0.874028 0.617716 0.87846 0.059614 0.256132 0.294632 0.697993 0.768481 0.798934 0.140883 0.575814 0.298057 0.341832 0.646751 0.63825 0.290947 0.178561 0.845354 0.432197 0.858532 0.727618 0.15773 0.579257 0.848543 0.905855 0.374142 0.182563 0.953702 0.107952 0.375198 0.638495 0.777241 0.398113 0.0975299 0.584081 0.188642 0.624095 0.182842 0.649494 0.25362 0.775363 0.0338482 0.814665 0.0794806 0.111001 0.193829 0.802693 0.0635895 0.604911 0.950515 0.433231 0.0856727 0.797098 0.210088 0.750478 0.197175 0.446408 
0.384434 0.382744 0.0179599 0.329341 0.283029 0.884892 0.772981 0.497342 0.256214 0.127036 0.968427 0.910269 0.00256767 0.142174 0.184662 0.344258 0.991942 0.420028 0.199448 0.558135 0.792197 0.405664 0.695844 0.489369 0.322426 0.572353 0.607021 0.759489 0.41694 0.315828 0.170775 0.0807363 0.190816 0.229078 0.415737 0.626079 0.946838 0.0572813 0.764776 0.1812 0.140504 0.0307377 0.213567 0.625224 0.509598 0.0623901 0.410158 0.945053 0.336028 0.321863 0.499412 0.895646 0.653983 0.351604 0.988054 0.987276 0.660044 0.731145 0.220505 0.194154 0.21681 0.933336 0.0532415 0.501157 
0.437803 0.796113 0.109499 0.820631 0.986933 0.147119 0.8045 0.770533 0.345391 0.970432 0.594232 0.549578 0.0517487 0.474099 0.940166 0.578797 0.141896 0.776829 0.957127 0.621026 0.301124 0.87712 0.21283 0.485426 0.284748 0.927782 0.857507 0.73486 0.934416 0.241577 0.680542 0.117191 0.934215 0.571547 0.738428 0.590963 0.242457 0.99339 0.0262538 0.731959 0.140042 0.588296 0.99701 0.296491 0.662171 0.783414 0.471599 0.619188 0.769616 0.924108 0.151042 0.352803 0.0405681 0.582227 0.280195 0.791837 0.607941 0.265842 0.100828 0.726668 0.180564 0.78387 0.486199 0.405632 
0.400695 0.772781 0.966157 0.922252 0.118778 0.933822 0.232203 0.0599825 0.873259 0.410444 0.97881 0.832829 0.530769 0.867074 0.164397 0.037247 0.477573 0.0982884 0.337429 0.875007 0.534204 0.403509 0.770017 0.44094 0.383789 0.962105 0.402842 0.609439 0.0725398 0.0495459 0.818741 0.02647 0.26896 0.860424 0.724032 0.557603 0.414306 0.688546 0.246876 0.946546 0.271414 0.21191 0.757456 0.677607 0.131365 0.699961 0.0540455 0.0513978 0.489522 0.445999 0.362726 0.239446 0.599722 0.339975 0.865532 0.815269 0.445255 0.43416 0.0966307 0.514041 0.0605961 0.975931 0.790176 0.304017 
0.305432 0.403819 0.75793 0.205987 0.0632678 0.541756 0.265914 0.686439 0.340983 0.858113 0.0387675 0.789798 0.721123 0.71536 0.969893 0.55841 0.634085 0.00212821 0.0994916 0.742001 0.127539 0.630484 0.23216 0.502759 0.319172 0.542371 0.774593 0.474343 0.0832719 0.281709 0.994338 0.0369509 0.400342 0.469702 0.887691 0.486787 0.385788 0.901506 0.682651 0.686224 0.958501 0.860131 0.692394 0.993601 0.893025 0.591075 0.231393 0.434909 0.126036 0.307699 0.110043 0.539268 0.379259 0.838334 0.767266 0.474365 0.0882583 0.959903 0.258465 0.186572 0.145487 0.213936 0.0979733 0.42494 
0.288826 0.560043 0.886746 0.26296 0.104259 0.75275 0.967843 0.0918264 0.631696 0.717268 0.374816 0.153037 0.833185 0.655185 0.41563 0.777143 0.685789 0.870009 0.125279 0.458953 0.490002 0.656651 0.205227 0.382825 0.602262 0.982566 0.561144 0.408922 0.0576181 0.594047 0.312823 0.593168 0.245598 0.57083 0.695416 0.469069 0.481305 0.250242 0.984603 0.683315 0.569325 0.793169 0.946295 0.898852 0.231472 0.247611 0.380702 0.121098 0.386933 0.0570725 0.4359 0.601755 0.567457 0.973266 0.10252 0.97404 0.25598 0.312974 0.431248 0.895167 0.0821667 0.0180805 0.47251 0.154322 
0.879849 0.561821 0.391421 0.471469 0.982481 0.076527 0.679246 0.401247 0.0641729 0.591404 0.483052 0.471598 0.603715 0.913347 0.733634 0.896051 0.366457 0.932346 0.326677 0.404241 0.851185 0.497337 0.403794 0.303437 0.509463 0.515652 0.981101 0.319833 0.473445 0.900357 0.527977 0.808688 0.965596 0.888204 0.428174 0.553026 0.867767 0.402234 0.51139 0.438452 0.0125315 0.559027 0.822609 0.799995 0.532504 0.936646 0.633629 0.962124 0.606096 0.0718237 0.275641 0.135042 0.149736 0.31696 0.850174 0.354685 0.18529 0.977294 0.169074 0.310805 0.69538 0.428119 0.0659914 0.466844 
0.280059 0.982375 0.604946 0.494492 0.963118 0.0053816 0.077999 0.991562 0.205248 0.275516 0.378667 0.92496 0.228193 0.577846 0.193843 0.897897 0.942769 0.707872 0.138431 0.201199 0.268997 0.600665 0.99924 0.46574 0.835097 0.371224 0.268456 0.351367 0.129283 0.287172 0.649618 0.99798 0.519818 0.519014 0.162294 0.299321 0.00190234 0.885685 0.0273456 0.108658 0.783799 0.840443 0.968166 0.575101 0.15498 0.506972 0.234608 0.873153 0.119062 0.693194 0.189876 0.347186 0.447576 0.100276 0.909223 0.88368 0.00455595 0.513063 0.838664 0.883753 0.921574 0.948386 0.0628944 0.179418 
0.737366 0.0871605 0.996734 0.561189 0.082445 0.0366272 0.146142 0.205276 0.18882 0.657028 0.626357 0.354087 0.360243 0.216801 0.607214 0.269154 0.960658 0.463628 0.69099 0.752514 0.979977 0.332457 0.35541 0.312331 0.516985 0.856233 0.81517 0.377812 0.210919 0.632802 0.915139 0.663646 0.694091 0.534183 0.261816 0.391593 0.686561 0.613507 0.606573 0.390862 0.966528 0.43572 0.931435 0.91164 0.486315 0.55625 0.536718 0.808176 0.145926 0.923692 0.174276 0.328819 0.669836 0.489626 0.725258 0.646803 0.375465 0.251062 0.0566645 0.564118 0.81968 0.886815 0.836314 0.636015 
0.0591964 0.270489 0.838316 0.736775 0.745515 0.811996 0.592032 0.348918 0.695344 0.0567512 0.242144 0.962331 0.160177 0.34251 0.871498 0.290035 0.605645 0.189114 0.729781 0.426169 0.702978 0.737128 0.957895 0.446135 0.81059 0.736477 0.489451 0.896497 0.116357 0.438004 0.174398 0.310557 0.643222 0.090773 0.483942 0.723474 0.138427 0.811721 0.0832994 0.154947 0.174403 0.341744 0.12598 0.185589 0.167096 0.761935 0.61475 0.0575199 0.778186 0.986272 0.617883 0.735518 0.983399 0.405855 0.687857 0.203873 0.345304 0.407282 0.922045 0.195052 0.810718 0.779102 0.896527 0.243654 
0.297032 0.1112 0.558295 0.44406 0.101566 0.0217068 0.795033 0.795017 0.921303 0.197012 0.0486067 0.706599 0.266293 0.017037 0.186318 0.626053 0.141691 0.0438569 0.681997 0.584039 0.959251 0.715756 0.970994 0.294514 0.464925 0.394608 0.0267128 0.295198 0.0289663 0.318824 0.296371 0.566562 0.973071 0.197394 0.490016 0.99407 0.232904 0.6299 0.371061 0.476313 0.354595 0.618766 0.519047 0.889423 0.152967 0.92517 0.761305 0.525581 0.164263 0.129734 0.171129 0.470311 0.981863 0.648825 0.09164 0.438281 0.0540325 0.0453211 0.505982 0.12158 0.448412 0.559858 0.929502 0.275483 
0.258495 0.11736 0.182082 0.410759 0.0825463 0.392706 0.359207 0.666636 0.384606 0.888707 0.0186304 0.0280737 0.584173 0.989575 0.816389 0.477639 0.810628 0.212641 0.160925 0.948653 0.26105 0.421572 0.947778 0.541785 0.0931809 0.774996 0.875022 0.344103 0.0024361 0.72703 0.518591 0.867198 0.595471 0.331079 0.0815511 0.414964 0.579352 0.860294 0.43344 0.667771 0.767728 0.71757 0.39577 0.682981 0.286222 0.709449 0.898699 0.285646 0.838912 0.684961 0.609757 0.0155141 0.0385242 0.361689 0.611655 0.615561 0.501214 0.164454 0.962137 0.719275 0.256134 0.639409 0.469258 0.974551 
0.136695 0.73903 0.540058 0.965357 0.473509 0.440716 0.720466 0.101747 0.721945 0.237848 0.481578 0.994235 0.308016 0.715284 0.208352 0.681254 0.740858 0.347157 0.390556 0.486767 0.437836 0.0429492 0.878376 0.347393 0.811987 0.268769 0.567347 0.56146 0.443449 0.75831 0.0698546 0.878329 0.17699 0.407142 0.571186 0.798861 0.675999 0.227649 0.371427 0.696794 0.970496 0.711594 0.0761652 0.582792 0.954573 0.999568 0.768267 0.991655 0.271234 0.260727 0.364496 0.218074 0.753718 0.57948 0.804185 0.962851 0.187892 0.299266 0.114822 0.833268 0.0745346 0.102323 0.0659519 0.000146265 
0.455704 0.471842 0.288925 0.188064 0.0747098 0.149885 0.670416 0.559806 0.765865 0.928487 0.98713 0.354169 0.21571 0.0728068 0.124745 0.377738 0.695997 0.464918 0.814145 0.534542 0.35814 0.89964 0.948846 0.878273 0.987478 0.868802 0.104418 0.16731 0.912093 0.990736 0.223917 0.846981 0.655779 0.113072 0.77737 0.882641 0.489191 0.278108 0.48429 0.032691 0.344743 0.525339 0.888091 0.22341 0.359083 0.915484 0.608668 0.990579 0.711969 0.344546 0.714268 0.659456 0.492066 0.365638 0.589616 0.987371 0.27832 0.678484 0.974161 0.185069 0.67205 0.163339 0.278422 0.453594 
0.183159 0.648114 0.220264 0.167981 0.117339 0.966158 0.666931 0.708568 0.330152 0.482731 0.199945 0.732926 0.271932 0.746246 0.573205 0.437146 0.738409 0.563941 0.909248 0.272104 0.403495 0.335514 0.0520367 0.809796 0.5611 0.906531 0.242521 0.0244115 0.0400087 0.821639 0.287229 0.760509 0.0767346 0.600367 0.616556 0.0139271 0.674552 0.146115 0.9179 0.122549 0.00633861 0.125078 0.836039 0.148169 0.37114 0.206284 0.69069 0.829778 0.71847 0.811297 0.0421377 0.915141 0.876969 0.958864 0.429424 0.646193 0.011232 0.341905 0.53197 0.563887 0.190204 0.924386 0.297221 0.572344 
0.744429 0.155553 0.116152 0.923545 0.125355 0.707994 0.346281 0.934308 0.946766 0.535443 0.236877 0.979848 0.149785 0.42308 0.734679 0.590839 0.453601 0.125015 0.0114211 0.516514 0.480294 0.821699 0.89419 0.859651 0.036872 0.749133 0.0586293 0.718786 0.454573 0.690773 0.998545 0.601967 0.286781 0.10969 0.000597927 0.69773 0.019945 0.867395 0.448532 0.43546 0.918129 0.828402 0.101073 0.970561 0.623666 0.415847 0.792241 0.238954 0.236981 0.93492 0.530516 0.801131 0.518664 0.978368 0.629732 0.930868 0.614167 0.0458751 0.86226 0.15952 0.500338 0.294294 0.638502 0.505577 
0.70051 0.580809 0.663501 0.806241 0.69038 0.423141 0.489816 0.213375 0.294149 0.650287 0.387224 0.841707 0.500827 0.448551 0.519506 0.212514 0.0950603 0.274672 0.184001 0.89914 0.389354 0.470845 0.653371 0.437062 0.049526 0.587022 0.358063 0.846822 0.483592 0.819509 0.824817 0.963665 0.456586 0.0482286 0.082029 0.723356 0.0913084 0.274136 0.358289 0.859123 0.663829 0.59155 0.0577347 0.817286 0.865869 0.132055 0.329182 0.307636 0.237816 0.797457 0.228786 0.567821 0.186888 0.11165 0.75682 0.765728 0.452372 0.232513 0.767652 0.620565 0.87984 0.672451 0.424838 0.176503 
0.433587 0.0405602 0.316394 0.401394 0.908131 0.269932 0.74109 0.779494 0.382679 0.902346 0.0099444 0.430426 0.542663 0.431054 0.878179 0.160766 0.456772 0.35864 0.183033 0.300611 0.967255 0.829364 0.101043 0.950306 0.13972 0.934353 0.832778 0.610301 0.616949 0.70918 0.983627 0.309123 0.0607878 0.918518 0.494229 0.261921 0.337418 0.75898 0.0345212 0.194135 0.290086 0.694483 0.570604 0.24141 0.390056 0.672831 0.252132 0.487688 0.341592 0.0360109 0.628761 0.910206 0.634688 0.217026 0.978207 0.950466 0.25027 0.0982117 0.949536 0.248206 0.27929 0.356775 0.835414 0.354647 
0.14319 0.686791 0.30873 0.581344 0.671643 0.460535 0.452419 0.00528041 0.635878 0.597527 0.214745 0.444879 0.607431 0.595307 0.846297 0.376048 0.572279 0.0957553 0.533418 0.815211 0.425087 0.401312 0.376654 0.13309 0.655405 0.867001 0.797984 0.688747 0.42664 0.504722 0.988458 0.647687 0.0471748 0.698106 0.652573 0.329578 0.102949 0.289642 0.117434 0.943373 0.580448 0.528224 0.152183 0.464758 0.753838 0.81396 0.294626 0.953543 0.520934 0.175151 0.302877 0.890279 0.172746 0.905911 0.807166 0.212782 0.695114 0.574484 0.718578 0.249202 0.578392 0.679881 0.628247 0.0857355 
0.366492 0.272991 0.524834 0.60339 0.770305 0.41266 0.0583979 0.672594 0.559526 0.478929 0.464702 0.795582 0.82669 0.560762 0.708155 0.140826 0.00938178 0.824175 0.290324 0.308368 0.786549 0.903007 0.810697 0.896416 0.819881 0.234669 0.973086 0.108499 0.891842 0.536061 0.186797 0.126825 0.940677 0.0217968 0.891372 0.46543 0.827928 0.384554 0.347133 0.534251 0.178736 0.799651 0.251481 0.0257653 0.425332 0.725641 0.0797297 0.917068 0.339331 0.863424 0.404232 0.816615 0.0412066 0.243149 0.473006 0.552369 0.835659 0.971024 0.249381 0.83184 0.216546 0.428504 0.401489 0.456574 
0.0942293 0.202451 0.972667 0.493855 0.136113 0.257353 0.0337191 0.58751 0.55822 0.00636241 0.466082 0.981792 0.802629 0.565416 0.758269 0.3715 0.248266 0.788694 0.817487 0.77018 0.53396 0.295225 0.229274 0.02107 0.00804213 0.00481519 0.763939 0.107618 0.309533 0.0595094 0.818034 0.709965 0.377038 0.327341 0.0762221 0.017361 0.294279 0.507759 0.975103 0.200714 0.969856 0.910581 0.108325 0.66837 0.796651 0.786658 0.56651 0.433673 0.508357 0.26717 0.898564 0.678636 0.571375 0.309547 0.252837 0.849074 0.51627 0.897158 0.707665 0.376659 0.612027 0.80531 0.398741 0.560541 
0.665568 0.182911 0.538841 0.484917 0.471437 0.129051 0.561512 0.811455 0.698951 0.113994 0.0567677 0.761995 0.757656 0.798871 0.801888 0.952407 0.387768 0.553989 0.582787 0.228707 0.580158 0.604451 0.44441 0.887963 0.155129 0.435838 0.759904 0.71672 0.66885 0.480929 0.925882 0.673025 0.786661 0.912193 0.480072 0.140177 0.841907 0.274677 0.184597 0.160409 0.000842302 0.502679 0.603911 0.687391 0.314838 0.0468182 0.398712 0.360767 0.0122326 0.890612 0.935596 0.703545 0.731842 0.4788 0.59305 0.335761 0.00101847 0.557223 0.478881 0.248296 0.145887 0.154311 0.469512 0.442176 
0.404226 0.311469 0.454404 0.376952 0.552841 0.0484259 0.25726 0.915473 0.386973 0.747016 0.860834 0.457729 0.39043 0.192856 0.623845 0.404998 0.684488 0.350298 0.741274 0.212483 0.646473 0.945283 0.701963 0.695766 0.222248 0.627435 0.974789 0.985289 0.604451 0.407885 0.375658 0.763643 0.72185 0.676455 0.914468 0.137712 0.92525 0.0916263 0.9942 0.218314 0.496272 0.967884 0.135619 0.63935 0.118998 0.197096 0.475156 0.277795 0.820937 0.80498 0.383084 0.846984 0.83891 0.0271142 0.131016 0.0545058 0.274346 0.398527 0.0248499 0.889894 0.188978 0.490121 0.430509 0.464799 
0.156781 0.3878 0.76639 0.755286 0.299287 0.516743 0.309601 0.12945 0.686674 0.566914 0.929136 0.908977 0.191676 0.00123194 0.457496 0.204335 0.666238 0.927184 0.381525 0.240117 0.705522 0.459174 0.559886 0.800448 0.839015 0.909324 0.857392 0.82034 0.260219 0.528942 0.486666 0.0119659 0.455798 0.190192 0.612491 0.506238 0.197518 0.777212 0.31846 0.199027 0.993376 0.0733947 0.788283 0.629076 0.573641 0.140957 0.781209 0.219425 0.0929216 0.592379 0.161141 0.552903 0.0373864 0.564298 0.275723 0.514709 0.328378 0.699511 0.993324 0.525611 0.687664 0.197024 0.427627 0.681369 
0.394582 0.0233475 0.476486 0.468252 0.299305 0.385342 0.612908 0.40004 0.489522 0.878153 0.873024 0.820151 0.550563 0.151081 0.938598 0.84991 0.442703 0.137297 0.49043 0.727087 0.225207 0.259246 0.940076 0.63254 0.590607 0.407761 0.863872 0.836997 0.268914 0.306355 0.481849 0.295331 0.0131644 0.660853 0.884265 0.980419 0.336846 0.679845 0.906529 0.648584 0.270157 0.182613 0.370556 0.238432 0.0304888 0.397395 0.81569 0.85136 0.42031 0.309314 0.689578 0.639053 0.238336 0.799835 0.15404 0.153729 0.21 0.21858 0.95561 0.416825 0.861001 0.17339 0.0106593 0.537321 
0.798889 0.491249 0.234977 0.79539 0.175418 0.179194 0.31512 0.247838 0.17179 0.592185 0.999518 0.21655 0.0508037 0.131808 0.482853 0.469244 0.265234 0.142968 0.924012 0.778874 0.592057 0.934537 0.175551 0.842272 0.181087 0.659241 0.0304686 0.0320911 0.450404 0.54197 0.275358 0.404018 0.139607 0.523128 0.0523683 0.113866 0.243727 0.0966187 0.0656509 0.693712 0.216213 0.14975 0.243734 0.383719 0.991045 0.178953 0.34947 0.322934 0.155093 0.766041 0.0364895 0.696602 0.601481 0.29629 0.0668142 0.940317 0.155932 0.082759 0.831497 0.0219493 0.793331 0.36729 0.211215 0.0925156 
0.947582 0.976692 0.460153 0.408576 0.0749207 0.80827 0.525348 0.334494 0.977671 0.821598 0.0728022 0.997428 0.55265 0.64826 0.84866 0.671519 0.166246 0.88278 0.448433 0.979798 0.345126 0.47087 0.791439 0.600272 0.55931 0.143109 0.893243 0.377876 0.839701 0.140542 0.592656 0.710266 0.627685 0.384268 0.650815 0.442577 0.672774 0.639914 0.561734 0.42298 0.100769 0.500462 0.289415 0.416767 0.564789 0.292174 0.135179 0.805164 0.961385 0.0800397 0.935281 0.244133 0.436441 0.80911 0.714913 0.471167 0.979193 0.913007 0.919905 0.152526 0.60433 0.2112 0.532332 0.560308 
0.181136 0.505231 0.722778 0.713753 0.807676 0.180186 0.211932 0.974381 0.380087 0.377604 0.461907 0.349224 0.641977 0.990511 0.379891 0.162283 0.411609 0.461554 0.720712 0.116041 0.536414 0.479558 0.50746 0.0566092 0.536533 0.735876 0.689353 0.623029 0.800587 0.206984 0.588798 0.0502224 0.000778057 0.305675 0.523997 0.290584 0.546357 0.780574 0.641221 0.9349 0.904979 0.365155 0.444674 0.725507 0.111239 0.523623 0.00476218 0.459428 0.436602 0.162861 0.256895 0.269696 0.844854 0.639283 0.971263 0.0507629 0.327507 0.57463 0.676274 0.467682 0.432232 0.150738 0.796498 0.353171 
0.868177 0.462412 0.100096 0.755039 0.912048 0.399949 0.914714 0.00748425 0.886599 0.0881202 0.317816 0.720422 0.12247 0.575136 0.366959 0.211544 0.811303 0.284668 0.390695 0.830168 0.109498 0.28849 0.645528 0.911296 0.021282 0.966596 0.170683 0.00541894 0.385675 0.8791 0.478043 0.880778 0.326892 0.674384 0.876219 0.701877 0.885314 0.205836 0.118786 0.915358 0.565034 0.917068 0.501905 0.536609 0.12385 0.596525 0.36616 0.303344 0.666526 0.862593 0.301862 0.36506 0.325844 0.00570489 0.402762 0.458919 0.35615 0.0916872 0.143926 0.353272 0.810067 0.185683 0.518313 0.530909 
0.31901 0.0942643 0.662561 0.612346 0.8958 0.942674 0.451853 0.0977367 0.569652 0.667603 0.0935086 0.736801 0.842048 0.255591 0.694396 0.621736 0.763065 0.739414 0.0478868 0.842133 0.88598 0.43486 0.936546 0.53489 0.902502 0.268005 0.427426 0.399297 0.512533 0.252919 0.671642 0.862722 0.997196 0.634303 0.831295 0.52195 0.601487 0.567182 0.522206 0.393241 0.213126 0.733733 0.185858 0.531544 0.125193 0.758278 0.842066 0.76292 0.690105 0.815535 0.0941516 0.67311 0.132174 0.00998347 0.550763 0.163354 0.87984 0.0455118 0.75737 0.519851 0.136853 0.989078 0.043031 0.945486 
0.507803 0.0188079 0.799415 0.709542 0.38326 0.978896 0.178597 0.549208 0.675412 0.875834 0.964676 0.53328 0.690751 0.6693 0.553391 0.680952 0.62678 0.83277 0.490973 0.367794 0.00708618 0.0855432 0.100261 0.881297 0.979807 0.408165 0.258747 0.119655 0.193525 0.730412 0.598839 0.407975 0.566304 0.284616 0.2862 0.513347 0.157341 0.0363755 0.748618 0.423362 0.651529 0.379362 0.844267 0.771553 0.113218 0.423652 0.39873 0.359343 0.869839 0.465982 0.80466 0.901772 0.1425 0.405074 0.997988 0.947265 0.477157 0.449432 0.354778 0.877481 0.414088 0.213264 0.241274 0.880308 
0.392017 0.510575 0.995672 0.0883356 0.111888 0.709314 0.556103 0.718513 0.175762 0.675714 0.287781 0.052265 0.388638 0.340425 0.80378 0.794798 0.774188 0.238762 0.0945892 0.170986 0.0409389 0.864359 0.72815 0.438347 0.104901 0.784348 0.242392 0.954059 0.283929 0.844038 0.473791 0.220748 0.228968 0.596967 0.260826 0.425625 0.489477 0.373969 0.289817 0.00544313 0.700408 0.308382 0.178423 0.498009 0.49514 0.325849 0.912057 0.541997 0.51898 0.441346 0.186746 0.647083 0.427171 0.684331 0.963844 0.0239699 0.00811816 0.543722 0.652452 0.807473 0.577848 0.340936 0.830073 0.786505 
0.713001 0.514266 0.32089 0.121722 0.259384 0.649318 0.857572 0.430902 0.17025 0.933471 0.75768 0.145521 0.240617 0.378554 0.315648 0.531075 0.343626 0.713809 0.700292 0.443024 0.114188 0.838906 0.347215 0.278732 0.444075 0.690947 0.465537 0.516406 0.658678 0.24943 0.0239673 0.57711 0.590813 0.252008 0.648454 0.316567 0.26446 0.593125 0.209908 0.720364 0.788902 0.780958 0.0269673 0.863744 0.855915 0.518672 0.670482 0.625 0.0803721 0.204702 0.05001 0.753184 0.60946 0.434628 0.991172 0.890513 0.25116 0.999478 0.565974 0.0971901 0.0361613 0.048109 0.17225 0.707596 
0.438601 0.987882 0.441668 0.82245 0.000474153 0.773536 0.505231 0.197496 0.834568 0.719155 0.904341 0.043222 0.0725045 0.389132 0.563084 0.579534 0.425229 0.899669 0.217846 0.326977 0.642264 0.510473 0.334821 0.59334 0.682962 0.486123 0.468941 0.844943 0.834697 0.056609 0.0880856 0.118002 0.0946896 0.344528 0.169339 0.705933 0.830365 0.832959 0.430111 0.928453 0.235094 0.330979 0.33703 0.038057 0.103427 0.767221 0.777833 0.507963 0.373441 0.129071 0.539185 0.0454643 0.631443 0.496968 0.0635793 0.658199 0.133107 0.43511 0.791206 0.421276 0.452575 0.218443 0.470925 0.377712 
0.31777 0.527586 0.191322 0.8858 0.280437 0.521091 0.92987 0.577135 0.444072 0.991247 0.992188 0.000493591 0.601699 0.712466 0.205623 0.908047 0.23784 0.712621 0.704067 0.310177 0.443265 0.664568 0.501605 0.777608 0.355859 0.561875 0.823464 0.223326 0.169524 0.0414535 0.504924 0.702827 0.81213 0.466337 0.698919 0.333727 0.811111 0.637827 0.467316 0.403902 0.790861 0.422072 0.319486 0.867467 0.705048 0.132245 0.47574 0.151843 0.529741 0.634377 0.651121 0.754627 0.211329 0.827682 0.973528 0.752228 0.729572 0.826731 0.274987 0.846035 0.765303 0.0613692 0.648121 0.592662 
0.312212 0.947383 0.92209 0.750158 0.817245 0.543985 0.295267 0.65199 0.894327 0.677596 0.913011 0.924061 0.00596731 0.831942 0.897799 0.146128 0.784088 0.664029 0.944155 0.271679 0.320592 0.23934 0.167557 0.718916 0.707825 0.140843 0.959837 0.412908 0.970761 0.109854 0.525906 0.818735 0.133527 0.627243 0.552474 0.889291 0.904314 0.946474 0.525527 0.402756 0.517456 0.863906 0.663794 0.552644 0.973622 0.928518 0.921732 0.380679 0.962869 0.718766 0.217506 0.480605 0.0916471 0.113555 0.954833 0.975684 0.220214 0.452421 0.585996 0.871426 0.719904 0.848494 0.961129 0.563275 
0.113023 0.293106 0.0414013 0.874151 0.268823 0.687697 0.905376 0.938871 0.803042 0.924278 0.193405 0.344139 0.741735 0.863261 0.70337 0.785778 0.468179 0.333102 0.62305 0.295882 0.314786 0.957977 0.730373 0.353565 0.527183 0.584007 0.556903 0.842937 0.889652 0.0115328 0.232173 0.0975809 0.474579 0.217674 0.801904 0.428933 0.511157 0.0458529 0.766999 0.807039 0.423957 0.421654 0.93937 0.579755 0.282252 0.370105 0.338548 0.793471 0.696665 0.557716 0.741667 0.899007 0.67314 0.689709 0.639333 0.77774 0.892553 0.0807416 0.274167 0.743807 0.779776 0.353305 0.163004 0.129292 
0.477148 0.918112 0.731242 0.172124 0.0996775 0.0210403 0.76366 0.314902 0.0551402 0.45458 0.740825 0.898739 0.557901 0.284646 0.150026 0.316101 0.461506 0.242041 0.66931 0.857329 0.056968 0.0846549 0.934991 0.678339 0.967432 0.996774 0.706499 0.779545 0.47677 0.407715 0.376316 0.01189 0.686724 0.0780356 0.849178 0.135206 0.866779 0.683451 0.718379 0.609237 0.72739 0.516769 0.932572 0.323083 0.000168231 0.243788 0.216394 0.257698 0.124656 0.735625 0.576756 0.833154 0.184589 0.735235 0.10315 0.287004 0.906032 0.991114 0.693912 0.801249 0.205802 0.758312 0.922363 0.5368 
0.40912 0.958932 0.225517 0.581978 0.813595 0.906399 0.714733 0.30085 0.520911 0.414626 0.152864 0.767842 0.0753533 0.65505 0.955069 0.895826 0.912504 0.427161 0.83061 0.547804 0.703891 0.375623 0.0755492 0.0276754 0.763097 0.554618 0.156123 0.581471 0.567488 0.496551 0.0610075 0.649694 0.80355 0.653065 0.39431 0.981053 0.826303 0.252989 0.438897 0.180766 0.23208 0.119741 0.392169 0.592142 0.390982 0.772955 0.5949 0.649139 0.454559 0.6713 0.352025 0.315779 0.822159 0.305059 0.617118 0.451511 0.899463 0.777815 0.503042 0.302352 0.818889 0.543453 0.711994 0.861383 
0.481451 0.370553 0.105655 0.571599 0.0486596 0.906623 0.649611 0.333385 0.648472 0.4304 0.214586 0.203563 0.114418 0.79773 0.153868 0.552483 0.797508 0.168218 0.941256 0.965584 0.075628 0.680109 0.457201 0.0187512 0.401662 0.304216 0.607039 0.587164 0.589148 0.27448 0.807876 0.817593 0.0619954 0.69294 0.175711 0.0534784 0.898435 0.393695 0.297188 0.318083 0.435825 0.558863 0.817236 0.221838 0.541146 0.756512 0.0371458 0.431704 0.089984 0.860433 0.0689448 0.322426 0.753698 0.862076 0.47348 0.115004 0.512787 0.824022 0.448523 0.652064 0.183343 0.0365455 0.16471 0.957791 
0.379265 0.753656 0.166438 0.383798 0.757195 0.506613 0.467005 0.450214 0.530033 0.825505 0.556595 0.35587 0.478234 0.18173 0.610959 0.463173 0.0341004 0.327665 0.992249 0.873302 0.471739 0.455842 0.608921 0.26219 0.352391 0.829636 0.425389 0.668122 0.00472111 0.824985 0.179693 0.346904 0.307179 0.905291 0.441554 0.507049 0.495527 0.444704 0.19968 0.32829 0.120681 0.479652 0.814117 0.556376 0.13434 0.90666 0.819017 0.90413 0.282101 0.0911953 0.258943 0.0434517 0.0262358 0.33908 0.939415 0.423376 0.054432 0.672741 0.0972296 0.7873 0.00633094 0.471713 0.377414 0.35169 
0.790802 0.303246 0.313783 0.630777 0.809605 0.0289292 0.882372 0.784261 0.521687 0.073007 0.784725 0.656639 0.541974 0.759046 0.0292999 0.358405 0.566878 0.7973 0.114704 0.779457 0.11998 0.308547 0.64274 0.998435 0.859259 0.433583 0.87067 0.23224 0.301748 0.151623 0.248791 0.836051 0.422067 0.405669 0.75941 0.30481 0.268756 0.750293 0.715164 0.0025898 0.531021 0.144251 0.958357 0.841756 0.993773 0.168319 0.684686 0.221334 0.288769 0.409766 0.114792 0.963897 0.43973 0.0163516 0.530226 0.817586 0.914755 0.613923 0.0423258 0.241463 0.758687 0.33132 0.417066 0.175231 
0.592148 0.691854 0.0724975 0.748325 0.767112 0.199599 0.458852 0.996723 0.853697 0.45482 0.441252 0.783148 0.677682 0.0854964 0.534313 0.96236 0.959606 0.102421 0.0904362 0.730652 0.219626 0.319304 0.426663 0.297951 0.2205 0.982283 0.593664 0.329136 0.967282 0.867269 0.559864 0.653888 0.353742 0.690997 0.472272 0.187758 0.642548 0.987217 0.866076 0.0588608 0.965765 0.0861735 0.345824 0.608159 0.855079 0.941327 0.35866 0.323869 0.33669 0.636532 0.8787 0.988326 0.120984 0.69626 0.0570511 0.523196 0.590769 0.252209 0.69644 0.756668 0.0732818 0.115471 0.104066 0.677697 
0.320639 0.660207 0.909106 0.658287 0.16688 0.201774 0.431909 0.487096 0.859115 0.881318 0.992011 0.83274 0.396715 0.48447 0.368282 0.269524 0.613657 0.161489 0.59282 0.705313 0.585212 0.876767 0.02231 0.382821 0.289981 0.533574 0.103438 0.875508 0.844474 0.940862 0.999784 0.273741 0.510614 0.51851 0.609435 0.0462693 0.430346 0.683462 0.026267 0.89314 0.893783 0.260891 0.687129 0.258831 0.673148 0.715243 0.0591085 0.225186 0.0915668 0.451375 0.441568 0.151477 0.0758713 0.0321211 0.903385 0.143152 0.589873 0.315012 0.177771 0.315597 0.764899 0.820924 0.00157235 0.51466 
0.995403 0.257504 0.683745 0.718453 0.860996 0.271183 0.973545 0.965855 0.273725 0.282324 0.192726 0.246015 0.962328 0.403502 0.278373 0.652383 0.997761 0.399756 0.0696433 0.371848 0.243487 0.610492 0.374709 0.661841 0.351285 0.771932 0.730022 0.936336 0.0765302 0.776488 0.303537 0.132635 0.042382 0.817532 0.214314 0.92163 0.905191 0.236619 0.198081 0.391294 0.0132187 0.710562 0.310224 0.874842 0.795969 0.578197 0.719544 0.116202 0.753977 0.548471 0.892038 0.736025 0.391248 0.734761 0.0444954 0.981553 0.296086 0.610003 0.960326 0.524018 0.259011 0.67076 0.360847 0.184351 
0.859809 0.826052 0.293411 0.499069 0.564169 0.723254 0.376476 0.782308 0.763914 0.876492 0.665731 0.0205096 0.480724 0.28374 0.884712 0.988144 0.144459 0.353643 0.701681 0.341816 0.902391 0.179257 0.504379 0.555846 0.192557 0.581557 0.161108 0.528951 0.61369 0.55737 0.0121536 0.901389 0.798822 0.298302 0.0349063 0.467079 0.377927 0.540665 0.305692 0.445605 0.179573 0.00533242 0.152816 0.853452 0.240619 0.0339401 0.187427 0.061499 0.00459206 0.308279 0.830996 0.0704329 0.947545 0.225215 0.444491 0.523607 0.7416 0.877717 0.159306 0.2452 0.344173 0.62898 0.435313 0.9631 
0.559095 0.721025 0.327343 0.0290974 0.60074 0.0477817 0.701505 0.411651 0.723141 0.995087 0.962075 0.341452 0.304024 0.450371 0.929005 0.148056 0.451198 0.606319 0.934724 0.388521 0.61445 0.55919 0.62083 0.150815 0.727867 0.418476 0.625761 0.58524 0.229607 0.900958 0.816202 0.729017 0.733463 0.879941 0.844331 0.614673 0.496466 0.781157 0.925357 0.917646 0.476321 0.97015 0.754667 0.833819 0.115471 0.188285 0.515917 0.0799784 0.472121 0.954234 0.231873 0.979777 0.958158 0.774907 0.802039 0.669081 0.644737 0.676183 0.260226 0.622558 0.428072 0.0774838 0.47843 0.950233 
0.819485 0.151693 0.915695 0.78177 0.765468 0.39769 0.514566 0.0388764 0.372591 0.273601 0.863225 0.162185 0.565217 0.252503 0.285004 0.221684 0.0959289 0.716631 0.177073 0.992815 0.876775 0.151255 0.188093 0.661834 0.675561 0.156285 0.794361 0.0918097 0.538599 0.518185 0.704293 0.97327 0.0338556 0.85874 0.340538 0.592531 0.61869 0.043675 0.829277 0.0959882 0.887176 0.244268 0.160473 0.463116 0.871251 0.489685 0.549162 0.0467987 0.85258 0.997574 0.709227 0.462374 0.189462 0.494004 0.463385 0.544771 0.0236653 0.735821 0.230539 0.349182 0.278354 0.600375 0.0291632 0.36068 
0.588313 0.928216 0.96369 0.241741 0.680684 0.632659 0.131664 0.660874 0.0263958 0.448465 0.859194 0.248817 0.511568 0.835414 0.876277 0.991346 0.246808 0.572095 0.019466 0.162452 0.995322 0.0379144 0.633914 0.107948 0.0796543 0.0915391 0.814417 0.764319 0.115412 0.11432 0.227191 0.743776 0.637622 0.548574 0.0920162 0.426724 0.0126616 0.271155 0.472055 0.553276 0.324489 0.0940419 0.358469 0.746342 0.0574849 0.862076 0.422793 0.435199 0.251356 0.837329 0.103016 0.750271 0.774975 0.81629 0.540309 0.193725 0.395667 0.512782 0.0399318 0.879637 0.6402 0.172886 0.594561 0.478908 
0.718442 0.357767 0.4317 0.520239 0.9394 0.930563 0.233911 0.800262 0.514621 0.789555 0.67532 0.130403 0.159793 0.995826 0.744929 0.256051 0.682283 0.826082 0.0458191 0.737967 0.851332 0.504689 0.424574 0.0108985 0.235051 0.885935 0.720257 0.934876 0.381223 0.00535795 0.0864293 0.168284 0.361685 0.619961 0.592294 0.874107 0.405009 0.320079 0.980495 0.669103 0.546385 0.228949 0.0375685 0.871824 0.669215 0.998639 0.336313 0.710371 0.678205 0.654082 0.45294 0.0236483 0.877612 0.552009 0.663989 0.402121 0.187148 0.636593 0.59482 0.206488 0.903386 0.830985 0.583138 0.667676 
0.556458 0.0850424 0.810568 0.471527 0.343245 0.484516 0.571301 0.737132 0.156402 0.688655 0.894681 0.940634 0.486808 0.754973 0.117737 0.130195 0.438076 0.142111 0.929347 0.885723 0.655039 0.605539 0.681982 0.0884869 0.732034 0.435978 0.597182 0.954885 0.186105 0.560182 0.660262 0.539455 0.0343681 0.859818 0.668919 0.631947 0.259677 0.954127 0.657547 0.844482 0.944281 0.881235 0.570846 0.717143 0.214641 0.401134 0.519915 0.264156 0.626973 0.493972 0.366461 0.632606 0.737462 0.279093 0.155253 0.263511 0.814246 0.830693 0.133836 0.215462 0.13859 0.446361 0.0525755 0.987954 
0.514376 0.857297 0.771469 0.576033 0.300062 0.799394 0.750617 0.653293 0.917324 0.836579 0.307216 0.769489 0.666805 0.422564 0.835585 0.262819 0.785702 0.824896 0.467995 0.667171 0.258664 0.262683 0.332877 0.811453 0.683167 0.228704 0.303015 0.142014 0.392865 0.113108 0.368623 0.447809 0.345864 0.852249 0.565217 0.591501 0.179062 0.225653 0.901793 0.234203 0.269994 0.610996 0.0403089 0.399648 0.860145 0.251807 0.431764 0.230646 0.396531 0.0876935 0.256071 0.324625 0.467378 0.673623 0.704846 0.796486 0.326601 0.608545 0.208931 0.112329 0.894637 0.0633224 0.43879 0.678605 
0.236859 0.759693 0.957539 0.654033 0.511153 0.770451 0.86523 0.0486594 0.977244 0.189126 0.71853 0.328827 0.977871 0.299486 0.89681 0.0630073 0.820675 0.778746 0.615687 0.335103 0.196473 0.416431 0.854724 0.52146 0.378877 0.665471 0.167015 0.0703872 0.0474265 0.990178 0.560466 0.411915 0.783498 0.416096 0.949659 0.291809 0.883595 0.147217 0.77345 0.0616309 0.308894 0.500528 0.487652 0.464732 0.152791 0.345718 0.0155709 0.603165 0.320874 0.436693 0.470366 0.902533 0.0636781 0.336685 0.667937 0.779916 0.345565 0.0654002 0.941477 0.256039 0.382243 0.672434 0.549801 0.766918 
0.327227 0.741697 0.881611 0.493128 0.0415089 0.0546399 0.0989585 0.326761 0.274893 0.623131 0.215823 0.0141751 0.288772 0.213645 0.023838 0.381907 0.547453 0.733895 0.278681 0.728634 0.16253 0.425537 0.797414 0.914072 0.857834 0.284319 0.753905 0.320044 0.171731 0.538807 0.725493 0.438581 0.161024 0.223382 0.61461 0.11074 0.204713 0.663879 0.0420609 0.0716708 0.0312087 0.673528 0.632004 0.839231 0.0325107 0.0685837 0.502474 0.580359 0.678566 0.0980731 0.963042 0.990541 0.230835 0.575877 0.20186 0.671396 0.607592 0.192362 0.53135 0.556093 0.598227 0.464837 0.997321 0.0378617 
0.342997 0.429291 0.818567 0.746543 0.999295 0.83937 0.470233 0.438867 0.279039 0.0833368 0.476363 0.0872499 0.950035 0.768753 0.568114 0.278158 0.531416 0.697464 0.797248 0.445263 0.591684 0.515432 0.658113 0.853554 0.961637 0.371224 0.569254 0.299026 0.414376 0.8077 0.974399 0.919655 0.0608296 0.236404 0.121432 0.957375 0.223324 0.332503 0.151482 0.862183 0.333868 0.0702514 0.290158 0.430073 0.227665 0.442696 0.0349979 0.918404 0.18717 0.0845935 0.363495 0.360373 0.602645 0.55182 0.668135 0.747247 0.170305 0.933378 0.609638 0.734801 0.686279 0.510529 0.286547 0.195871 
0.846127 0.27195 0.612571 0.999794 0.8971 0.831909 0.535508 0.28066 0.0814669 0.268583 0.389206 0.964169 0.904191 0.28989 0.673923 0.989561 0.0430918 0.0353264 0.0215342 0.920998 0.434161 0.470994 0.437452 0.525872 0.284651 0.381985 0.182705 0.402399 0.760106 0.0244624 0.832804 0.439178 0.465602 0.466763 0.647116 0.783957 0.318946 0.280678 0.657962 0.435014 0.28047 0.99276 0.514073 0.746198 0.157779 0.91793 0.960783 0.486813 0.587009 0.597388 0.10623 0.206478 0.772277 0.210288 0.661856 0.788195 0.25174 0.387915 0.35209 0.46236 0.933314 0.39617 0.24422 0.655436 
0.300762 0.0749565 0.606657 0.310941 0.862463 0.0558428 0.692654 0.629515 0.68822 0.711401 0.117822 0.613903 0.909307 0.786911 0.337555 0.630603 0.326246 0.17398 0.889482 0.860587 0.0897393 0.524544 0.1842 0.407745 0.313534 0.885984 0.236277 0.613619 0.496995 0.831659 0.943596 0.131532 0.543824 0.90575 0.440549 0.318764 0.10932 0.825631 0.204934 0.548242 0.838781 0.722979 0.597476 0.345619 0.990726 0.286819 0.693662 0.392335 0.901994 0.883326 0.123436 0.732505 0.978912 0.517927 0.901657 0.483159 0.155641 0.164194 0.0351534 0.232306 0.371665 0.0444406 0.252917 0.788983 
0.748814 0.530519 0.517477 0.0323297 0.714948 0.495324 0.81721 0.732114 0.143338 0.979216 0.826433 0.464256 0.277185 0.538703 0.657597 0.956742 0.432494 0.424692 0.0657009 0.585187 0.542316 0.878595 0.919254 0.692653 0.587268 0.43656 0.0506903 0.276852 0.494932 0.964319 0.37477 0.48754 0.13193 0.674406 0.322682 0.359525 0.85152 0.176432 0.362576 0.538069 0.945755 0.253438 0.869685 0.255949 0.800822 0.0485948 0.0883139 0.66996 0.405721 0.290205 0.836156 0.804073 0.446172 0.607965 0.378049 0.606055 0.0507447 0.00553372 0.566953 0.262756 0.773892 0.957737 0.211095 0.277183 
0.217628 0.96055 0.506057 0.232609 0.363923 0.159217 0.887472 0.739488 0.120673 0.872518 0.610197 0.934688 0.0992538 0.855323 0.858506 0.837919 0.159378 0.0800888 0.570559 0.937182 0.311969 0.767143 0.0756813 0.562829 0.69378 0.198222 0.734224 0.118542 0.736691 0.168484 0.326448 0.615903 0.901841 0.864028 0.844708 0.101411 0.991801 0.912033 0.660878 0.135596 0.214839 0.337495 0.796339 0.791851 0.985584 0.453174 0.714926 0.957712 0.247991 0.444553 0.352344 0.108379 0.660452 0.300014 0.160805 0.174448 0.552572 0.0632541 0.660412 0.991399 0.39449 0.77123 0.880903 0.0709646 
0.397673 0.942139 0.937115 0.904549 0.475212 0.762463 0.566566 0.376457 0.417369 0.711255 0.542175 0.571277 0.0499774 0.849325 0.477391 0.860551 0.718491 0.871188 0.865086 0.0727305 0.45346 0.759054 0.953785 0.5771 0.648041 0.832769 0.714751 0.0654867 0.204041 0.988779 0.509933 0.0443784 0.504227 0.0837098 0.0285026 0.814898 0.0784316 0.323277 0.682208 0.379036 0.758902 0.100127 0.282893 0.469792 0.488449 0.882691 0.332039 0.672479 0.31367 0.900923 0.740461 0.382399 0.0112332 0.515498 0.685389 0.537096 0.495205 0.607264 0.562505 0.249548 0.437592 0.195958 0.096831 0.164222 
0.218204 0.0634676 0.18672 0.988025 0.181789 0.4786 0.840781 0.0690975 0.730786 0.868679 0.251716 0.96603 0.746086 0.342215 0.0807285 0.650207 0.698103 0.483863 0.278351 0.979942 0.790177 0.730698 0.801953 0.826538 0.121482 0.327528 0.785302 0.15153 0.595587 0.778949 0.62994 0.78986 0.0994853 0.900808 0.493293 0.744856 0.775877 0.688214 0.464254 0.946332 0.468132 0.472908 0.307955 0.556889 0.427623 0.842144 0.0510531 0.0538003 0.849224 0.171336 0.584488 0.512702 0.989617 0.700996 0.955045 0.893857 0.162845 0.335593 0.546095 0.0883899 0.666794 0.921815 0.139031 0.689593 
0.752856 0.748275 0.595702 0.781608 0.937069 0.699587 0.908436 0.279068 0.817436 0.600899 0.741835 0.932989 0.876191 0.835266 0.253241 0.73639 0.822391 0.657455 0.371328 0.332562 0.462076 0.994167 0.345298 0.135105 0.66362 0.540869 0.631514 0.477487 0.913866 0.747685 0.332852 0.469207 0.291846 0.25796 0.464189 0.160019 0.0542115 0.245258 0.327986 0.618212 0.504831 0.49256 0.528132 0.875578 0.636257 0.452946 0.036416 0.066449 0.0341582 0.369616 0.357487 0.331487 0.820485 0.917561 0.907407 0.354641 0.206398 0.809403 0.728234 0.753115 0.318169 0.391952 0.563075 0.584693 
0.92495 0.88563 0.0863601 0.516763 0.281793 0.216464 0.955729 0.688647 0.877251 0.44403 0.164627 0.835335 0.552344 0.649164 0.751742 0.486871 0.3333 0.434646 0.593474 0.470746 0.55681 0.180978 0.144533 0.957607 0.858558 0.375102 0.289441 0.851795 0.0067674 0.589567 0.991417 0.478236 0.0479494 0.183697 0.860525 0.378925 0.732096 0.220674 0.429774 0.966779 0.682686 0.597356 0.215329 0.926452 0.298722 0.722341 0.41265 0.906302 0.848072 0.299932 0.254589 0.790398 0.535264 0.669347 0.209265 0.173831 0.194696 0.487449 0.847263 0.419884 0.30107 0.366819 0.329456 0.469852 
0.872543 0.279369 0.717257 0.386866 0.532464 0.321025 0.708496 0.182843 0.707062 0.236471 0.895206 0.246676 0.480052 0.504134 0.0713148 0.846138 0.371388 0.66356 0.982498 0.456848 0.0258398 0.659891 0.43951 0.316069 0.782481 0.727105 0.696962 0.647439 0.376174 0.943094 0.385667 0.564245 0.419255 0.523127 0.00156596 0.396077 0.197602 0.179011 0.881479 0.849827 0.581139 0.202472 0.0527509 0.290901 0.266148 0.161013 0.604457 0.369078 0.295279 0.0288581 0.33862 0.494107 0.384947 0.700602 0.667228 0.312939 0.492239 0.0290008 0.0307559 0.330066 0.544477 0.772735 0.567525 0.401877 
0.269375 0.553104 0.309643 0.719579 0.185146 0.195322 0.849715 0.909925 0.477898 0.153137 0.639743 0.515344 0.0733192 0.644958 0.378208 0.371353 0.990502 0.576778 0.744989 0.558883 0.516624 0.211861 0.154385 0.809014 0.322136 0.302357 0.777464 0.615414 0.247222 0.488964 0.793002 0.10227 0.0220111 0.347328 0.924804 0.631757 0.577978 0.0800311 0.802766 0.749833 0.293418 0.255639 0.028994 0.30576 0.27998 0.487507 0.0352849 0.868048 0.753243 0.260612 0.995573 0.665763 0.139081 0.8087 0.544856 0.664412 0.770005 0.243897 0.651444 0.324786 0.233242 0.541195 0.352686 0.648637 
0.0140333 0.25478 0.144785 0.315242 0.275874 0.511765 0.579231 0.781251 0.0826234 0.395146 0.847908 0.518409 0.232314 0.719937 0.0263099 0.127883 0.541928 0.22337 0.885802 0.343263 0.908995 0.685884 0.118424 0.252625 0.791432 0.334236 0.798603 0.167859 0.545034 0.704318 0.0494488 0.329348 0.102176 0.926657 0.929201 0.0081881 0.428072 0.893705 0.037433 0.0362359 0.0911088 0.73911 0.800456 0.0405122 0.619759 0.786879 0.620421 0.0247182 0.616152 0.559645 0.0803448 0.111956 0.201581 0.283722 0.972936 0.520604 0.812079 0.533564 0.953744 0.0240368 0.304198 0.4558 0.769611 0.859559 
0.713302 0.741074 0.174521 0.629807 0.572609 0.780436 0.444702 0.0668333 0.347247 0.443032 0.477541 0.484743 0.180256 0.824862 0.23911 0.372361 0.727494 0.245991 0.971223 0.657055 0.846882 0.461257 0.875071 0.431739 0.951998 0.905165 0.372606 0.397469 0.738327 0.43495 0.664226 0.791082 0.648511 0.967727 0.845586 0.490901 0.747512 0.538904 0.781824 0.409956 0.681163 0.306916 0.790004 0.909579 0.269362 0.473553 0.0605716 0.798288 0.121014 0.658139 0.806403 0.62167 0.243306 0.374081 0.106287 0.920772 0.330257 0.851064 0.98895 0.518743 0.597378 0.373702 0.7175 0.846396 
0.987899 0.892964 0.859103 0.123002 0.802441 0.770505 0.900281 0.250874 0.421984 0.161384 0.559165 0.892993 0.876147 0.668595 0.800882 0.502712 0.740428 0.0384221 0.279507 0.987593 0.983417 0.161407 0.957154 0.958823 0.520294 0.561654 0.455404 0.0587648 0.908592 0.705057 0.254418 0.620434 0.89446 0.0951108 0.599879 0.122907 0.398998 0.774961 0.841978 0.796905 0.0600549 0.788251 0.105809 0.544255 0.383849 0.396867 0.0961362 0.55421 0.774122 0.532317 0.415246 0.393309 0.323064 0.35353 0.42244 0.182988 0.48154 0.437625 0.732078 0.703448 0.471848 0.22607 0.722838 0.912527 
0.255678 0.275841 0.755902 0.582266 0.626886 0.861764 0.972183 0.801655 0.545387 0.527928 0.454206 0.339165 0.929163 0.619038 0.239451 0.412804 0.707937 0.235482 0.484651 0.125127 0.282219 0.513146 0.448758 0.247862 0.0281604 0.808519 0.73338 0.702798 0.38014 0.220916 0.688929 0.820207 0.203793 0.57111 0.651889 0.434394 0.199572 0.712045 0.00453616 0.352282 0.58505 0.325534 0.0835668 0.94957 0.545368 0.0244065 0.433108 0.272759 0.556096 0.534477 0.469097 0.531959 0.627283 0.57052 0.896941 0.809315 0.841788 0.624506 0.361737 0.308586 0.0053082 0.371264 0.971091 0.310412 
0.625076 0.243823 0.868196 0.662966 0.354438 0.532471 0.846253 0.61287 0.834107 0.140485 0.231647 0.0881333 0.988836 0.813265 0.986197 0.79702 0.299752 0.926137 0.199179 0.957274 0.727612 0.51954 0.598509 0.150177 0.043584 0.0356263 0.278739 0.592341 0.552267 0.176657 0.695626 0.00741324 0.984377 0.847733 0.846942 0.719443 0.999019 0.31648 0.468825 0.34858 0.213623 0.61632 0.0359898 0.949804 0.758589 0.844779 0.783766 0.26132 0.756397 0.0548398 0.604067 0.223751 0.841702 0.713315 0.565078 0.366463 0.694107 0.390249 0.102383 0.811436 0.368273 0.598238 0.94756 0.920191 
