20.8314 0110100101101101101111000000111001110111010010101000011000000001000001110101111111110011011101110001
78.9921 0101111110000011110110101111101011111100010101101111100111110001010111000100011100101100100110111010
0.592845 0.844266 0.857946 0.847252 0.623564 0.384382 0.297535 0.056713 0.272656 0.477665 0.812169 0.479977 0.392785 0.836079 0.337396 0.648172 0.368242 0.957155 0.140351 0.870087 0.473608 0.800911 0.520477 0.67888 0.720633 0.58202 0.537373 0.758616 0.105908 0.4736 0.186332 0.736918 0.21655 0.135218 0.324141 0.149675 0.222321 0.386489 0.902598 0.44995 0.613063 0.902349 0.0992804 0.969809 0.65314 0.17091 0.358152 0.750686 0.607831 0.325047 0.0384254 0.634274 0.958949 0.65279 0.635059 0.9953 0.58185 0.414369 0.474698 0.62351 0.338008 0.674752 0.317202 0.778345 
0.949571 0.662527 0.0135716 0.622846 0.67366 0.971945 0.878193 0.509624 0.0557147 0.451159 0.0199877 0.441711 0.979587 0.359444 0.480894 0.688661 0.880476 0.918235 0.216822 0.565189 0.865103 0.508969 0.916723 0.921158 0.0831125 0.277719 0.0093567 0.842342 0.647174 0.841386 0.26473 0.397821 0.552821 0.16494 0.369808 0.146442 0.569618 0.703737 0.288476 0.433288 0.756107 0.396098 0.896038 0.638921 0.891554 0.680056 0.449198 0.978571 0.116202 0.767024 0.41182 0.675439 0.249796 0.313218 0.965416 0.588465 0.659668 0.533206 0.230533 0.394869 0.618809 0.474868 0.470132 0.716075 
0.287991 0.383462 0.74917 0.878452 0.102863 0.0923739 0.354047 0.551816 0.0336251 0.968962 0.320997 0.221263 0.141264 0.0972599 0.984042 0.260341 0.537023 0.447926 0.0995691 0.352312 0.469249 0.84114 0.904648 0.0375594 0.508315 0.166848 0.779051 0.864933 0.411397 0.139973 0.0332224 0.982575 0.373291 0.420075 0.0505881 0.365496 0.016628 0.230742 0.764912 0.944124 0.749999 0.339404 0.489549 0.338985 0.17949 0.170987 0.463451 0.874573 0.94412 0.608253 0.596655 0.783644 0.500026 0.0503701 0.699098 0.992396 0.267263 0.679091 0.864281 0.750844 0.96449 0.554242 0.212391 0.222443 
0.218749 0.569574 0.452109 0.970237 0.680545 0.0852956 0.0564183 0.487838 0.881005 0.976404 0.617658 0.542499 0.854614 0.743835 0.478596 0.677082 0.607045 0.714697 0.469497 0.456015 0.906418 0.13722 0.229219 0.881585 0.904425 0.645785 0.324683 0.519711 5.53505e-05 0.31186 0.425452 0.885338 0.679879 0.45613 0.483409 0.788739 0.229442 0.880298 0.313692 0.957451 0.471752 0.711584 0.153694 0.730442 0.646264 0.214881 0.186458 0.80758 0.747079 0.674847 0.276894 0.174909 0.704474 0.46315 0.840429 0.204866 0.164959 0.124833 0.722081 0.030453 0.746994 0.0925962 0.21745 0.749254 
0.731694 0.0456146 0.209157 0.286915 0.677263 0.0630383 0.555649 0.00924007 0.833038 0.984329 0.703495 0.181631 0.512393 0.580447 0.787542 0.606475 0.218403 0.455169 0.87887 0.492268 0.715561 0.48616 0.708548 0.49814 0.84455 0.194342 0.773326 0.974259 0.86231 0.780427 0.985032 0.75357 0.00404811 0.269479 0.410492 0.428224 0.297842 0.401132 0.120657 0.9807 0.40612 0.569211 0.343605 0.788873 0.411372 0.359271 0.399499 0.301831 0.77522 0.926213 0.32531 0.952871 0.0139484 0.533466 0.304582 0.88286 0.250623 0.677412 0.810424 0.432148 0.752135 0.829602 0.379034 0.0965496 
0.25614 0.591935 0.476477 0.487935 0.458515 0.524593 0.442015 0.852635 0.433439 0.82687 0.509342 0.086377 0.66004 0.206595 0.847275 0.681359 0.178367 0.069859 0.00968817 0.89205 0.133465 0.779192 0.925163 0.715179 0.490819 0.469498 0.882709 0.48841 0.414567 0.174112 0.475289 0.783648 0.556429 0.159867 0.143829 0.649463 0.539224 0.325685 0.147014 0.15987 0.129412 0.578922 0.0922602 0.910545 0.0829717 0.800378 0.877131 0.0934595 0.426306 0.473221 0.580197 0.716244 0.027069 0.731397 0.766964 0.00976643 0.308286 0.232865 0.503427 0.953721 0.557811 0.0974687 0.621678 0.863023 
0.157632 0.99243 0.0850011 0.0944579 0.633608 0.949297 0.936746 0.447378 0.727696 0.742238 0.306986 0.119771 0.443879 0.391774 0.531849 0.845358 0.536275 0.68027 0.609178 0.098478 0.0920276 0.0559658 0.0865325 0.237173 0.839513 0.522371 0.513075 0.649832 0.544591 0.0324653 0.580152 0.771089 0.376227 0.491025 0.98164 0.244651 0.374323 0.0456596 0.310068 0.831519 0.807023 0.640024 0.368102 0.312753 0.801836 0.0704472 0.683573 0.380729 0.633931 0.926879 0.85394 0.497678 0.427834 0.822559 0.738227 0.447144 0.968903 0.363161 0.397533 0.738683 0.449083 0.937284 0.257233 0.38176 
0.697142 0.89707 0.12106 0.241546 0.228264 0.489509 0.891523 0.358107 0.385237 0.916727 0.113817 0.631126 0.132815 0.374245 0.324405 0.680116 0.795535 0.503934 0.296242 0.885962 0.351871 0.73839 0.555361 0.201518 0.548519 0.519643 0.348783 0.02462 0.148829 0.131852 0.707917 0.709072 0.611748 0.671907 0.447516 0.696077 0.378326 0.100032 0.960257 0.0724344 0.0193006 0.979573 0.148478 0.258702 0.215529 0.579912 0.975752 0.273009 0.970075 0.0254974 0.888044 0.708609 0.277774 0.894863 0.0265226 0.625637 0.329543 0.967121 0.168576 0.901483 0.329936 0.889233 0.512452 0.510629 
0.386827 0.530089 0.944707 0.892862 0.677114 0.639027 0.548361 0.272683 0.148269 0.856303 0.635057 0.299643 0.46022 0.0245274 0.558065 0.361152 0.50271 0.153628 0.425508 0.906172 0.00851159 0.968864 0.690894 0.0994164 0.289776 0.539074 0.724148 0.388867 0.227084 0.45486 0.972083 0.833818 0.914791 0.667285 0.440666 0.685092 0.648598 0.0291 0.919531 0.542457 0.991142 0.383103 0.806669 0.461007 0.826824 0.539118 0.887265 0.880107 0.328303 0.404425 0.544647 0.621693 0.379356 0.542129 0.120919 0.680697 0.287119 0.0429764 0.116098 0.106429 0.316488 0.246535 0.562783 0.906354 
0.580107 0.597937 0.238044 0.580887 0.14587 0.335631 0.625528 0.361306 0.910994 0.878493 0.434156 0.517612 0.474668 0.184363 0.434761 0.187552 0.715208 0.523006 0.320565 0.00309954 0.597303 0.649078 0.00518962 0.970222 0.663866 0.293144 0.200364 0.925702 0.309251 0.403218 0.633062 0.890653 0.432606 0.928219 0.592081 0.431785 0.59278 0.354506 0.65702 0.652309 0.821719 0.402767 0.037565 0.984632 0.448143 0.937635 0.672041 0.266697 0.564064 0.956933 0.113486 0.272229 0.0820577 0.765271 0.0216887 0.137251 0.260629 0.871083 0.17941 0.433279 0.325118 0.583404 0.936468 0.940782 
0.0525082 0.596211 0.891801 0.780931 0.211534 0.764994 0.189063 0.89876 0.00893126 0.090233 0.619183 0.38244 0.0965629 0.984933 0.896581 0.271113 0.47319 0.479754 0.50839 0.967259 0.0999585 0.0396505 0.483706 0.458259 0.235263 0.0588703 0.123844 0.856755 0.399667 0.381397 0.0219736 0.374753 0.661607 0.625358 0.913991 0.671794 0.324083 0.31622 0.833316 0.775803 0.281153 0.713927 0.561577 0.39966 0.53086 0.0852331 0.665678 0.0296348 0.889287 0.682119 0.891314 0.00120757 0.937219 0.958307 0.796319 0.992074 0.355225 0.84834 0.770674 0.720528 0.633415 0.307376 0.537279 0.274575 
0.00868992 0.0249447 0.144286 0.51376 0.222658 0.36949 0.0551073 0.911197 0.884952 0.897277 0.332191 0.712927 0.426943 0.301692 0.0704108 0.421845 0.38832 0.160394 0.350207 0.0956199 0.871103 0.667593 0.192718 0.918092 0.579681 0.455898 0.642352 0.254025 0.551079 0.131903 0.200516 0.514054 0.0974934 0.851854 0.395544 0.233078 0.585432 0.746836 0.608989 0.579011 0.1701 0.686362 0.976802 0.608593 0.328379 0.802692 0.836364 0.41528 0.415608 0.936617 0.722184 0.0329013 0.425946 0.0938945 0.978548 0.575212 0.643678 0.364463 0.667715 0.571844 0.774683 0.900102 0.404307 0.895345 
0.0650825 0.685477 0.23107 0.538869 0.773035 0.746584 0.72143 0.482892 0.194023 0.205566 0.535468 0.437814 0.97499 0.300824 0.0789699 0.726878 0.975424 0.782089 0.247045 0.036561 0.406922 0.877751 0.431994 0.284086 0.935302 0.772266 0.610987 0.00267707 0.931505 0.673837 0.224467 0.0247531 0.00746832 0.927403 0.693153 0.705148 0.596065 0.537236 0.455579 0.600193 0.654082 0.37304 0.668234 0.456885 0.0850668 0.233174 0.0813717 0.322017 0.611327 0.367626 0.726227 0.678059 0.144691 0.168043 0.0644355 0.264333 0.348357 0.0882482 0.602229 0.714376 0.157222 0.342138 0.72725 0.663318 
0.85446 0.554603 0.0257565 0.0573206 0.0800611 0.517137 0.755106 0.0322733 0.456688 0.824798 0.668606 0.545918 0.588812 0.89648 0.575078 0.421819 0.702952 0.357207 0.972912 0.872303 0.156653 0.684126 0.0340708 0.885207 0.844854 0.510128 0.127689 0.621473 0.239337 0.630871 0.693746 0.106255 0.476946 0.585593 0.253626 0.20101 0.637856 0.760744 0.359111 0.708898 0.587375 0.809593 0.204072 0.796397 0.266408 0.298264 0.978172 0.0460136 0.189754 0.520875 0.375994 0.2421 0.684553 0.669237 0.963741 0.8786 0.997436 0.362888 0.0452345 0.325297 0.496915 0.172196 0.0850761 0.452729 
0.932666 0.763165 0.311486 0.888615 0.697274 0.463344 0.26462 0.575534 0.194901 0.741232 0.936928 0.659268 0.724994 0.164488 0.748224 0.497357 0.0873827 0.386447 0.729448 0.57821 0.306383 0.988749 0.574032 0.944949 0.559774 0.564667 0.0511704 0.104079 0.614438 0.731634 0.244032 0.963976 0.741238 0.238011 0.64442 0.339756 0.727481 0.584593 0.756654 0.251464 0.932295 0.993001 0.164533 0.512905 0.863476 0.347698 0.242637 0.731065 0.977518 0.503748 0.392431 0.391933 0.794506 0.706061 0.318917 0.974589 0.89158 0.700928 0.440777 0.207296 0.664965 0.75389 0.604078 0.495617 
0.118042 0.784731 0.491591 0.854115 0.134819 0.965089 0.491201 0.0723504 0.280114 0.90258 0.334018 0.970078 0.444121 0.367046 0.78977 0.467119 0.0755666 0.828841 0.790462 0.514993 0.00968332 0.136357 0.711991 0.590858 0.700045 0.360934 0.629377 0.434827 0.413801 0.415033 0.0320556 0.060995 0.849319 0.695526 0.230412 0.118127 0.0407103 0.479707 0.587967 0.897956 0.920272 0.366244 0.930839 0.545779 0.574092 0.178636 0.115861 0.244376 0.124289 0.223292 0.539813 0.868255 0.794988 0.0323562 0.698557 0.0467918 0.998025 0.784114 0.231382 0.49011 0.744101 0.839807 0.228857 0.133949 
0.931077 0.670762 0.876285 0.232383 0.128697 0.350325 0.2527 0.0727541 0.644479 0.251212 0.450224 0.288301 0.921192 0.450209 0.879857 0.0440164 0.535802 0.45273 0.326118 0.300189 0.266788 0.19953 0.492632 0.345138 0.330601 0.0662072 0.0138651 0.911657 0.413758 0.677045 0.452399 0.200638 0.929475 0.122662 0.481375 0.0917281 0.229276 0.685415 0.526413 0.550055 0.832239 0.0607782 0.904827 0.651228 0.640907 0.0302082 0.910073 0.027982 0.185448 0.895911 0.126728 0.397988 0.760049 0.562947 0.730478 0.192846 0.412052 0.498388 0.243624 0.997918 0.671116 0.883779 0.392967 0.92484 
0.251627 0.157884 0.78686 0.973017 0.0620358 0.100003 0.317898 0.525951 0.704271 0.955551 0.11782 0.356315 0.266284 0.807419 0.163559 0.87684 0.77371 0.883819 0.969168 0.573444 0.458412 0.485031 0.895513 0.208683 0.37535 0.641133 0.716033 0.0563722 0.978154 0.331452 0.206064 0.307173 0.984772 0.668577 0.245278 0.201096 0.0748952 0.363214 0.823753 0.275425 0.368491 0.761437 0.695947 0.412434 0.164319 0.893773 0.575062 0.256768 0.23679 0.448386 0.403147 0.0688805 0.943142 0.786954 0.496548 0.326903 0.181476 0.16629 0.24049 0.220528 0.709701 0.769634 0.363482 0.159394 
0.644734 0.332831 0.932249 0.788661 0.987758 0.887363 0.00531504 0.0603353 0.898192 0.118932 0.595584 0.354821 0.0337716 0.0828762 0.765832 0.842402 0.363224 0.246772 0.493591 0.152283 0.616941 0.739508 0.703966 0.93208 0.601714 0.595197 0.736985 0.725784 0.279172 0.797254 0.90444 0.779409 0.849383 0.848722 0.247618 0.827051 0.718981 0.323365 0.674683 0.673191 0.802356 6.057e-05 0.64721 0.672889 0.577413 0.777378 0.143529 0.301309 0.755868 0.342921 0.603649 0.621393 0.298614 0.460909 0.684799 0.773659 0.647218 0.385739 0.0315746 0.901008 0.00937518 0.10239 0.783274 0.0608922 
0.885796 0.898111 0.0559814 0.950956 0.514462 0.000691551 0.523365 0.380595 0.98536 0.260588 0.446547 0.0946972 0.876648 0.0375344 0.771241 0.278329 0.139133 0.701441 0.624497 0.0355818 0.388169 0.555679 0.35644 0.631719 0.462583 0.646329 0.609537 0.200951 0.337841 0.303253 0.98041 0.243904 0.230306 0.0574706 0.948443 0.476003 0.989032 0.749701 0.0342459 0.795545 0.908733 0.73574 0.26593 0.145436 0.194058 0.992887 0.500021 0.996541 0.658604 0.930428 0.643419 0.246577 0.315022 0.902979 0.922094 0.63784 0.097896 0.260911 0.17793 0.620054 0.15439 0.440847 0.55244 0.227871 
0.227157 0.266946 0.897057 0.564627 0.125811 0.205011 0.936845 0.373106 0.350387 0.469994 0.394161 0.338281 0.36648 0.866459 0.694728 0.0177687 0.958146 0.823572 0.92106 0.240696 0.688463 0.976762 0.127087 0.746688 0.242531 0.51002 0.252473 0.649032 0.687589 0.0426159 0.549237 0.643199 0.570423 0.273678 0.220824 0.153583 0.759873 0.792718 0.550338 0.532326 0.361106 0.0758501 0.98403 0.869848 0.205499 0.424853 0.652514 0.552646 0.2512 0.324052 0.788165 0.162451 0.0815811 0.513185 0.22133 0.232316 0.525917 0.498534 0.927958 0.503449 0.196374 0.0270782 0.0841781 0.419858 
0.517121 0.646491 0.471207 0.658199 0.000716961 0.0147809 0.802734 0.613702 0.755738 0.378403 0.600934 0.46917 0.725316 0.0976597 0.117492 0.813224 0.105373 0.964511 0.712639 0.523994 0.886118 0.86333 0.775427 0.797293 0.781491 0.569706 0.726851 0.45715 0.802216 0.743531 0.866292 0.92749 0.0136377 0.480421 0.917152 0.169935 0.0392223 0.430146 0.431253 0.531195 0.470647 0.697994 0.541822 0.54234 0.667213 0.52239 0.0621308 0.811259 0.286454 0.90165 0.642234 0.763869 0.312511 0.156098 0.651467 0.337081 0.430235 0.849336 0.0223316 0.794306 0.924292 0.50625 0.144179 0.396234 
0.148975 0.122745 0.963913 0.303421 0.26668 0.771092 0.52832 0.872991 0.999854 0.0802848 0.143078 0.943103 0.211302 0.0449298 0.860362 0.0735739 0.961841 0.760279 0.404422 0.0651185 0.711614 0.569834 0.151386 0.627341 0.657301 0.945419 0.457835 0.512488 0.908538 0.246402 0.263347 0.930111 0.373449 0.771632 0.339843 0.218128 0.308819 0.506966 0.221781 0.730003 0.0749214 0.553315 0.576657 0.315671 0.0444678 0.51231 0.0638254 0.848063 0.94937 0.264958 0.101374 0.286726 0.196646 0.008904 0.891301 0.789015 0.302878 0.644827 0.97041 0.785555 0.748973 0.607624 0.369941 0.58464 
0.157281 0.0377641 0.392753 0.15413 0.152742 0.47983 0.176935 0.199879 0.575139 0.457063 0.718119 0.46305 0.307307 0.635868 0.482628 0.977583 0.247767 0.675058 0.98737 0.925993 0.252567 0.719469 0.386538 0.75949 0.125707 0.973096 0.149499 0.699536 0.345514 0.186937 0.390854 0.97136 0.114767 0.0330937 0.796117 0.819996 0.485795 0.960932 0.627717 0.590998 0.832943 0.00111618 0.1967 0.287142 0.446737 0.123796 0.859725 0.715622 0.770997 0.0911204 0.501462 0.119725 0.274041 0.920548 0.772628 0.772057 0.753086 0.404643 0.0869553 0.930877 0.694394 0.778242 0.791615 0.823341 
0.382342 0.934781 0.469588 0.21596 0.514625 0.643997 0.31942 0.106806 0.456865 0.487799 0.771406 0.0724229 0.67043 0.14799 0.681115 0.341983 0.845086 0.456371 0.233708 0.762525 0.978654 0.633643 0.134428 0.204374 0.379661 0.496578 0.0201413 0.481704 0.474885 0.435883 0.308658 0.956942 0.666005 0.787628 0.515595 0.366147 0.371213 0.273383 0.546963 0.854137 0.0392023 0.751298 0.783764 0.394724 0.743794 0.389287 0.315387 0.235482 0.803792 0.0290809 0.239098 0.301361 0.607631 0.425818 0.663062 0.143061 0.343454 0.52931 0.622566 0.269601 0.26117 0.046384 0.82271 0.0279463 
0.360635 0.179906 0.501768 0.980649 0.420985 0.585628 0.591171 0.0569988 0.721138 0.776421 0.733763 0.146743 0.45388 0.39716 0.38576 0.0682928 0.790305 0.00492913 0.163264 0.696827 0.227431 0.847017 0.601626 0.753261 0.225809 0.751381 0.836053 0.542017 0.0274007 0.329973 0.591142 0.938093 0.217504 0.0437157 0.595986 0.541009 0.406493 0.953563 0.0842882 0.951102 0.0349893 0.538944 0.945636 0.461754 0.110248 0.968688 0.451589 0.815611 0.681578 0.405789 0.982408 0.657141 0.757471 0.0216689 0.609172 0.94519 0.242013 0.250298 0.850195 0.94532 0.371295 0.675755 0.915647 0.0951234 
0.484942 0.780789 0.648497 0.126512 0.860027 0.618073 0.95066 0.601803 0.814585 0.987383 0.787452 0.49138 0.588473 0.573247 0.0494567 0.385292 0.422276 0.129632 0.0413064 0.00474751 0.356805 0.242532 0.555385 0.923935 0.0390473 0.435266 0.667646 0.0842075 0.61197 0.369099 0.76527 0.247615 0.123495 0.107043 0.494765 0.562065 0.218783 0.550799 0.717853 0.249803 0.0101649 0.831067 0.843678 0.377681 0.938244 0.826797 0.317374 0.598193 0.404122 0.116867 0.412481 0.843658 0.523109 0.608402 0.359874 0.175803 0.570039 0.551778 0.95613 0.00935857 0.898155 0.925847 0.240624 0.0456771 
0.84886 0.168976 0.396884 0.453198 0.324999 0.426528 0.311247 0.525223 0.0400171 0.590969 0.152887 0.976403 0.645609 0.00791952 0.0390692 0.269731 0.763936 0.0922644 0.662067 0.551576 0.436532 0.177337 0.0327194 0.51237 0.514609 0.0149 0.642576 0.361371 0.481307 0.459086 0.69759 0.506245 0.370052 0.196497 0.0298811 0.226181 0.62181 0.258141 0.678695 0.937591 0.256567 0.773833 0.656158 0.399585 0.706328 0.279674 0.299379 0.400492 0.423701 0.552287 0.383381 0.855484 0.632939 0.913909 0.366275 0.984668 0.711309 0.768243 0.578081 0.879193 0.0979222 0.779823 0.652092 0.840992 
0.879207 0.464878 0.962408 0.813975 0.869087 0.0128773 0.947514 0.254649 0.630237 0.456599 0.611792 0.581019 0.771289 0.551549 0.559937 0.591774 0.218413 0.683489 0.98306 0.926118 0.234964 0.977641 0.830148 0.966652 0.974703 0.465732 0.626675 0.26629 0.20864 0.448407 0.250621 0.852609 0.0584639 0.289153 0.177652 0.0985779 0.509799 0.854799 0.435713 0.265303 0.882157 0.921127 0.505799 0.658125 0.0614986 0.341405 0.38963 0.505473 0.848648 0.809566 0.00977752 0.155371 0.377161 0.512017 0.606989 0.144398 0.696291 0.890779 0.223718 0.539886 0.989765 0.644129 0.093254 0.773355 
0.507874 0.112015 0.515153 0.75524 0.117142 0.356256 0.0823964 0.151497 0.0524972 0.226143 0.454232 0.791421 0.686301 0.587538 0.986594 0.463695 0.915145 0.33664 0.426481 0.397268 0.59682 0.932057 0.767778 0.833946 0.792105 0.9519 0.114212 0.814397 0.672273 0.0327379 0.398848 0.31845 0.103193 0.309853 0.112391 0.00386003 0.8876 0.156843 0.487839 0.0554077 0.811903 0.756074 0.819757 0.714835 0.850405 0.297325 0.272635 0.042151 0.97148 0.306023 0.227424 0.0682532 0.429823 0.808608 0.319593 0.78037 0.773888 0.936517 0.256813 0.585046 0.929442 0.234846 0.134832 0.38045 
0.91041 0.749537 0.0374777 0.773262 0.451831 0.66632 0.710483 0.552984 0.696678 0.635314 0.681336 0.103901 0.757438 0.490956 0.188782 0.311548 0.620534 0.963908 0.188081 0.895292 0.646775 0.49748 0.370195 0.153943 0.120646 0.130935 0.228133 0.852634 0.245116 0.356485 0.931953 0.480295 0.592088 0.828734 0.142856 0.533723 0.0988058 0.542783 0.594379 0.546089 0.364285 0.848439 0.309634 0.763928 0.448482 0.805421 0.791537 0.8209 0.690871 0.757962 0.779748 0.751346 0.39208 0.197441 0.970131 0.25631 0.980375 0.102184 0.826974 0.211518 0.830948 0.0691848 0.866703 0.418363 
0.924825 0.642279 0.516363 0.567241 0.536456 0.13677 0.671568 0.178717 0.838175 0.062907 0.954401 0.148959 0.155473 0.0700888 0.149816 0.573994 0.356904 0.93384 0.366327 0.926141 0.0585674 0.21994 0.842678 0.163673 0.260253 0.371217 0.584198 0.392311 0.268173 0.486944 0.531859 0.96241 0.675955 0.192173 0.76133 0.981142 0.150715 0.162252 0.114681 0.290761 0.695974 0.332777 0.0954566 0.629902 0.775138 0.405041 0.666817 0.589031 0.643644 0.421882 0.477099 0.81495 0.587122 0.0942881 0.0298537 0.511252 0.54466 0.816168 0.730437 0.225383 0.793597 0.629116 0.233271 0.515873 
0.240028 0.721723 0.301866 0.496744 0.898196 0.987361 0.957899 0.770466 0.136203 0.467947 0.968286 0.35301 0.159497 0.191313 0.549348 0.0217018 0.770261 0.392569 0.223358 0.291597 0.803144 0.0371811 0.771321 0.762297 0.0815412 0.831036 0.172042 0.136432 0.166401 0.00275801 0.533457 0.368976 0.143253 0.868729 0.506202 0.348708 0.532721 0.809212 0.170935 0.865677 0.585445 0.615532 0.588542 0.221319 0.184739 0.477352 0.356343 0.240836 0.581269 0.856185 0.556898 0.906523 0.716795 0.900437 0.201711 0.587337 0.354678 0.743705 0.44988 0.412181 0.142979 0.354554 0.667803 0.508773 
0.519132 0.648166 0.275838 0.220746 0.967759 0.137831 0.0809982 0.70365 0.647125 0.370973 0.0767862 0.27953 0.0622246 0.989121 0.695407 0.431893 0.91973 0.565446 0.711275 0.50677 0.826478 0.982446 0.412128 0.147297 0.401845 0.797712 0.000186714 0.954595 0.662514 0.310648 0.489821 0.264073 0.435931 0.638219 0.674077 0.322773 0.0229662 0.377194 0.375378 0.412024 0.965725 0.970097 0.148714 0.913433 0.97846 0.256648 0.741024 0.175455 0.471966 0.607205 0.179588 0.547184 0.738831 0.667418 0.630746 0.120432 0.95639 0.140917 0.612238 0.129531 0.539703 0.867434 0.630285 0.908587 
0.658544 0.4554 0.466862 0.211638 0.953861 0.310926 0.399946 0.0297895 0.388006 0.116706 0.191426 0.789538 0.47219 0.837739 0.322849 0.383196 0.832135 0.0676315 0.820422 0.20539 0.65493 0.53287 0.789285 0.766498 0.575404 0.580689 0.734361 0.610563 0.558992 0.497695 0.95751 0.22124 0.437094 0.418787 0.586556 0.683783 0.222771 0.561858 0.920389 0.234347 0.110804 0.279232 0.552741 0.452481 0.440386 0.654199 0.916485 0.185863 0.348574 0.385165 0.15337 0.890505 0.932443 0.999208 0.237208 0.0717519 0.148374 0.820866 0.929678 0.355898 0.962496 0.796952 0.353493 0.850953 
0.641006 0.446484 0.451926 0.96212 0.293023 0.669695 0.80421 0.385383 0.46429 0.642271 0.587781 0.733226 0.855647 0.541743 0.95942 0.281136 0.0667568 0.384354 0.964093 0.763933 0.196892 0.979706 0.702417 0.799236 0.0538691 0.722657 0.483626 0.794926 0.716058 0.176419 0.91872 0.577706 0.385726 0.227706 0.783539 0.970702 0.73552 0.609864 0.950336 0.711572 0.456473 0.321654 0.188705 0.873681 0.722889 0.978079 0.0752034 0.314724 0.406463 0.962542 0.590787 0.680084 0.270862 0.257488 0.342772 0.0839969 0.939516 0.405161 0.200502 0.343814 0.195789 0.255839 0.757596 0.238022 
0.698843 0.593366 0.145083 0.763709 0.852872 0.955987 0.958999 0.706371 0.291345 0.0379117 0.39023 0.733127 0.940639 0.11354 0.542242 0.474774 0.0457283 0.650677 0.87258 0.461853 0.523266 0.17779 0.121118 0.613848 0.71641 0.287503 0.499451 0.958059 0.0333235 0.235813 0.103053 0.821992 0.992243 0.159729 0.751901 0.287379 0.328745 0.929848 0.712523 0.812075 0.454761 0.327263 0.138307 0.625378 0.679835 0.930397 0.125154 0.73706 0.54654 0.45733 0.752918 0.607276 0.102754 0.419156 0.99567 0.767555 0.76258 0.922206 0.729385 0.847985 0.401083 0.400145 0.957032 0.757494 
0.471315 0.489597 0.0165908 0.229734 0.471302 0.293799 0.981816 0.115522 0.505558 0.0099126 0.272518 0.224431 0.605089 0.887219 0.566443 0.644103 0.279923 0.308866 0.499005 0.56856 0.546329 0.260046 0.145973 0.368372 0.784119 0.596133 0.181873 0.233218 0.904192 0.396188 0.853701 0.977471 0.357867 0.0129177 0.727789 0.485438 0.887422 0.169229 0.243248 0.471642 0.135776 0.360334 0.0155637 0.80178 0.100704 0.595858 0.262231 0.030015 0.109695 0.699215 0.891062 0.0546777 0.281437 0.398432 0.978683 0.442668 0.824861 0.28112 0.46817 0.825862 0.768692 0.238566 0.252717 0.548473 
0.938015 0.119928 0.772062 0.737601 0.850776 0.8892 0.883425 0.900916 0.980705 0.33243 0.929011 0.94756 0.648182 0.664591 0.358559 0.745304 0.602561 0.786319 0.153514 0.814593 0.723382 0.545945 0.259717 0.0976742 0.484833 0.144622 0.761773 0.924559 0.820321 0.330459 0.146004 0.00791325 0.663658 0.187612 0.716554 0.575433 0.470017 0.767539 0.981066 0.128594 0.550519 0.313223 0.0279554 0.0293463 0.577622 0.0829154 0.0439283 0.172879 0.459865 0.500768 0.915267 0.419669 0.107779 0.230916 0.945409 0.595152 0.355343 0.892712 0.300574 0.881095 0.121134 0.938229 0.937686 0.34527 
0.0175488 0.353041 0.180811 0.266067 0.625683 0.443098 0.736313 0.637037 0.300557 0.323877 0.798146 0.532163 0.127381 0.586723 0.137979 0.868708 0.12927 0.669408 0.89681 0.0981235 0.530232 0.958091 0.277943 0.281068 0.470052 0.947703 0.801014 0.271186 0.231585 0.198617 0.429725 0.807906 0.152302 0.61706 0.47229 0.646321 0.403485 0.759822 0.321008 0.722167 0.959658 0.579242 0.634561 0.524801 0.48595 0.168547 0.687549 0.606172 0.552886 0.306427 0.394491 0.433194 0.657485 0.725894 0.312953 0.614736 0.370374 0.485212 0.0819175 0.578678 0.896442 0.953405 0.334635 0.170126 
0.976641 0.796705 0.293176 0.00449004 0.264204 0.954945 0.474267 0.294314 0.342393 0.229197 0.565304 0.217167 0.695892 0.472763 0.15901 0.988406 0.39773 0.38944 0.442853 0.217571 0.962827 0.424499 0.586163 0.339221 0.480558 0.90409 0.167614 0.793402 0.462136 0.256941 0.68647 0.244333 0.153374 0.330156 0.292883 0.73037 0.766005 0.105832 0.76788 0.256568 0.226556 0.705752 0.873752 0.607242 0.939131 0.665426 0.854645 0.520622 0.885721 0.115148 0.386401 0.28941 0.149236 0.149414 0.442864 0.442436 0.910712 0.94109 0.0190766 0.259135 0.00844614 0.881413 0.53211 0.161135 
0.830473 0.0717413 0.853625 0.0161588 0.45489 0.353967 0.648999 0.550216 0.353806 0.986059 0.429344 0.484696 0.62881 0.0991607 0.88142 0.566003 0.675689 0.92264 0.642341 0.0717345 0.0835785 0.568231 0.116665 0.0428845 0.383662 0.978112 0.54971 0.884812 0.452856 0.930655 0.0299145 0.71945 0.955358 0.469567 0.253855 0.651504 0.381974 0.338542 0.357388 0.411669 0.450895 0.166705 0.676274 0.840198 0.734292 0.419585 0.166136 0.711819 0.0526592 0.501946 0.949796 0.351496 0.733674 0.934707 0.116171 0.609151 0.563149 0.493583 0.511054 0.398788 0.135693 0.210121 0.0563715 0.831104 
0.0152053 0.227186 0.84246 0.916023 0.323478 0.682755 0.0264933 0.938671 0.211756 0.150091 0.0917362 0.668881 0.332237 0.526894 0.982743 0.125084 0.569266 0.291381 0.56062 0.869717 0.673399 0.940971 0.743312 0.510287 0.138727 0.10376 0.319615 0.355686 0.820725 0.503598 0.520824 0.99718 0.633956 0.583142 0.828267 0.152053 0.86083 0.265709 0.291695 0.677151 0.121161 0.179433 0.970108 0.626827 0.253972 0.899747 0.349558 0.154723 0.980322 0.115849 0.572996 0.750075 0.931393 0.110031 0.527805 0.132517 0.772047 0.204292 0.226705 0.998444 0.84519 0.650538 0.640518 0.598066 
0.952106 0.85875 0.610722 0.136629 0.368761 0.961554 0.121538 0.0991635 0.0309624 0.622485 0.315191 0.902726 0.971155 0.264656 0.866453 0.36468 0.253607 0.596888 0.912671 0.13511 0.250742 0.0370446 0.302228 0.712208 0.102734 0.299166 0.552965 0.791129 0.989205 0.426173 0.521782 0.872922 0.468579 0.213861 0.88947 0.72936 0.376942 0.487625 0.201838 0.0454456 0.323291 0.634084 0.28272 0.985265 0.101318 0.645046 0.546199 0.0032014 0.840385 0.407468 0.514234 0.725368 0.723374 0.797261 0.114341 0.965383 0.870187 0.885132 0.651136 0.289373 0.704054 0.773241 0.229246 0.855291 
0.490618 0.232824 0.966414 0.922592 0.716537 0.540416 0.367096 0.882271 0.773479 0.767235 0.506839 0.0409509 0.558201 0.847942 0.507255 0.741907 0.472759 0.559715 0.0461395 0.31038 0.898186 0.308751 0.453562 0.569677 0.765463 0.248132 0.0726779 0.85974 0.714186 0.771381 0.170819 0.472444 0.455958 0.503373 0.918293 0.991688 0.0316458 0.184334 0.840557 0.0875718 0.975512 0.704412 0.0113921 0.698001 0.30862 0.501451 0.139708 0.603512 0.213405 0.282825 0.696058 0.19881 0.28879 0.0868857 0.600392 0.239892 0.881549 0.591367 0.221756 0.0072872 0.116742 0.230531 0.552512 0.193049 
0.682703 0.0887773 0.399732 0.236588 0.802861 0.127953 0.1206 0.781521 0.351786 0.787241 0.664694 0.0882105 0.971049 0.930467 0.801847 0.838374 0.62052 0.920056 0.415788 0.893424 0.458274 0.781781 0.4756 0.697216 0.432638 0.381197 0.652029 0.781777 0.081455 0.26409 0.588645 0.293887 0.581017 0.993394 0.885102 0.577672 0.0683005 0.822862 0.951633 0.127784 0.61899 0.148248 0.11132 0.366949 0.252957 0.735986 0.226198 0.846313 0.240555 0.659418 0.174757 0.581857 0.503802 0.571381 0.384939 0.930306 0.310508 0.908126 0.7471 0.366389 0.458597 0.872797 0.180471 0.154268 
0.567379 0.981677 0.499874 0.615206 0.625815 0.689974 0.673803 0.875282 0.432996 0.947003 0.77823 0.274224 0.289342 0.398578 0.970847 0.0234102 0.0802943 0.434936 0.596683 0.940141 0.794431 0.0381738 0.0971385 0.154363 0.796601 0.330765 0.798934 0.00470326 0.560705 0.62944 0.516482 0.821486 0.375877 0.607937 0.115077 0.766501 0.126734 0.756821 0.317167 0.0146459 0.449031 0.715592 0.901186 0.76254 0.549332 0.35687 0.558305 0.885022 0.862379 0.00968763 0.673525 0.153132 0.803763 0.845013 0.863508 0.290593 0.649511 0.0964952 0.974428 0.409421 0.545016 0.503863 0.635968 0.0781581 
0.0899288 0.0777491 0.184066 0.402707 0.396767 0.311375 0.768236 0.844481 0.093299 0.128744 0.0182852 0.136038 0.363703 0.609992 0.479585 0.972398 0.0103279 0.677775 0.178085 0.427876 0.72979 0.057719 0.0825035 0.764355 0.406575 0.884704 0.464111 0.68724 0.730648 0.502406 0.873881 0.609036 0.164045 0.461568 0.0516921 0.993969 0.0572076 0.275661 0.674166 0.255896 0.831089 0.284833 0.58573 0.812431 0.814292 0.894237 0.971054 0.736126 0.589414 0.803799 0.233645 0.39197 0.910428 0.989551 0.966681 0.368658 0.174898 0.285922 0.051562 0.00781345 0.035552 0.671504 0.144856 0.47677 
0.421018 0.917092 0.937743 0.826332 0.781916 0.83759 0.930104 0.566213 0.44761 0.836478 0.433798 0.285544 0.492227 0.361331 0.579351 0.501076 0.533563 0.0415085 0.238167 0.330909 0.102183 0.598497 0.169072 0.144975 0.48743 0.436965 0.637076 0.970031 0.0404901 0.491881 0.815046 0.348056 0.408208 0.112441 0.528085 0.0509037 0.302148 0.667448 0.749863 0.267839 0.540192 0.523607 0.731186 0.389585 0.326894 0.119544 0.440877 0.320442 0.195946 0.162977 0.329836 0.791516 0.784641 0.97863 0.419685 0.887166 0.933676 0.36235 0.488447 0.339503 0.107425 0.402121 0.963374 0.822315 
0.761835 0.100926 0.010792 0.139967 0.388889 0.921086 0.13336 0.572483 0.535801 0.160855 0.792675 0.0348634 0.0787347 0.845812 0.346081 0.98408 0.236372 0.900479 0.573816 0.393385 0.769358 0.83985 0.312608 0.476891 0.675677 0.698087 0.300341 0.0927044 0.391105 0.344705 0.0896173 0.393189 0.571157 0.996337 0.757009 0.330591 0.415784 0.118158 0.804685 0.565809 0.473193 0.454705 0.232557 0.273839 0.323569 0.00178202 0.541468 0.989913 0.328217 0.477679 0.879824 0.534533 0.595224 0.358157 0.475403 0.5187 0.762411 0.872971 0.663642 0.449867 0.844798 0.223002 0.351328 0.288331 
0.426942 0.744474 0.167674 0.884878 0.559392 0.422215 0.131249 0.613744 0.317622 0.730721 0.97623 0.186342 0.0368428 0.202643 0.564665 0.131021 0.371045 0.194778 0.728415 0.00324187 0.0401503 0.731674 0.96859 0.590528 0.0741333 0.797417 0.0268382 0.19999 0.474124 0.598516 0.402341 0.638338 0.522327 0.907293 0.999426 0.730194 0.087169 0.329888 0.521694 0.262258 0.873725 0.196474 0.204467 0.904968 0.669343 0.616694 0.706753 0.215388 0.586366 0.689365 0.256325 0.840272 0.554417 0.50238 0.861471 0.187342 0.0192404 0.770539 0.221392 0.113432 0.253334 0.157421 0.26506 0.0890102 
0.481267 0.694147 0.906373 0.745422 0.108719 0.535151 0.0793221 0.572779 0.52835 0.00651747 0.753813 0.641425 0.453755 0.918967 0.452605 0.461103 0.162696 0.664905 0.168513 0.309638 0.699191 0.306058 0.602822 0.976711 0.0431182 0.394208 0.899735 0.589868 0.941775 0.950465 0.827428 0.347919 0.0267211 0.953806 0.204081 0.242582 0.665905 0.702182 0.959018 0.595267 0.44033 0.124381 0.85741 0.0442649 0.852229 0.336314 0.908029 0.850623 0.698925 0.0213414 0.691666 0.561825 0.252183 0.57687 0.849544 0.210652 0.339648 0.0883108 0.778374 0.0993431 0.91199 0.510856 0.273252 0.0700264 
0.817791 0.392289 0.884829 0.720552 0.0841543 0.772125 0.82263 0.100185 0.670248 0.220981 0.335352 0.140407 0.0437978 0.857506 0.932882 0.721773 0.164377 0.000912915 0.363467 0.545314 0.416963 0.667559 0.278363 0.289953 0.00606054 0.641517 0.845984 0.916243 0.587157 0.191653 0.410322 0.357684 0.0572915 0.0140827 0.310542 0.709299 0.650937 0.765265 0.875235 0.948809 0.798122 0.0405681 0.968599 0.314728 0.883797 0.134413 0.655694 0.321265 0.79409 0.128541 0.507946 0.982059 0.725625 0.127095 0.658217 0.671397 0.825781 0.296732 0.14682 0.846715 0.364857 0.439275 0.959827 0.458491 
0.0816139 0.661028 0.716779 0.467279 0.703015 0.396085 0.900647 0.770597 0.27931 0.472152 0.7222 0.534175 0.51994 0.842539 0.652703 0.940471 0.271586 0.0997328 0.185983 0.189828 0.554199 0.511921 0.59402 0.201057 0.239283 0.0569563 0.0253215 0.355451 0.746315 0.700111 0.665311 0.0214704 0.94852 0.340397 0.434107 0.801253 0.0915296 0.176853 0.325612 0.843386 0.685782 0.358394 0.933366 0.783701 0.0104474 0.45029 0.42507 0.2356 0.281753 0.682847 0.240449 0.740331 0.469407 0.0796534 0.406533 0.791516 0.129258 0.502686 0.186319 0.926359 0.548503 0.165265 0.559048 0.958591 
0.829766 0.340107 0.743605 0.686448 0.748266 0.483485 0.919018 0.372572 0.96254 0.122427 0.932485 0.762296 0.955203 0.553634 0.936683 0.16961 0.0298973 0.700666 0.863491 0.896891 0.0614715 0.353232 0.444305 0.926224 0.292938 0.688376 0.219889 0.612727 0.113123 0.754547 0.0445494 0.998343 0.801405 0.612697 0.7685 0.00302649 0.428395 0.593622 0.976201 0.365863 0.970491 0.515549 0.0693816 0.616501 0.822083 0.887134 0.528835 0.444816 0.638092 0.0624091 0.941729 0.239908 0.627374 0.603545 0.721695 0.853532 0.252686 0.206924 0.746231 0.186489 0.956043 0.197256 0.52647 0.656272 
0.170672 0.385943 0.779076 0.300155 0.344198 0.204121 0.758549 0.239479 0.27084 0.49088 0.191791 0.229625 0.926228 0.802081 0.268612 0.699109 0.364254 0.425026 0.705859 0.805458 0.263553 0.173753 0.439899 0.251599 0.803845 0.168913 0.326776 0.1932 0.0331442 0.583959 0.780034 0.817728 0.68847 0.762803 0.443565 0.114305 0.272064 0.560736 0.929881 0.679962 0.184798 0.464545 0.837401 0.0967704 0.0791597 0.937488 0.873429 0.428645 0.724042 0.784353 0.330359 0.436235 0.860663 0.0133691 0.338308 0.970711 0.45822 0.405419 0.0325452 0.728849 0.941085 0.697741 0.657394 0.932044 
0.154034 0.104043 0.68561 0.0736466 0.908832 0.684857 0.775585 0.897972 0.0826458 0.33697 0.554165 0.853836 0.555988 0.57415 0.573053 0.665743 0.724096 0.686045 0.138159 0.990634 0.852024 0.472624 0.643452 0.267292 0.829909 0.601027 0.262611 0.840834 0.0984528 0.255158 0.337418 0.124198 0.464301 0.765731 0.407182 0.694879 0.194033 0.82703 0.170487 0.701249 0.281589 0.817087 0.964641 0.777026 0.0539626 0.039388 0.0210155 0.935183 0.178915 0.854343 0.733415 0.675975 0.0470088 0.569839 0.973256 0.646495 0.289147 0.767608 0.485239 0.116932 0.876179 0.804525 0.0267221 0.0407101 
0.188702 0.863037 0.194565 0.921724 0.510864 0.287252 0.125037 0.579952 0.896532 0.620363 0.434306 0.625009 0.734741 0.239159 0.269999 0.892353 0.780702 0.726467 0.670598 0.519342 0.362413 0.391793 0.0793485 0.886192 0.0210198 0.844723 0.45555 0.184285 0.622989 0.513141 0.640681 0.365771 0.798558 0.428232 0.38849 0.62638 0.836084 0.0877027 0.437446 0.47298 0.531941 0.325974 0.183632 0.228494 0.246653 0.414172 0.553805 0.331817 0.825643 0.475859 0.305834 0.345637 0.989277 0.661531 0.409677 0.896848 0.764612 0.864614 0.161117 0.802418 0.480114 0.068148 0.0920367 0.573398 
0.388715 0.0708227 0.436367 0.792149 0.215012 0.722545 0.426309 0.328697 0.417755 0.635903 0.382928 0.533457 0.0748386 0.663981 0.144579 0.168918 0.696581 0.990978 0.903607 0.457399 0.302814 0.445023 0.559716 0.263988 0.721691 0.0240781 0.942603 0.726007 0.873058 0.338543 0.931991 0.990122 0.179445 0.574367 0.866777 0.0486673 0.775821 0.0349534 0.654718 0.0957082 0.100436 0.28753 0.373668 0.506107 0.0675828 0.391667 0.957395 0.477826 0.975409 0.94592 0.272664 0.814385 0.346523 0.645516 0.32591 0.196676 0.579068 0.850699 0.957043 0.262524 0.679542 0.825369 0.211669 0.512035 
0.905516 0.864887 0.0112901 0.624164 0.635396 0.991089 0.688512 0.539751 0.182109 0.264042 0.819845 0.069575 0.0141687 0.611361 0.676137 0.825739 0.530225 0.842369 0.825211 0.389627 0.0908094 0.762954 0.965143 0.87836 0.633299 0.096083 0.592191 0.0157005 0.591976 0.833705 0.741454 0.615698 0.120549 0.172807 0.845115 0.591481 0.521892 0.208123 0.424404 0.580881 0.628095 0.703448 0.748253 0.620858 0.155584 0.542322 0.0748143 0.5908 0.979407 0.267247 0.391841 0.272562 0.55891 0.0437869 0.993942 0.796754 0.617374 0.812626 0.221409 0.858434 0.983596 0.635532 0.562759 0.451363 
0.642652 0.656283 0.555313 0.762148 0.354161 0.8112 0.635302 0.345588 0.179301 0.481651 0.454069 0.294624 0.591417 0.0053976 0.32642 0.649064 0.0258729 0.576563 0.376472 0.757736 0.212406 0.821578 0.206815 0.606471 0.198041 0.547191 0.473689 0.223923 0.583656 0.220853 0.508854 0.856859 0.863957 0.647279 0.465324 0.66939 0.810281 0.791488 0.548403 0.307401 0.657824 0.0189895 0.968772 0.329701 0.417519 0.547923 0.717488 0.161787 0.375865 0.3189 0.055953 0.453871 0.0879608 0.882157 0.529677 0.817807 0.595553 0.93577 0.0817272 0.732016 0.682723 0.795203 0.572892 0.301453 
0.31244 0.88762 0.3545 0.814114 0.765899 0.510079 0.912076 0.300759 0.00653908 0.757741 0.764781 0.195857 0.815667 0.858987 0.657096 0.51952 0.62847 0.636839 0.848953 0.229336 0.917005 0.949881 0.220049 0.105273 0.673592 0.112931 0.249071 0.164155 0.858317 0.908915 0.313305 0.331703 0.464242 0.136036 0.781003 0.533096 0.296713 0.481914 0.592812 0.344148 0.268168 0.145965 0.681482 0.442212 0.0879092 0.608208 0.116635 0.133452 0.646854 0.86041 0.726563 0.986368 0.24499 0.826114 0.596801 0.754052 0.480053 0.124693 0.810324 0.347321 0.162374 0.53335 0.528169 0.260929 
0.749893 0.358257 0.530807 0.545595 0.94469 0.979526 0.689508 0.000812612 0.800508 0.888127 0.982277 0.0195518 0.859603 0.866637 0.192719 0.838402 0.0467517 0.0693261 0.593163 0.965206 0.470523 0.377759 0.497455 0.988192 0.663867 0.549509 0.792154 0.474106 0.5007 0.774294 0.477117 0.129135 0.0334244 0.643164 0.105875 0.888116 0.503498 0.0156145 0.271098 0.583169 0.329621 0.380775 0.893421 0.648985 0.247972 0.873689 0.840663 0.639371 0.243965 0.811245 0.425868 0.279965 0.215791 0.252323 0.456809 0.616743 0.902577 0.827813 0.204517 0.893495 0.344719 0.518116 0.330484 0.814971 
0.110337 0.923326 0.218093 0.257835 0.175709 0.115658 0.580877 0.439135 0.8169 0.337161 0.780156 0.586327 0.687642 0.470568 0.276916 0.00737099 0.25405 0.571263 0.531934 0.965071 0.711216 0.159434 0.991562 0.345406 0.58994 0.124612 0.710147 0.930319 0.300795 0.809505 0.97493 0.314838 0.151039 0.964857 0.624254 0.162692 0.58142 0.42896 0.0634012 0.89311 0.835421 0.206012 0.834457 0.788246 0.741473 0.239379 0.0374551 0.818069 0.787041 0.194557 0.264002 0.243931 0.523613 0.727641 0.278751 0.181311 0.718111 0.937687 0.364287 0.48329 0.913887 0.772565 0.17496 0.20515 
0.0535997 0.270253 0.473328 0.3042 0.471358 0.616039 0.930873 0.923497 0.622268 0.366092 0.257873 0.606943 0.647234 0.267981 0.058606 0.353522 0.954541 0.224548 0.310212 0.292846 0.701366 0.735012 0.444318 0.912818 0.725247 0.887979 0.852097 0.772593 0.320931 0.136851 0.67329 0.700234 0.75294 0.810639 0.399527 0.373203 0.315793 0.433083 0.871888 0.00191448 0.550066 0.223692 0.573652 0.0862206 0.0847088 0.189987 0.985055 0.645829 0.430983 0.301567 0.580835 0.453198 0.462268 0.384831 0.241236 0.0844512 0.68619 0.17725 0.425495 0.587248 0.146856 0.59736 0.362174 0.255602 
0.548599 0.98906 0.768586 0.285256 0.501536 0.406071 0.525461 0.691549 0.787742 0.955783 0.295058 0.324255 0.0223762 0.299662 0.941709 0.8334 0.118986 0.96464 0.887911 0.858094 0.923982 0.533988 0.970957 0.026197 0.56243 0.373095 0.564067 0.898365 0.449365 0.227452 0.35874 0.445732 0.454934 0.337833 0.462647 0.34652 0.300584 0.861235 0.845164 0.284019 0.892105 0.423661 0.345057 0.214394 0.711004 0.0291448 0.600825 0.0279793 0.292327 0.973003 0.591835 0.293014 0.288333 0.125394 0.330807 0.450324 0.71372 0.566649 0.0418009 0.34599 0.0509987 0.938762 0.425485 0.598824 
0.730283 0.00357092 0.105617 0.536202 0.601193 0.724307 0.114753 0.357256 0.746781 0.239185 0.967475 0.974452 0.485506 0.13029 0.0185841 0.118221 0.37642 0.338101 0.772804 0.569763 0.438794 0.141142 0.144879 0.761165 0.938772 0.25689 0.528646 0.819883 0.8069 0.642857 0.0429293 0.157948 0.840468 0.81198 0.666601 0.577219 0.266752 0.663335 0.10743 0.953676 0.573938 0.0734453 0.859816 0.565359 0.22559 0.045546 0.984557 0.495178 0.224027 0.575959 0.193201 0.262824 0.924871 0.304192 0.528501 0.292881 0.416884 0.590597 0.761961 0.00807203 0.213871 0.803113 0.26467 0.1124 
0.332023 0.679899 0.652156 0.849049 0.940765 0.673023 0.860224 0.262687 0.442527 0.31789 0.769294 0.748055 0.401321 0.666478 0.0130579 0.906577 0.422823 0.906292 0.0455367 0.0835545 0.499883 0.222109 0.730178 0.682888 0.630668 0.840993 0.84658 0.270736 0.220864 0.677473 0.109309 0.202246 0.889907 0.642391 0.196495 0.684717 0.186688 0.63775 0.216972 0.713645 0.982215 0.4915 0.661835 0.999315 0.401466 0.811403 0.102207 0.0117365 0.96571 0.607672 0.369761 0.456591 0.105497 0.0284493 0.756571 0.535876 0.899112 0.61163 0.468177 0.596393 0.641333 0.337471 0.630729 0.339333 
0.907824 0.222663 0.243743 0.740142 0.777398 0.514778 0.684707 0.335177 0.231283 0.642434 0.525089 0.89177 0.487801 0.10888 0.790841 0.37022 0.251199 0.54026 0.105102 0.0530574 0.618132 0.0384545 0.603306 0.259119 0.965494 0.514976 0.773872 0.440283 0.940617 0.0205905 0.902068 0.100876 0.025476 0.837079 0.51222 0.00443171 0.0981722 0.13379 0.379552 0.927171 0.394435 0.633705 0.985683 0.31748 0.6924 0.870547 0.230897 0.107789 0.50852 0.940676 0.870212 0.217136 0.945065 0.40115 0.855062 0.106801 0.412568 0.543317 0.600166 0.894242 0.320689 0.132721 0.472734 0.0900675 
0.843403 0.528347 0.228977 0.130673 0.591082 0.751675 0.387067 0.780614 0.674287 0.0497456 0.719654 0.574752 0.918286 0.0935564 0.175169 0.664312 0.853351 0.208432 0.948373 0.887397 0.0988718 0.945218 0.241365 0.626457 0.695002 0.330468 0.0619548 0.677537 0.12186 0.0308864 0.747014 0.110824 0.811167 0.989079 0.403683 0.646022 0.92994 0.916896 0.312851 0.0271594 0.287747 0.185878 0.355849 0.284096 0.843046 0.524463 0.129394 0.38577 0.665948 0.882985 0.461186 0.918147 0.796326 0.0758641 0.812857 0.0915105 0.915216 0.717836 0.232991 0.169011 0.459639 0.64969 0.203586 0.957111 
0.148873 0.86002 0.2615 0.0455704 0.603863 0.435411 0.304459 0.320259 0.67863 0.471535 0.496204 0.0520742 0.699606 0.515192 0.795488 0.543122 0.258807 0.12621 0.511879 0.954343 0.181836 0.598681 0.576232 0.276507 0.797792 0.697056 0.510978 0.623602 0.646795 0.959833 0.202693 0.549358 0.842993 0.119473 0.990168 0.759613 0.24853 0.974775 0.228496 0.862971 0.246558 0.818504 0.326712 0.996199 0.814962 0.254663 0.761159 0.573728 0.23247 0.115879 0.444067 0.166811 0.842161 0.321932 0.158451 0.721448 0.242972 0.68511 0.399403 0.389091 0.103875 0.00132009 0.946316 0.00846906 
0.741533 0.682505 0.422444 0.540833 0.432056 0.684196 0.721215 0.28163 0.84942 0.519799 0.844703 0.932012 0.497724 0.762033 0.54714 0.421094 0.391499 0.583445 0.381837 0.795079 0.207326 0.271317 0.537957 0.300318 0.708811 0.533337 0.0869173 0.757026 0.219545 0.943706 0.437395 0.739379 0.785549 0.608679 0.240619 0.143668 0.729108 0.248543 0.277488 0.644817 0.985654 0.525679 0.34054 0.0343425 0.816271 0.675227 0.742937 0.128653 0.603455 0.132367 0.102644 0.739302 0.801671 0.547694 0.140711 0.749343 0.107035 0.583913 0.733999 0.713538 0.711732 0.0375603 0.902299 0.482243 
0.138861 0.498355 0.496786 0.709738 0.24027 0.266911 0.0781117 0.113541 0.418266 0.537518 0.899786 0.705059 0.990912 0.593578 0.938916 0.854957 0.0276768 0.796193 0.223235 0.948301 0.119679 0.205474 0.303365 0.00309163 0.0136826 0.638318 0.0558841 0.101273 0.433555 0.759059 0.352288 0.886417 0.177341 0.224452 0.0438388 0.806261 0.767317 0.927894 0.857075 0.00610043 0.634486 0.213399 0.0565282 0.979891 0.29574 0.438216 0.473075 0.97262 0.496006 0.726144 0.270633 0.559668 0.511652 0.0909185 0.860842 0.15364 0.433647 0.90935 0.602681 0.38508 0.790847 0.0661457 0.76045 0.864617 
0.777517 0.286446 0.340317 0.837111 0.226143 0.537894 0.558869 0.812329 0.016132 0.999897 0.14014 0.356066 0.670733 0.0194879 0.495407 0.013223 0.254192 0.919522 0.308595 0.942501 0.388171 0.567763 0.740586 0.83352 0.0460366 0.357589 0.0640709 0.972653 0.268857 0.417625 0.416049 0.346951 0.128471 0.240373 0.617854 0.794176 0.84289 0.23983 0.190599 0.461863 0.479573 0.364227 0.349496 0.731649 0.979254 0.0128816 0.110437 0.239958 0.884404 0.87483 0.406844 0.400762 0.443973 0.037834 0.865308 0.705418 0.321537 0.0240428 0.181615 0.322703 0.296001 0.886343 0.795013 0.192871 
0.905356 0.548143 0.303267 0.130147 0.941708 0.0658262 0.261784 0.838818 0.279004 0.480849 0.784287 0.590998 0.71324 0.312146 0.198485 0.603472 0.167184 0.538979 0.84224 0.60081 0.638322 0.275931 0.990125 0.294102 0.357434 0.385846 0.949947 0.610685 0.0604912 0.378646 0.146694 0.138648 0.59479 0.352017 0.54057 0.620658 0.48782 0.215391 0.0924456 0.300375 0.538516 0.279353 0.391778 0.905705 0.0263347 0.0827235 0.820062 0.186103 0.832214 0.624852 0.109416 0.334281 0.961589 0.176631 0.413436 0.30731 0.509815 0.434389 0.931859 0.826117 0.580379 0.333845 0.75113 0.589588 
0.162479 0.312042 0.568323 0.699962 0.320504 0.910224 0.4082 0.149172 0.212346 0.198789 0.233804 0.383673 0.464944 0.542276 0.938026 0.56996 0.179646 0.455355 0.168809 0.911091 0.168376 0.610557 0.577963 0.62315 0.0586144 0.289322 0.353671 0.923161 0.608593 0.807822 0.496024 0.397306 0.483599 0.787164 0.091007 0.953678 0.603557 0.186222 0.0437633 0.128087 0.107104 0.402645 0.691991 0.250183 0.385049 0.564196 0.813463 0.607675 0.185208 0.244183 0.37141 0.487052 0.884206 0.246665 0.927682 0.773459 0.319513 0.966801 0.368786 0.679433 0.936554 0.789213 0.886507 0.161669 
0.643521 0.0799077 0.979954 0.698279 0.104226 0.793 0.462308 0.0795178 0.804369 0.0352547 0.795331 0.574221 0.00270604 0.445335 0.610584 0.20512 0.236124 0.0647236 0.669734 0.194514 0.861089 0.758522 0.0929608 0.557673 0.412509 0.778726 0.662191 0.0781547 0.981656 0.256928 0.25556 0.30479 0.976056 0.803782 0.0860515 0.417983 0.855286 0.349223 0.291414 0.639401 0.367673 0.161618 0.483271 0.811696 0.844524 0.615655 0.99912 0.984671 0.238695 0.770921 0.183895 0.411417 0.00996351 0.201438 0.223618 0.987763 0.0416453 0.945852 0.838192 0.0224794 0.136733 0.62903 0.350799 0.34136 
0.696471 0.994756 0.332712 0.923044 0.728442 0.846989 0.508838 0.53329 0.546465 0.565139 0.144441 0.207045 0.153725 0.190971 0.664967 0.2065 0.878395 0.119472 0.98874 0.00143216 0.843875 0.00199063 0.785468 0.727655 0.694541 0.350883 0.627088 0.599405 0.739538 0.71001 0.248232 0.70959 0.312468 0.385501 0.287774 0.739201 0.834672 0.24865 0.514088 0.705621 0.824535 0.727256 0.0991833 0.684089 0.9054 0.441981 0.742608 0.961925 0.693965 0.289727 0.452075 0.468707 0.849045 0.968271 0.5932 0.0769222 0.94955 0.994023 0.395577 0.825846 0.433879 0.695463 0.0418719 0.890687 
0.0447923 0.220071 0.567749 0.882645 0.272493 0.0893204 0.809579 0.359298 0.743612 0.192384 0.232864 0.354066 0.784657 0.938356 0.78721 0.0077661 0.808457 0.636428 0.798536 0.572317 0.0286467 0.803117 0.0763609 0.34825 0.540593 0.285875 0.759719 0.974132 0.462579 0.952764 0.917033 0.81827 0.726855 0.0200265 0.901613 0.572589 0.131566 0.691399 0.271889 0.691742 0.0804285 0.975054 0.0665273 0.867711 0.315892 0.293096 0.394981 0.772559 0.199762 0.447083 0.488802 0.907523 0.55485 0.638654 0.894082 0.333354 0.0722477 0.788512 0.758735 0.324305 0.947955 0.833686 0.00280695 0.105669 
0.464541 0.910296 0.176255 0.668952 0.868014 0.929868 0.656063 0.352842 0.363823 0.762248 0.870837 0.961869 0.759241 0.558793 0.913065 0.942788 0.467599 0.948381 0.603239 0.409023 0.882825 0.419686 0.360353 0.818717 0.975069 0.662918 0.323744 0.835658 0.913897 0.149064 0.309422 0.617085 0.332597 0.618063 0.827219 0.138496 0.624189 0.663377 0.873801 0.712907 0.788995 0.16552 0.132467 0.904506 0.165508 0.37036 0.790167 0.0604389 0.520024 0.545903 0.00406876 0.393146 0.90717 0.426244 0.91348 0.315747 0.505333 0.843036 0.98145 0.759191 0.343645 0.313934 0.057074 0.202922 
0.759731 0.414834 0.15654 0.297585 0.588801 0.956583 0.959428 0.114038 0.236269 0.598914 0.912056 0.981493 0.727121 0.411638 0.872797 0.419332 0.666847 0.489628 0.77947 0.735585 0.390695 0.100813 0.951767 0.91861 0.181878 0.203301 0.787715 0.786765 0.96549 0.9976 0.49836 0.960367 0.815977 0.756371 0.365953 0.850386 0.919111 0.734003 0.646487 0.640399 0.15568 0.219911 0.228943 0.162676 0.478 0.0669197 0.287425 0.80743 0.924842 0.865418 0.317169 0.529303 0.933683 0.56668 0.255229 0.684598 0.633056 0.0816732 0.770165 0.0901864 0.628558 0.690507 0.593205 0.373275 
0.605748 0.552591 0.595202 0.809751 0.825971 0.756745 0.482297 0.355092 0.878282 0.876762 0.813642 0.884357 0.39526 0.534454 0.569891 0.717926 0.782155 0.562192 0.902731 0.224646 0.408678 0.0572921 0.981909 0.801325 0.12353 0.333937 0.534317 0.296595 0.117903 0.59872 0.223636 0.632913 0.690864 0.814111 0.446583 0.698306 0.0351521 0.630947 0.434552 0.809071 0.98789 0.292431 0.894444 0.10599 0.452383 0.695282 0.863113 0.221213 0.492633 0.975908 0.737275 0.394007 0.497548 0.919651 0.486789 0.0580863 0.204697 0.00375219 0.480226 0.973405 0.802472 0.0412892 0.930865 0.111316 
0.0229973 0.211596 0.500161 0.0777602 0.781356 0.0174815 0.218153 0.598402 0.410575 0.460416 0.669987 0.359634 0.240656 0.918224 0.345188 0.478021 0.819959 0.632802 0.620425 0.638818 0.810372 0.52586 0.0758545 0.665513 0.164995 0.828707 0.156543 0.956448 0.710352 0.263386 0.207459 0.878257 0.230598 0.411861 0.460318 0.124368 0.735462 0.107671 0.854349 0.531763 0.616685 0.828858 0.336255 0.965144 0.611802 0.124243 0.287771 0.496261 0.684745 0.202161 0.426964 0.10768 0.180544 0.758117 0.609362 0.452243 0.007135 0.0661291 0.763567 0.0938382 0.771042 0.724168 0.513734 0.358882 
0.900232 0.176583 0.855029 0.763476 0.667735 0.94237 0.996127 0.789235 0.228765 0.684964 0.400384 0.122353 0.848785 0.334736 0.964452 0.811116 0.800053 0.82692 0.40813 0.0822086 0.995049 0.964151 0.467701 0.828488 0.477362 0.926146 0.40006 0.878654 0.0129482 0.341302 0.616465 0.854845 0.0886847 0.0746696 0.787873 0.566111 0.131924 0.477381 0.204633 0.751392 0.815607 0.440624 0.967855 0.635394 0.259656 0.0659301 0.697314 0.590002 0.343163 0.738504 0.0387356 0.852285 0.190657 0.0331261 0.891921 0.617928 0.12443 0.627594 0.889034 0.585054 0.751054 0.89565 0.916109 0.142501 
0.754701 0.858226 0.983104 0.863979 0.682917 0.274611 0.31145 0.790175 0.414369 0.849801 0.470889 0.665715 0.955605 0.212287 0.288495 0.449909 0.786066 0.820068 0.818599 0.327811 0.0885635 0.148725 0.155442 0.67109 0.558294 0.181017 0.45082 0.508424 0.777945 0.582569 0.377177 0.9494 0.50258 0.861552 0.441672 0.0149624 0.602133 0.802426 0.283848 0.706345 0.463461 0.354032 0.0601238 0.355664 0.808767 0.795785 0.842299 0.798905 0.766705 0.83359 0.819631 0.220983 0.707258 0.99645 0.145106 0.735433 0.922171 0.651742 0.342008 0.672115 0.927772 0.935339 0.866284 0.556517 
0.571834 0.959477 0.662335 0.0202239 0.277022 0.390507 0.486793 0.303668 0.214425 0.71059 0.16917 0.0910924 0.410045 0.810526 0.760272 0.236393 0.266896 0.987148 0.074295 0.078648 0.0906589 0.323776 0.763837 0.890692 0.932415 0.252407 0.46018 0.093508 0.556233 0.00654007 0.459634 0.98041 0.140424 0.210756 0.277645 0.866789 0.889993 0.94528 0.248407 0.453494 0.382007 0.595858 0.295958 0.829016 0.90614 0.89997 0.263183 0.484489 0.537851 0.969926 0.43792 0.0698253 0.643399 0.174464 0.365192 0.518075 0.962776 0.159657 0.851872 0.0187834 0.0479058 0.479464 0.572368 0.189008 
0.185042 0.71972 0.308429 0.710256 0.517495 0.366938 0.0457721 0.972502 0.380012 0.789636 0.336692 0.897785 0.0721269 0.281381 0.526204 0.612979 0.643454 0.3919 0.627678 0.866224 0.838075 0.25229 0.041597 0.239647 0.819505 0.658917 0.1245 0.164276 0.265148 0.854289 0.397965 0.339654 0.225653 0.673922 0.968039 0.0793497 0.502727 0.902545 0.267579 0.339036 0.493458 0.140124 0.803785 0.251811 0.0588209 0.66475 0.545298 0.929638 0.782641 0.0360196 0.529799 0.86783 0.0183356 0.373465 0.833092 0.249336 0.0121819 0.340572 0.0345895 0.91569 0.852779 0.421922 0.407819 0.979426 
0.489261 0.436689 0.40047 0.317697 0.343231 0.444384 0.923523 0.877848 0.762769 0.783784 0.423922 0.582821 0.896921 0.330878 0.397418 0.265082 0.0449388 0.0162337 0.272438 0.941174 0.324238 0.888572 0.118123 0.674669 0.328577 0.892485 0.697735 0.342129 0.487534 0.234641 0.0301104 0.0647331 0.811774 0.739569 0.665956 0.913136 0.252395 0.0180588 0.914691 0.986571 0.167145 0.661861 0.101253 0.0552973 0.362656 0.100596 0.111186 0.493974 0.529877 0.393719 0.665051 0.986686 0.841847 0.764166 0.416306 0.329849 0.571302 0.308242 0.169937 0.868231 0.120705 0.984343 0.259396 0.737253 
0.061106 0.803138 0.515768 0.967524 0.492336 0.777665 0.232501 0.348222 0.788647 0.872769 0.106405 0.69121 0.980433 0.946866 0.364332 0.298816 0.134516 0.987444 0.768846 0.625806 0.520992 0.806392 0.651659 0.487622 0.441654 0.378583 0.969861 0.914802 0.333868 0.0648808 0.155534 0.596189 0.72414 0.863172 0.909717 0.93482 0.977741 0.778975 0.733211 0.340418 0.9289 0.137423 0.544855 0.452061 0.890277 0.642425 0.385106 0.0938447 0.288685 0.508067 0.395206 0.949051 0.597313 0.706996 0.595638 0.405109 0.061338 0.0309862 0.653743 0.694844 0.179904 0.633568 0.0108074 0.444573 
0.279107 0.882841 0.308127 0.390791 0.159998 0.130664 0.341769 0.749758 0.0679809 0.0595076 0.811073 0.524194 0.859774 0.61348 0.0784422 0.173849 0.442079 0.188462 0.86565 0.980715 0.618943 0.648815 0.889148 0.677848 0.385472 0.239836 0.409341 0.966806 0.0802682 0.102939 0.662429 0.604011 0.737298 0.900911 0.514552 0.350307 0.520356 0.17437 0.900352 0.682309 0.870671 0.302413 0.893759 0.151916 0.370205 0.0715625 0.611101 0.242378 0.234263 0.993508 0.23997 0.512486 0.616543 0.968768 0.943797 0.411243 0.11186 0.194053 0.0102261 0.00094731 0.777082 0.356848 0.648442 0.56326 
0.879242 0.575324 0.110138 0.87944 0.722768 0.30756 0.755378 0.393177 0.861039 0.495597 0.605759 0.0737128 0.833587 0.491669 0.138262 0.0498925 0.361989 0.966945 0.838583 0.612386 0.482535 0.961752 0.956163 0.512782 0.15327 0.533219 0.377708 0.732898 0.414446 0.0216668 0.814366 0.790286 0.638064 0.819185 0.0419176 0.756102 0.454871 0.135376 0.0945801 0.689127 0.64849 0.0971921 0.543144 0.929718 0.7958 0.962743 0.800975 0.655102 0.911761 0.672367 0.500248 0.092166 0.41503 0.187267 0.87269 0.428284 0.480421 0.763768 0.856105 0.387848 0.392009 0.140457 0.45764 0.270505 
0.165925 0.500133 0.39607 0.695616 0.634481 0.287246 0.889636 0.59127 0.277677 0.0988256 0.773351 0.446611 0.929211 0.991181 0.755508 0.0306752 0.744365 0.731515 0.473783 0.554161 0.751282 0.273966 0.376576 0.965158 0.0103955 0.577102 0.527266 0.952949 0.81949 0.665046 0.471511 0.847446 0.252691 0.739429 0.139567 0.94782 0.622747 0.19514 0.648494 0.689133 0.487882 0.362598 0.710453 0.169992 0.361978 0.290044 0.140939 0.668834 0.666215 0.890614 0.378939 0.0866054 0.391409 0.453836 0.13226 0.919703 0.0181562 0.356242 0.358241 0.979265 0.233901 0.581873 0.921033 0.278241 
0.526451 0.768855 0.19022 0.977181 0.069569 0.495789 0.618321 0.196504 0.648017 0.226132 0.199512 0.463078 0.903996 0.827047 0.471609 0.926784 0.446967 0.714442 0.486356 0.544327 0.8217 0.710032 0.417544 0.818283 0.753771 0.805151 0.290479 0.785983 0.420355 0.495843 0.297464 0.259517 0.043443 0.452609 0.0534775 0.740539 0.643264 0.300514 0.0741905 0.216448 0.0431255 0.905195 0.414522 0.59664 0.328922 0.52489 0.548008 0.719929 0.485212 0.296541 0.327456 0.926968 0.777355 0.329047 0.668715 0.769316 0.183889 0.702286 0.584924 0.527928 0.413096 0.992447 0.805112 0.103821 
0.330784 0.53231 0.78817 0.709349 0.330845 0.882502 0.54024 0.855859 0.889683 0.623897 0.145149 0.607539 0.0179609 0.635854 0.200298 0.859943 0.0863955 0.292761 0.00284171 0.913188 0.870738 0.234349 0.120165 0.534153 0.522203 0.465084 0.507924 0.603089 0.949829 0.908642 0.702907 0.902022 0.649347 0.735721 0.614407 0.374786 0.430003 0.570089 0.244586 0.077001 0.696544 0.487876 0.2386 0.439334 0.0322606 0.476105 0.635369 0.648996 0.21101 0.370166 0.483585 0.956643 0.370867 0.455674 0.996197 0.089972 0.00340977 0.207888 0.0853545 0.892332 0.500181 0.794094 0.916042 0.955111 
0.312368 0.24564 0.596958 0.558174 0.899566 0.444169 0.991227 0.747106 0.869177 0.596808 0.736158 0.870071 0.791141 0.546689 0.91888 0.20431 0.241441 0.642695 0.865791 0.14153 0.584949 0.859599 0.449413 0.343201 0.879078 0.934298 0.649828 0.882423 0.324243 0.578027 0.735255 0.386049 0.511098 0.999815 0.267094 0.210926 0.180326 0.234935 0.262936 0.429332 0.756998 0.53637 0.85085 0.00355267 0.940136 0.170518 0.398758 0.836803 0.645333 0.11673 0.91378 0.85122 0.419781 0.365499 0.732866 0.567493 0.017534 0.0397666 0.798987 0.408748 0.13113 0.893004 0.724975 0.373851 
0.134826 0.0502598 0.640364 0.625827 0.741747 0.647787 0.449545 0.11523 0.371171 0.608469 0.525042 0.292138 0.235758 0.304839 0.0655604 0.68636 0.351877 0.303775 0.536908 0.617159 0.00988482 0.697048 0.695076 0.441001 0.580771 0.503885 0.0148662 0.11596 0.612047 0.280935 0.0223748 0.889461 0.915967 0.577369 0.461855 0.140468 0.930437 0.692798 0.378233 0.255689 0.374898 0.926382 0.216528 0.224871 0.418756 0.377206 0.443801 0.603205 0.893605 0.938719 0.940486 0.00554439 0.856328 0.581892 0.401196 0.64163 0.569448 0.204853 0.0847163 0.192236 0.227462 0.590026 0.282623 0.526226 
0.451416 0.539512 0.18599 0.855377 0.735871 0.0771667 0.890399 0.345533 0.970215 0.765623 0.547454 0.825596 0.900333 0.216675 0.519677 0.492079 0.796798 0.957224 0.502381 0.560472 0.423218 0.498183 0.533437 0.758132 0.984361 0.825704 0.951155 0.146614 0.166602 0.396855 0.423566 0.959885 0.763692 0.951801 0.342429 0.590476 0.882689 0.331944 0.173609 0.262612 0.265254 0.899663 0.78181 0.549086 0.546416 0.161702 0.3311 0.208112 0.417665 0.56918 0.168024 0.818816 0.475342 0.211475 0.622811 0.032836 0.457558 0.0640015 0.702164 0.536223 0.61454 0.0834372 0.22581 0.417848 
0.834498 0.524233 0.426413 0.335837 0.231611 0.0470001 0.238875 0.28652 0.78794 0.800456 0.37693 0.0251211 0.471141 0.898563 0.729554 0.0766587 0.678999 0.590737 0.849627 0.471925 0.243727 0.857388 0.764952 0.658213 0.0277969 0.408698 0.13931 0.461676 0.903316 0.17926 0.413095 0.331724 0.0307871 0.16252 0.437822 0.797256 0.257142 0.617271 0.394322 0.574403 0.445255 0.74654 0.355022 0.956906 0.507062 0.177137 0.665056 0.389014 0.0520165 0.319467 0.848358 0.483363 0.406701 0.912467 0.628397 0.349814 0.554796 0.423774 0.321921 0.605544 0.980462 0.384541 0.0516435 0.359458 
0.222984 0.340416 0.507356 0.0731333 0.0918397 0.562197 0.869045 0.465405 0.185898 0.927771 0.645115 0.632521 0.797376 0.515893 0.897561 0.302431 0.936101 0.212443 0.160913 0.283184 0.29123 0.472574 0.110399 0.893415 0.957362 0.128553 0.636547 0.633887 0.288902 0.899131 0.654737 0.253894 0.591691 0.296036 0.157917 0.34758 0.538225 0.648667 0.834064 0.672064 0.298911 0.332196 0.555365 0.84331 0.523187 0.760841 0.570427 0.644765 0.856364 0.439014 0.697543 0.833947 0.648489 0.0623496 0.485945 0.595512 0.289625 0.608085 0.903998 0.604351 0.0189314 0.516774 0.286432 0.536943 
0.727236 0.120645 0.0345311 0.996521 0.175795 0.86716 0.271648 0.574509 0.338614 0.189663 0.469573 0.789394 0.770285 0.722307 0.887302 0.24417 0.382405 0.194226 0.325664 0.226368 0.0396343 0.928386 0.773755 0.307867 0.646434 0.00251807 0.762494 0.530387 0.129262 0.386768 0.108838 0.542507 0.281164 0.684224 0.927315 0.0419177 0.33389 0.468655 0.724682 0.181756 0.210391 0.149313 0.188076 0.274574 0.992809 0.0414585 0.268013 0.421363 0.934162 0.272167 0.347326 0.509638 0.0666324 0.0900912 0.18576 0.261868 0.518593 0.535167 0.763013 0.450405 0.704518 0.707583 0.962038 0.330027 
