21.0336 0100000010101110100010011001001110001110001101100101111000100100001101101011000110100011011100000010
77.019 1111110101000111111010010000011100110000100010111001001110100111111000110111011010110111010110101101
0.181778 0.844234 0.888865 0.806821 0.410223 0.102994 0.219501 0.629758 0.859924 0.0412726 0.742566 0.570417 0.0343132 0.215513 0.487569 0.272706 0.119063 0.299634 0.377854 0.0011239 0.477632 0.524671 0.0464572 0.32509 0.4046 0.296757 0.665134 0.51762 0.758399 0.176516 0.512492 0.793687 0.613616 0.063389 0.356221 0.541552 0.804911 0.223084 0.963573 0.816489 0.327688 0.459873 0.763188 0.0500582 0.831123 0.00988806 0.213099 0.177466 0.922634 0.850141 0.231366 0.828193 0.288299 0.952268 0.341627 0.519802 0.922712 0.0106956 0.37217 0.781384 0.502738 0.0594198 0.225623 0.957303 
0.164652 0.356125 0.976751 0.45139 0.667153 0.39309 0.649851 0.725153 0.912999 0.270553 0.39256 0.674856 0.488694 0.524397 0.331298 0.958991 0.23067 0.761437 0.159138 0.980634 0.250369 0.158376 0.540428 0.148575 0.609877 0.568263 0.847836 0.0175021 0.364982 0.622205 0.229553 0.46427 0.524629 0.681971 0.124656 0.393216 0.136752 0.464735 0.502267 0.132334 0.935397 0.599244 0.553914 0.964238 0.152272 0.404659 0.55657 0.29191 0.660249 0.58308 0.957074 0.66065 0.992675 0.445745 0.0498949 0.122755 0.387775 0.515783 0.403574 0.843656 0.992276 0.439069 0.938886 0.915458 
0.0909513 0.0881002 0.741099 0.0413751 0.682859 0.95671 0.4492 0.395188 0.690272 0.698589 0.605404 0.943367 0.370408 0.0262549 0.166178 0.557457 0.443161 0.999556 0.317712 0.911335 0.862653 0.764198 0.184394 0.351456 0.016149 0.708708 0.318663 0.632448 0.740073 0.170652 0.857599 0.425757 0.430229 0.757763 0.0424166 0.567849 0.150348 0.414141 0.797957 0.00616837 0.194981 0.610737 0.621464 0.0658377 0.88601 0.575238 0.613763 0.596292 0.365611 0.141297 0.569005 0.0907145 0.352078 0.562948 0.864176 0.40399 0.245712 0.746088 0.20011 0.132485 0.0453638 0.881156 0.893431 0.333756 
0.338511 0.116336 0.271321 0.985648 0.660901 0.284138 0.83878 0.972807 0.0902334 0.130445 0.381402 0.637672 0.0913664 0.132036 0.529263 0.13522 0.276802 0.00460157 0.431318 0.233486 0.00193817 0.816954 0.617396 0.84116 0.310277 0.841926 0.196964 0.513272 0.541158 0.331337 0.597299 0.372415 0.759059 0.769545 0.587652 0.235419 0.603252 0.615907 0.922384 0.968346 0.583475 0.99321 0.571916 0.0459433 0.347566 0.769023 0.659562 0.0668982 0.824716 0.245604 0.142909 0.469761 0.0977813 0.231458 0.826192 0.914373 0.475991 0.829947 0.26621 0.106773 0.169737 0.566195 0.461319 0.968087 
0.277849 0.683724 0.0977009 0.738428 0.970258 0.824567 0.982048 0.757209 0.566219 0.660075 0.711006 0.892002 0.763301 0.81511 0.565081 0.133939 0.671938 0.950605 0.327944 0.641632 0.256059 0.514142 0.502651 0.0730434 0.64826 0.970659 0.763471 0.774872 0.961277 0.740671 0.551558 0.572941 0.762791 0.747907 0.487787 0.439303 0.448306 0.539026 0.899966 0.550063 0.1057 0.414781 0.46158 0.661946 0.350844 0.968118 0.388541 0.476004 0.310395 0.343213 0.566384 0.515642 0.779408 0.867213 0.412251 0.917984 0.4712 0.389111 0.78831 0.236163 0.332224 0.157945 0.215302 0.379219 
0.20697 0.859246 0.0190823 0.765556 0.0444872 0.82431 0.725622 0.00151522 0.0498125 0.350115 0.174053 0.359689 0.742281 0.499066 0.721912 0.450006 0.674597 0.681699 0.455899 0.0810595 0.870302 0.592342 0.0827096 0.589379 0.540933 0.92656 0.326907 0.888449 0.534661 0.549463 0.5293 0.91145 0.0974224 0.959202 0.319967 0.518551 0.980677 0.519643 0.474971 0.782381 0.231822 0.560034 0.846889 0.045798 0.7156 0.271133 0.131024 0.203813 0.577956 0.0637032 0.976719 0.728783 0.116072 0.613217 0.835234 0.892941 0.15685 0.863488 0.674965 0.174853 0.513958 0.431772 0.813413 0.072205 
0.520444 0.717724 0.134112 0.56756 0.902382 0.143144 0.834144 0.165099 0.389636 0.684654 0.506646 0.0392191 0.984735 0.162122 0.818159 0.706693 0.943961 0.0135518 0.492899 0.0548032 0.551969 0.683037 0.0659925 0.703112 0.0780668 0.131777 0.277167 0.0650474 0.412242 0.842316 0.0625426 0.219677 0.585363 0.936802 0.377994 0.398918 0.254894 0.474593 0.709673 0.997975 0.825253 0.796438 0.878747 0.489015 0.189145 0.0799359 0.505696 0.156041 0.568034 0.0436245 0.876785 0.660017 0.967308 0.0247466 0.671841 0.50975 0.929072 0.363959 0.480701 0.224358 0.551682 0.475971 0.963078 0.971611 
0.842756 0.680668 0.386979 0.806764 0.448955 0.825037 0.372133 0.617447 0.832881 0.346843 0.986403 0.748369 0.890019 0.413091 0.269439 0.722743 0.628201 0.90627 0.249346 0.310582 0.988005 0.0254367 0.48375 0.744022 0.208301 0.0821292 0.46744 0.737913 0.640243 0.899936 0.32567 0.268314 0.485687 0.523378 0.422734 0.517622 0.756013 0.569763 0.480932 0.249918 0.819928 0.421086 0.144707 0.00829322 0.482502 0.371546 0.557391 0.905764 0.569048 0.592503 0.906373 0.672038 0.00212285 0.22923 0.00457236 0.761652 0.232865 0.615991 0.192054 0.112751 0.336719 0.634215 0.044397 0.322579 
0.53576 0.909119 0.450753 0.919525 0.023922 0.580481 0.853368 0.511372 0.411004 0.522832 0.779096 0.251001 0.536948 0.637598 0.333152 0.859122 0.50114 0.855821 0.435888 0.569672 0.352786 0.680954 0.478907 0.199961 0.863455 0.491681 0.92168 0.792417 0.985003 0.627716 0.323195 0.984305 0.973274 0.751406 0.887689 0.0362091 0.0794271 0.528449 0.491458 0.586285 0.180831 0.0869409 0.650534 0.357351 0.203561 0.356108 0.324416 0.142162 0.251293 0.228299 0.887517 0.444743 0.328228 0.794963 0.997529 0.716212 0.318288 0.549274 0.846121 0.923609 0.0399174 0.244844 0.413123 0.110958 
0.383116 0.709566 0.0137355 0.140677 0.531874 0.692744 0.987692 0.687531 0.675121 0.184782 0.577728 0.783696 0.888279 0.402808 0.827636 0.098837 0.756067 0.233753 0.201443 0.95362 0.313956 0.525965 0.441299 0.235322 0.658421 0.948635 0.599908 0.751599 0.693041 0.841399 0.793411 0.991866 0.193127 0.00685304 0.604145 0.641431 0.541126 0.00467231 0.820822 0.0628226 0.637264 0.0463652 0.151179 0.961089 0.495731 0.29737 0.437887 0.226221 0.543954 0.578764 0.471048 0.192727 0.200039 0.689942 0.67658 0.0198458 0.545692 0.0717633 0.995178 0.255707 0.238114 0.371475 0.103282 0.00568123 
0.932508 0.453554 0.365147 0.70525 0.792429 0.335587 0.340101 0.550829 0.349066 0.18035 0.339872 0.717783 0.29234 0.599211 0.359823 0.571497 0.783716 0.971243 0.103658 0.814481 0.627653 0.6698 0.893616 0.574416 0.359692 0.962007 0.699105 0.0832184 0.0027227 0.380978 0.101407 0.370821 0.193055 0.0372362 0.823478 0.229119 0.178126 0.310103 0.304917 0.141019 0.928451 0.497607 0.770175 0.293961 0.543568 0.536426 0.0522524 0.00354569 0.629832 0.228378 0.345165 0.697501 0.561442 0.946235 0.82188 0.418412 0.361201 0.82024 0.829855 0.0400377 0.0623251 0.834076 0.606389 0.5628 
0.345012 0.277489 0.363187 0.740098 0.801088 0.000539061 0.452636 0.804465 0.472662 0.785054 0.500691 0.861248 0.563916 0.960245 0.100061 0.827635 0.594458 0.261407 0.405677 0.0731242 0.677473 0.504375 0.100544 0.142987 0.758265 0.432575 0.701751 0.585337 0.638057 0.0527022 0.307935 0.528924 0.25284 0.834442 0.0923735 0.778942 0.565388 0.715553 0.725743 0.916907 0.668487 0.0173771 0.301702 0.806386 0.630378 0.971182 0.842143 0.171221 0.858567 0.0362023 0.152193 0.35655 0.710319 0.0828314 0.873914 0.188768 0.855701 0.0945169 0.72457 0.400361 0.0791348 0.758108 0.93141 0.929669 
0.371528 0.800014 0.649753 0.155161 0.481164 0.200392 0.109602 0.424478 0.370681 0.183466 0.661957 0.498988 0.0135802 0.125529 0.523696 0.585005 0.826995 0.507339 0.106877 0.684513 0.635555 0.254639 0.281028 0.249655 0.0887836 0.873938 0.313792 0.393676 0.82782 0.135318 0.798601 0.840826 0.0531094 0.420008 0.658742 0.807221 0.274959 0.511432 0.783828 0.255595 0.272567 0.354627 0.0382125 0.07633 0.563982 0.791583 0.770866 0.236306 0.64541 0.626712 0.184855 0.108902 0.61617 0.788229 0.163112 0.593959 0.0912008 0.240654 0.220423 0.457392 0.626568 0.00658469 0.784735 0.0114206 
0.477879 0.84623 0.446368 0.169122 0.633977 0.0528603 0.214609 0.126451 0.618817 0.698712 0.531856 0.148594 0.458569 0.0776344 0.675236 0.762607 0.0922738 0.657947 0.927207 0.581981 0.840397 0.368168 0.426559 0.529206 0.754653 0.895729 0.703396 0.469663 0.15786 0.186913 0.458856 0.272613 0.62984 0.718676 0.418224 0.00902522 0.88238 0.261399 0.302844 0.391465 0.803564 0.319761 0.97813 0.859473 0.0539544 0.975754 0.148808 0.838965 0.387416 0.569974 0.134228 0.80223 0.168481 0.507908 0.600538 0.326363 0.670932 0.392338 0.467764 0.991693 0.913041 0.158274 0.395495 0.901485 
0.765939 0.400936 0.999913 0.576751 0.396763 0.815033 0.0268539 0.709759 0.0215098 0.261625 0.289133 0.725546 0.399594 0.595155 0.492715 0.882627 0.467665 0.795844 0.968891 0.409578 0.25839 0.950611 0.0817755 0.247396 0.0989658 0.678944 0.398432 0.453653 0.21729 0.266786 0.678742 0.597153 0.919781 0.472436 0.895473 0.917798 0.599568 0.710322 0.868271 0.343849 0.100798 0.0740017 0.883735 0.439938 0.853089 0.465724 0.0736111 0.1712 0.155637 0.211958 0.340324 0.578908 0.518673 0.43248 0.581808 0.681284 0.229577 0.430886 0.0479454 0.323906 0.523231 0.829398 0.825272 0.0481733 
0.00923929 0.133651 0.818525 0.252222 0.790221 0.0631347 0.241161 0.0387528 0.70779 0.871797 0.6057 0.385634 0.465705 0.491582 0.200403 0.968453 0.422432 0.0228731 0.651443 0.411964 0.956855 0.70042 0.926457 0.903932 0.939394 0.11018 0.746641 0.448441 0.0940534 0.701505 0.611111 0.537898 0.247094 0.289593 0.8645 0.0759026 0.684304 0.902314 0.480343 0.694449 0.562393 0.975576 0.445462 0.499077 0.0212699 0.0807816 0.899484 0.592276 0.619254 0.013799 0.642258 0.174709 0.403691 0.837599 0.270329 0.446977 0.687443 0.454416 0.494235 0.951672 0.454533 0.748656 0.167622 0.776184 
0.524487 0.17991 0.83501 0.504963 0.184881 0.579403 0.164391 0.6689 0.636554 0.637584 0.739741 0.783892 0.480197 0.597727 0.241259 0.650096 0.93063 0.158495 0.549871 0.392403 0.230738 0.63657 0.770229 0.566905 0.3875 0.891157 0.396519 0.220597 0.445934 0.325164 0.194526 0.654868 0.457226 0.711929 0.61055 0.251883 0.398217 0.481976 0.161236 0.75759 0.562096 0.717031 0.883455 0.129337 0.0979347 0.859801 0.909808 0.932065 0.662017 0.283934 0.888099 0.838972 0.386103 0.20379 0.735488 0.691628 0.394396 0.418465 0.64571 0.298237 0.933815 0.853212 0.958851 0.0604561 
0.93284 0.939123 0.0309941 0.377485 0.401258 0.887198 0.74185 0.611376 0.110243 0.372875 0.439185 0.973219 0.593264 0.313908 0.0661624 0.012352 0.664246 0.374765 0.565926 0.209061 0.171177 0.142594 0.502892 0.248069 0.503257 0.357446 0.989583 0.22059 0.249258 0.645927 0.332347 0.89214 0.441249 0.224369 0.0568817 0.0353658 0.556854 0.995986 0.22505 0.885876 0.319978 0.50541 0.392372 0.791299 0.357239 0.403245 0.822866 0.807905 0.598732 0.90807 0.538909 0.685119 0.721546 0.711241 0.997951 0.253698 0.936076 0.286608 0.459109 0.393181 0.246339 0.014039 0.897216 0.901924 
0.657032 0.720696 0.0244909 0.385859 0.922892 0.929967 0.28784 0.820409 0.670812 0.0934307 0.0227267 0.61472 0.250159 0.554745 0.925108 0.459708 0.639604 0.202154 0.742559 0.981197 0.148952 0.451671 0.430734 0.159796 0.258404 0.135305 0.635039 0.430171 0.418972 0.586409 0.0830067 0.169437 0.0539922 0.93412 0.509686 0.460394 0.609011 0.627828 0.234784 0.607933 0.634443 0.953179 0.634025 0.311549 0.978951 0.16649 0.626319 0.677149 0.911356 0.00317067 0.554417 0.895313 0.21904 0.4694 0.722736 0.500516 0.0292763 0.550794 0.942872 0.715959 0.00581882 0.0223768 0.405516 0.946857 
0.0201208 0.52427 0.401696 0.614287 0.626264 0.0613314 0.00030645 0.00302803 0.5293 0.874483 0.95384 0.570632 0.0733164 0.524945 0.916754 0.588905 0.129006 0.888807 0.985306 0.0348797 0.355293 0.704667 0.413063 0.448913 0.212557 0.454822 0.80832 0.502817 0.884766 0.763864 0.734499 0.0716998 0.81767 0.249457 0.725392 0.88079 0.186337 0.781226 0.961143 0.620016 0.944224 0.359504 0.0955072 0.662513 0.719761 0.355289 0.951037 0.525508 0.783937 0.0602323 0.959335 0.665959 0.0933828 0.543017 0.133268 0.456123 0.591364 0.943112 0.377749 0.696655 0.307381 0.280371 0.104763 0.985228 
0.941461 0.421665 0.225849 0.130666 0.680707 0.186517 0.107569 0.601784 0.775577 0.142754 0.0938741 0.074075 0.178722 0.829345 0.350108 0.0686491 0.379526 0.449601 0.470711 0.748128 0.366886 0.664114 0.538298 0.973571 0.716625 0.96027 0.838877 0.00713214 0.0105743 0.271605 0.0955815 0.846072 0.772023 0.0628139 0.781746 0.235512 0.926996 0.742187 0.450644 0.562806 0.306738 0.0678476 0.765415 0.13533 0.812 0.66544 0.272435 0.386431 0.641377 0.118677 0.906448 0.739373 0.237134 0.0411188 0.0908384 0.191667 0.972167 0.785806 0.954902 0.324474 0.673318 0.298273 0.0641931 0.0402822 
0.292552 0.558496 0.0625637 0.856707 0.271589 0.454049 0.574397 0.337221 0.177262 0.610895 0.790481 0.986069 0.128515 0.150853 0.441628 0.611751 0.375836 0.282182 0.152071 0.673414 0.501872 0.218934 0.163019 0.138155 0.590688 0.718268 0.595411 0.546203 0.962767 0.62902 0.616866 0.0137069 0.638512 0.0592617 0.633318 0.0726602 0.93643 0.907221 0.138511 0.111409 0.302127 0.442066 0.310247 0.863748 0.524112 0.462938 0.257596 0.924619 0.669504 0.86446 0.0120638 0.736148 0.668523 0.578297 0.50684 0.795367 0.0657435 0.77642 0.53996 0.465824 0.628896 0.757162 0.792403 0.394986 
0.206484 0.428721 0.68253 0.392843 0.232109 0.694784 0.488768 0.35501 0.451617 0.126628 0.542368 0.222534 0.337825 0.993037 0.232601 0.0941133 0.731126 0.166852 0.650535 0.972844 0.388893 0.555762 0.470342 0.240091 0.926378 0.123196 0.138713 0.987901 0.0243782 0.0138895 0.819327 0.0884574 0.248328 0.864439 0.432462 0.799779 0.0696555 0.291479 0.918064 0.421941 0.505823 0.275943 0.796936 0.827558 0.532038 0.576318 0.0553982 0.0135162 0.187348 0.626409 0.449492 0.441892 0.0830366 0.108032 0.971007 0.683564 0.687839 0.280896 0.664674 0.558298 0.136437 0.204279 0.951494 0.294091 
0.108641 0.0206647 0.97378 0.31623 0.203227 0.0872121 0.52146 0.0999026 0.381422 0.718556 0.261591 0.902889 0.910069 0.835273 0.556408 0.463401 0.674939 0.315078 0.278042 0.87776 0.537644 0.481519 0.912228 0.337115 0.662258 0.124 0.131096 0.491117 0.72421 0.618093 0.424035 0.434151 0.985207 0.0281918 0.235205 0.122598 0.830159 0.512222 0.683773 0.784101 0.675827 0.255537 0.0329796 0.475781 0.407298 0.942396 0.00397842 0.0324161 0.576004 0.646055 0.206995 0.397726 0.493356 0.292606 0.760876 0.428797 0.399665 0.309271 0.752399 0.511877 0.388962 0.450977 0.331151 0.497936 
0.816941 0.992354 0.036359 0.884407 0.43047 0.651302 0.108159 0.954927 0.909695 0.617506 0.82492 0.00847646 0.0533242 0.0619403 0.276399 0.254848 0.572718 0.720532 0.149228 0.183119 0.95375 0.350784 0.60701 0.740225 0.793153 0.22669 0.485812 0.565093 0.0117646 0.991363 0.317998 0.899875 0.962178 0.902951 0.914711 0.107156 0.143337 0.601461 0.201972 0.997239 0.303504 0.925678 0.05249 0.339246 0.491791 0.908531 0.685594 0.671177 0.313563 0.648003 0.158561 0.812947 0.315608 0.201125 0.101728 0.0103598 0.879814 0.186929 0.570365 0.485316 0.0169113 0.314969 0.230711 0.304672 
0.0241067 0.0649947 0.0681442 0.607887 0.181998 0.821742 0.59083 0.365305 0.272092 0.1634 0.403537 0.4475 0.950562 0.913736 0.503585 0.295036 0.0683972 0.519419 0.233229 0.0698303 0.729338 0.969137 0.985095 0.889601 0.880281 0.183313 0.305709 0.665121 0.932402 0.645296 0.200366 0.282909 0.703599 0.0906576 0.623887 0.822343 0.52275 0.4837 0.810442 0.147559 0.957144 0.135131 0.152948 0.924794 0.151136 0.451549 0.659975 0.792235 0.878789 0.652326 0.647522 0.309835 0.0806869 0.268518 0.182501 0.644942 0.174212 0.0797681 0.659129 0.723111 0.723179 0.99321 0.188511 0.140325 
0.104989 0.474355 0.462755 0.873102 0.611122 0.0402974 0.708667 0.939595 0.149358 0.576257 0.394082 0.575811 0.416413 0.702201 0.254031 0.999619 0.591129 0.184763 0.362016 0.00181157 0.684391 0.728279 0.563444 0.874407 0.0148317 0.156046 0.915529 0.870161 0.321974 0.857381 0.640332 0.144332 0.850478 0.201326 0.589167 0.836547 0.117728 0.269121 0.621459 0.865377 0.39996 0.0170976 0.535919 0.713199 0.126894 0.709069 0.245027 0.671923 0.286564 0.561833 0.464673 0.463445 0.884229 0.418028 0.758097 0.0219133 0.851774 0.889196 0.836836 0.0857075 0.979833 0.441509 0.925089 0.345511 
0.720684 0.193843 0.0574071 0.726219 0.700809 0.115174 0.239023 0.158554 0.990986 0.27154 0.525329 0.864161 0.507659 0.15544 0.557536 0.627468 0.0754643 0.448247 0.349819 0.984979 0.0460109 0.278334 0.697388 0.383142 0.566661 0.0532851 0.476113 0.177917 0.192543 0.868715 0.868571 0.146817 0.725994 0.218269 0.305395 0.259189 0.795766 0.071867 0.0994889 0.565755 0.164124 0.47863 0.492173 0.452649 0.860202 0.199543 0.0844291 0.108837 0.543115 0.167897 0.655865 0.552494 0.187949 0.0633159 0.218779 0.297001 0.125468 0.87739 0.431429 0.380802 0.988021 0.942257 0.0926149 0.270426 
0.590079 0.390497 0.960625 0.470089 0.271244 0.527518 0.939964 0.563787 0.881157 0.189961 0.743964 0.735366 0.70474 0.60717 0.150456 0.524272 0.293528 0.658851 0.311106 0.318096 0.104731 0.283375 0.93662 0.0982106 0.512877 0.397102 0.592948 0.60962 0.980102 0.197748 0.777198 0.464443 0.678215 0.0430853 0.222407 0.485927 0.738386 0.573869 0.674288 0.264207 0.120662 0.46871 0.0408351 0.661613 0.411076 0.455049 0.871158 0.461716 0.9274 0.806177 0.7787 0.567649 0.782308 0.0724979 0.187468 0.57724 0.854821 0.408126 0.957436 0.355705 0.604988 0.277884 0.60568 0.977188 
0.214851 0.772759 0.265882 0.604228 0.475094 0.346225 0.0421846 0.847026 0.728657 0.325879 0.998978 0.616795 0.533306 0.144028 0.836586 0.571146 0.0173102 0.112347 0.990146 0.643302 0.167598 0.258223 0.673779 0.546627 0.865272 0.184333 0.55223 0.474806 0.261326 0.826064 0.910113 0.767484 0.62129 0.868207 0.915745 0.104156 0.314817 0.649155 0.38831 0.696935 0.290254 0.0202791 0.146244 0.86529 0.798696 0.439594 0.144509 0.391101 0.401761 0.253376 0.355414 0.50347 0.00153533 0.502247 0.248766 0.558917 0.61582 0.70161 0.904346 0.614819 0.104599 0.264493 0.0873526 0.0954376 
0.365894 0.668669 0.16188 0.577876 0.0208707 0.756756 0.373554 0.11812 0.393866 0.736791 0.35517 0.38542 0.151428 0.312278 0.655746 0.902272 0.134869 0.75658 0.998461 0.758276 0.148422 0.890242 0.122926 0.656937 0.319701 0.616729 0.882429 0.545049 0.284233 0.071553 0.137774 0.221686 0.246855 0.682207 0.515441 0.524893 0.438795 0.19986 0.789379 0.909329 0.352839 0.687762 0.300572 0.327085 0.253057 0.47373 0.619896 0.403217 0.559471 0.881534 0.450792 0.658912 0.0533709 0.837682 0.0883169 0.745548 0.0915274 0.362253 0.358171 0.204702 0.19043 0.809495 0.453976 0.989821 
0.879385 0.686084 0.35234 0.979264 0.418139 0.393717 0.341822 0.408146 0.928753 0.10866 0.131703 0.711008 0.0816536 0.720188 0.923213 0.030601 0.444298 0.375704 0.0359086 0.266245 0.747609 0.114778 0.152983 0.274264 0.452877 0.836412 0.00131553 0.755726 0.290493 0.625507 0.744513 0.583692 0.817257 0.147715 0.0569324 0.424931 0.657764 0.360602 0.839428 0.354526 0.278546 0.299217 0.325339 0.478323 0.607905 0.935895 0.331695 0.197603 0.858335 0.166676 0.314691 0.83205 0.0254899 0.121827 0.948833 0.267622 0.446876 0.147718 0.229262 0.766766 0.433171 0.588647 0.858786 0.497522 
0.64802 0.283528 0.286852 0.0616151 0.268049 0.989191 0.0200319 0.589865 0.94937 0.526353 0.3378 0.485365 0.523215 0.520239 0.768775 0.110416 0.398333 0.759397 0.130681 0.804858 0.192379 0.0427936 0.354261 0.143028 0.381408 0.653374 0.965382 0.0743732 0.236673 0.581936 0.543128 0.579309 0.91217 0.375645 0.742984 0.00394181 0.364985 0.358314 0.511446 0.353044 0.0912899 0.36952 0.67917 0.112625 0.714643 0.610424 0.244692 0.705332 0.772948 0.849243 0.804901 0.506697 0.339249 0.681514 0.699893 0.68919 0.859777 0.396031 0.562394 0.732211 0.291446 0.437355 0.734353 0.875957 
0.120296 0.679944 0.514876 0.439735 0.445528 0.751004 0.899254 0.414513 0.572412 0.0577818 0.0696912 0.023479 0.113928 0.0704493 0.607205 0.681648 0.517131 0.221577 0.541575 0.109429 0.192727 0.395436 0.775469 0.751417 0.806335 0.935181 0.14691 0.892668 0.0388243 0.992623 0.0721238 0.858895 0.711111 0.102926 0.0211579 0.137825 0.999251 0.368443 0.553373 0.676585 0.464703 0.757763 0.338933 0.070452 0.777285 0.746243 0.776282 0.252586 0.724639 0.630712 0.710992 0.353185 0.0779837 0.712605 0.412891 0.0629904 0.388862 0.965058 0.852726 0.851283 0.368405 0.717821 0.97763 0.787128 
0.684441 0.606562 0.574737 0.766587 0.142448 0.89595 0.958192 0.97172 0.101615 0.217726 0.671988 0.880997 0.206233 0.0107592 0.237069 0.596286 0.214375 0.185285 0.0209391 0.45436 0.00844253 0.374254 0.906501 0.437808 0.211558 0.576113 0.132544 0.0267183 0.179398 0.491795 0.152105 0.90661 0.786345 0.0133899 0.165693 0.906388 0.85135 0.141324 0.010365 0.286913 0.158761 0.951256 0.233037 0.473262 0.444498 0.112098 0.130433 0.430424 0.829823 0.383868 0.00562017 0.537475 0.858733 0.679537 0.713533 0.603148 0.943544 0.636224 0.96211 0.00528256 0.848521 0.0115173 0.961731 0.300687 
0.715001 0.365467 0.444 0.670872 0.347148 0.0838259 0.817873 0.732775 0.661861 0.576902 0.604779 0.468562 0.0445776 0.795639 0.611724 0.346867 0.537506 0.631481 0.672933 0.766163 0.191024 0.983798 0.614919 0.775345 0.0647641 0.309589 0.942365 0.945289 0.0654856 0.276168 0.248918 0.362135 0.788546 0.499146 0.999866 0.932491 0.938016 0.0951449 0.31316 0.109191 0.759383 0.550988 0.452551 0.110975 0.246856 0.489187 0.319401 0.148768 0.351574 0.164166 0.145804 0.162672 0.00951477 0.439529 0.903037 0.528993 0.728817 0.640519 0.523314 0.864888 0.620754 0.953156 0.293111 0.453851 
0.208709 0.590312 0.626182 0.303508 0.932296 0.106287 0.542933 0.708944 0.445149 0.162255 0.766847 0.988446 0.154347 0.438806 0.163162 0.334428 0.210648 0.418548 0.153775 0.480592 0.670942 0.473717 0.686256 0.913962 0.797693 0.0118837 0.957378 0.558749 0.101573 0.756719 0.674499 0.170378 0.623921 0.00866475 0.0565727 0.070032 0.671528 0.355758 0.105987 0.646974 0.139574 0.522273 0.631465 0.616845 0.84464 0.81954 0.798699 0.8593 0.372728 0.794244 0.704316 0.338349 0.498994 0.792813 0.12289 0.799083 0.556343 0.391348 0.898852 0.1128 0.733674 0.584269 0.560162 0.934058 
0.824613 0.295442 0.685539 0.85685 0.835054 0.266023 0.0115875 0.445667 0.297258 0.0675976 0.165541 0.967391 0.864457 0.166854 0.163728 0.772647 0.751515 0.557822 0.530438 0.886676 0.740809 0.732312 0.765453 0.235324 0.521815 0.978669 0.556212 0.327799 0.119189 0.275318 0.621298 0.175837 0.422385 0.590451 0.437788 0.406871 0.637992 0.91115 0.522782 0.0771638 0.611579 0.571198 0.258805 0.101327 0.800231 0.991849 0.613048 0.131498 0.472317 0.216605 0.0771815 0.214944 0.74826 0.19486 0.368694 0.39878 0.303044 0.524772 0.397199 0.501311 0.507797 0.170908 0.593792 0.204444 
0.293775 0.342249 0.192097 0.593773 0.19637 0.983371 0.698628 0.578754 0.823166 0.964889 0.0928952 0.831128 0.292112 0.301438 0.875652 0.455486 0.466543 0.119246 0.911662 0.722176 0.655763 0.272661 0.514686 0.480227 0.656765 0.168216 0.0229736 0.34481 0.247943 0.720585 0.825368 0.258732 0.179439 0.298355 0.111742 0.18764 0.963693 0.0869113 0.166375 0.525089 0.326732 0.563846 0.00491398 0.59491 0.876073 0.0798037 0.975391 0.216366 0.172574 0.735111 0.442248 0.666706 0.666787 0.859089 0.598992 0.414116 0.448898 0.666943 0.498215 0.22664 0.729775 0.141913 0.371806 0.27592 
0.793612 0.807819 0.122632 0.65072 0.121777 0.173045 0.0364684 0.344497 0.197131 0.766215 0.605704 0.4547 0.00339264 0.733193 0.305861 0.201749 0.364134 0.984581 0.791691 0.600296 0.86114 0.619961 0.838563 0.308522 0.987265 0.578963 0.0941774 0.958597 0.320536 0.601884 0.840387 0.378444 0.503068 0.50725 0.240072 0.118577 0.124231 0.507606 0.669209 0.651348 0.500446 0.340599 0.374615 0.186649 0.738321 0.0848999 0.199022 0.265867 0.884916 0.724445 0.759165 0.977296 0.429821 0.466764 0.454004 0.706154 0.392735 0.0329111 0.055346 0.682178 0.173707 0.407055 0.47994 0.612651 
0.327571 0.687614 0.559435 0.0478553 0.752038 0.825705 0.129758 0.576992 0.443422 0.538051 0.084521 0.830045 0.917595 0.114312 0.842 0.795444 0.0931733 0.284585 0.406524 0.981698 0.746108 0.601063 0.30255 0.86018 0.495806 0.870027 0.367531 0.884591 0.069741 0.0557707 0.566449 0.266261 0.933852 0.84744 0.882811 0.196641 0.0907684 0.978482 0.240752 0.326766 0.995718 0.0784558 0.500695 0.312241 0.50555 0.659033 0.459826 0.70421 0.954431 0.385153 0.960807 0.259258 0.894265 0.66585 0.791915 0.131962 0.259448 0.703231 0.777121 0.00290684 0.469543 0.436316 0.548295 0.205106 
0.0290413 0.961713 0.750773 0.169211 0.193004 0.92526 0.605677 0.974386 0.266406 0.100814 0.640753 0.307985 0.727392 0.477216 0.183516 0.0490939 0.191038 0.708616 0.723238 0.583497 0.445175 0.31561 0.268571 0.104008 0.625622 0.350692 0.278049 0.145664 0.957074 0.922635 0.903547 0.000364992 0.853844 0.798423 0.119811 0.795251 0.53198 0.55275 0.598804 0.926925 0.911763 0.515739 0.924123 0.493497 0.450409 0.961118 0.452119 0.0626392 0.967574 0.117967 0.472808 0.461554 0.269617 0.00905851 0.536787 0.882271 0.276101 0.632987 0.215745 0.837247 0.926119 0.933986 0.694634 0.531738 
0.307526 0.109504 0.446054 0.117947 0.916168 0.558415 0.878665 0.0579042 0.155972 0.62627 0.89902 0.786647 0.338695 0.712612 0.236366 0.444602 0.959789 0.30868 0.626 0.627224 0.426269 0.150832 0.636493 0.179487 0.416117 0.769365 0.924065 0.206982 0.381393 0.774509 0.550733 0.47796 0.209834 0.970848 0.437596 0.339313 0.692925 0.107907 0.933956 0.768024 0.211641 0.267218 0.725676 0.649736 0.772326 0.833016 0.0883009 0.106585 0.46225 0.568789 0.313741 0.851705 0.042102 0.308975 0.45667 0.42369 0.912989 0.455657 0.51043 0.151582 0.270769 0.501042 0.289263 0.769054 
0.211901 0.0831344 0.897696 0.497205 0.240072 0.0298045 0.162021 0.380763 0.233282 0.850256 0.757932 0.0892765 0.673809 0.0509205 0.374147 0.64509 0.670043 0.297602 0.297999 0.281801 0.096628 0.332848 0.871658 0.47494 0.0300771 0.574092 0.0626906 0.726458 0.373351 0.460769 0.498144 0.308647 0.121238 0.271883 0.0462763 0.723686 0.782394 0.0637511 0.94069 0.157436 0.321046 0.368165 0.749106 0.579728 0.260079 0.120755 0.766469 0.701237 0.587315 0.07087 0.738033 0.191031 0.92139 0.984579 0.910846 0.864844 0.614842 0.392031 0.763567 0.608725 0.759393 0.364919 0.566236 0.0356347 
0.680472 0.342967 0.842284 0.0270554 0.873334 0.92652 0.795794 0.00687616 0.448349 0.529524 0.698372 0.485308 0.599428 0.86525 0.665036 0.813565 0.938134 0.56045 0.333751 0.967622 0.278969 0.21172 0.237955 0.738948 0.664628 0.410309 0.735386 0.675295 0.575378 0.938651 0.42949 0.7623 0.617879 0.293418 0.948841 0.74592 0.595956 0.39961 0.162942 0.601625 0.021429 3.56459e-05 0.603883 0.828383 0.0488401 0.647383 0.995414 0.746271 0.930372 0.837207 0.956822 0.205691 0.314025 0.0779519 0.569184 0.805958 0.645227 0.467941 0.602855 0.97399 0.0145101 0.771166 0.652871 0.279388 
0.500434 0.031876 0.675401 0.412602 0.804607 0.0897999 0.0146563 0.650208 0.224318 0.825281 0.0161641 0.88998 0.775914 0.930376 0.134952 0.844488 0.121607 0.266751 0.225102 0.368117 0.66748 0.240412 0.271161 0.948941 0.240762 0.0482571 0.491419 0.746613 0.944595 0.703082 0.533546 0.217859 0.129206 0.856412 0.0398026 0.557949 0.708535 0.508532 0.347912 0.149007 0.973813 0.528122 0.814951 0.639879 0.451386 0.469719 0.73523 0.844615 0.426604 0.138283 0.0519808 0.181521 0.396348 0.0370611 0.318863 0.40792 0.517221 0.451016 0.877691 0.221679 0.525032 0.913397 0.0961919 0.291229 
0.186199 0.351636 0.556224 0.318525 0.473142 0.559681 0.475913 0.494942 0.515816 0.487049 0.0588039 0.571921 0.257892 0.758441 0.131555 0.941706 0.456543 0.423058 0.926928 0.896639 0.914144 0.822682 0.432929 0.449935 0.420236 0.100222 0.919283 0.37512 0.640218 0.471009 0.236734 0.233591 0.762324 0.641335 0.858687 0.300594 0.954713 0.135344 0.443798 0.0674393 0.841242 0.178352 0.556283 0.85806 0.901735 0.53894 0.714996 0.0660837 0.712758 0.832743 0.153477 0.238885 0.445281 0.0878557 0.516188 0.470144 0.0632377 0.903957 0.258783 0.265422 0.319464 0.436725 0.68767 0.905762 
0.73208 0.673348 0.561848 0.466378 0.979285 0.415512 0.263704 0.163161 0.888672 0.797533 0.0141158 0.126337 0.374585 0.391964 0.627213 0.309433 0.331482 0.726504 0.643542 0.447993 0.156927 0.739909 0.648679 0.96265 0.135714 0.636496 0.674367 0.131264 0.708239 0.473165 0.916596 0.913799 0.170339 0.612523 0.326138 0.661209 0.0908155 0.0852576 0.505362 0.804673 0.662853 0.56873 0.433103 0.621523 0.999748 0.00883644 0.574495 0.405011 0.203553 0.0125952 0.814197 0.54564 0.574554 0.266834 0.450186 0.155357 0.368533 0.6784 0.581006 0.757091 0.411817 0.494448 0.411452 0.691173 
0.455772 0.290572 0.231184 0.711118 0.251099 0.707147 0.919 0.997687 0.209904 0.205588 0.79651 0.329613 0.549849 0.609852 0.684725 0.398104 0.414701 0.706618 0.918312 0.876664 0.390425 0.815169 0.857725 0.339593 0.467693 0.315246 0.829104 0.677358 0.924191 0.156819 0.141361 0.367649 0.468229 0.43165 0.230609 0.929563 0.922553 0.991328 0.880436 0.343909 0.489228 0.777292 0.493983 0.665363 0.819234 0.726835 0.448112 0.648946 0.0957817 0.432604 0.716609 0.81682 0.409214 0.597836 0.351358 0.803924 0.159897 0.560847 0.839658 0.29319 0.9418 0.597716 0.717361 0.141432 
0.617104 0.442413 0.233176 0.106579 0.564163 0.168928 0.827725 0.072071 0.141208 0.347077 0.0814206 0.528769 0.725622 0.87864 0.559591 0.0914438 0.697441 0.335834 0.45913 0.790359 0.552019 0.404439 0.382771 0.516529 0.621423 0.694954 0.576172 0.145301 0.562785 0.617055 0.0580424 0.705476 0.543135 0.957002 0.489532 0.690987 0.938096 0.869065 0.046004 0.00578697 0.612977 0.628609 0.712671 0.906933 0.0846872 0.627463 0.309063 0.265287 0.656932 0.96109 0.16219 0.263335 0.341593 0.40049 0.989739 0.515768 0.411325 0.428069 0.29337 0.599265 0.892936 0.471123 0.620371 0.924745 
0.634508 0.0273127 0.594103 0.826928 0.0369982 0.886235 0.375539 0.929421 0.89903 0.12371 0.148305 0.72385 0.371125 0.0158747 0.954073 0.629542 0.316638 0.00863233 0.253788 0.716711 0.265411 0.791547 0.183174 0.522538 0.154103 0.376667 0.826179 0.468243 0.672543 0.869917 0.301604 0.270417 0.466941 0.591665 0.284441 0.59088 0.684834 0.836592 0.333294 0.188153 0.544521 0.344137 0.738964 0.165768 0.166413 0.274896 0.249895 0.435678 0.275053 0.0707539 0.533392 0.981795 0.351153 0.340788 0.892881 0.0992012 0.580845 0.573975 0.363789 0.223597 0.832758 0.907711 0.912136 0.825167 
0.0719564 0.776051 0.31474 0.870237 0.695198 0.153574 0.920118 0.339451 0.0366976 0.748225 0.528237 0.734044 0.0924201 0.786314 0.541776 0.815339 0.32282 0.593969 0.673254 0.624661 0.352675 0.21798 0.678573 0.213929 0.761934 0.125163 0.812934 0.241322 0.767214 0.571893 0.852775 0.797258 0.274928 0.553336 0.276597 0.418397 0.835322 0.731602 0.96565 0.647532 0.0440198 0.30884 0.50319 0.0220917 0.867882 0.341462 0.70676 0.673517 0.818998 0.513426 0.346956 0.806953 0.620037 0.0111073 0.647498 0.567408 0.798518 0.471199 0.175585 0.270333 0.175266 0.0449636 0.589935 0.479734 
0.13163 0.670298 0.900305 0.954267 0.879007 0.597906 0.827602 0.631933 0.0667701 0.0701428 0.162392 0.828545 0.497293 0.120431 0.973736 0.484212 0.743698 0.0138883 0.578187 0.202172 0.364142 0.159526 0.523778 0.932119 0.985429 0.565854 0.752947 0.492894 0.782488 0.519858 0.1419 0.0685949 0.526637 0.27591 0.948179 0.678103 0.988622 0.79546 0.388346 0.838685 0.859895 0.194998 0.403953 0.313174 0.358357 0.906186 0.697706 0.75586 0.716382 0.340845 0.0814086 0.39737 0.0688246 0.517073 0.806717 0.493733 0.170887 0.25468 0.737935 0.158784 0.815136 0.374016 0.492035 0.215548 
0.791992 0.505506 0.132114 0.962739 0.287285 0.0846714 0.0938488 0.981304 0.566967 0.928776 0.92514 0.781742 0.481507 0.944832 0.406477 0.567126 0.367933 0.403954 0.773687 0.496673 0.815541 0.413488 0.300028 0.469968 0.213501 0.742684 0.103289 0.915189 0.365171 0.917747 0.294195 0.965156 0.553991 0.447555 0.442775 0.426456 0.195494 0.442246 0.554762 0.122962 0.8333 0.308503 0.634104 0.121456 0.0809616 0.924408 0.520761 0.43601 0.0232761 0.190189 0.496828 0.939093 0.313045 0.320798 0.593102 0.380497 0.370145 0.35877 0.271877 0.598761 0.667874 0.0169245 0.605056 0.622057 
0.205577 0.588111 0.906985 0.318422 0.760287 0.182685 0.992909 0.877835 0.315237 0.811453 0.527319 0.41025 0.178841 0.201226 0.42059 0.754954 0.586207 0.0436353 0.395164 0.960513 0.713886 0.672799 0.206205 0.9371 0.695642 0.587309 0.338161 0.30434 0.613047 0.540897 0.964686 0.216126 0.22976 0.0423741 0.00702543 0.469689 0.162003 0.6002 0.881192 0.51758 0.113709 0.245805 0.513549 0.908842 0.929781 0.945911 0.886965 0.802173 0.251849 0.480705 0.529042 0.673761 0.664095 0.78955 0.184429 0.37048 0.0132211 0.198922 0.163268 0.786973 0.621133 0.226955 0.391595 0.229851 
0.013283 0.53554 0.99261 0.179692 0.419914 0.472481 0.0612704 0.945478 0.971207 0.413072 0.85797 0.969127 0.76542 0.791691 0.628719 0.792752 0.745385 0.368079 0.308291 0.399179 0.289894 0.481772 0.000469545 0.867308 0.939741 0.0771937 0.626945 0.724082 0.210172 0.0957632 0.797868 0.7395 0.638408 0.44827 0.524009 0.73673 0.326254 0.265088 0.701437 0.198786 0.880291 0.340978 0.226231 0.122246 0.75351 0.795196 0.569652 0.584683 0.32493 0.436083 0.871903 0.212559 0.999445 0.160827 0.235889 0.742625 0.742681 0.274387 0.812417 0.0544346 0.330042 0.529718 0.39265 0.669141 
0.443873 0.875598 0.408336 0.0549851 0.201184 0.47412 0.880341 0.246736 0.296447 0.161221 0.130944 0.149637 0.676962 0.275724 0.691699 0.688176 0.0689974 0.533336 0.0831425 0.093914 0.34017 0.717288 0.0185048 0.890875 0.387742 0.200536 0.222658 0.885192 0.0454984 0.790809 0.0199347 0.703921 0.957618 0.367857 0.833407 0.21221 0.306531 0.491277 0.289061 0.836191 0.769521 0.718578 0.710963 0.250505 0.962064 0.0962275 0.585944 0.248957 0.149393 0.372652 0.670033 0.408315 0.950666 0.542621 0.71247 0.0937229 0.774073 0.909908 0.606389 0.198324 0.573832 0.927451 0.603047 0.615568 
0.11484 0.508628 0.673647 0.0582311 0.650431 0.182492 0.945347 0.912255 0.307888 0.32138 0.0151215 0.300703 0.225597 0.105937 0.396883 0.837929 0.353164 0.393869 0.0188311 0.96939 0.777254 0.40867 0.946795 0.591269 0.591754 0.296379 0.998412 0.418797 0.673767 0.173884 0.775933 0.49473 0.461784 0.483515 0.410901 0.015652 0.875999 0.618243 0.0243425 0.126131 0.194879 0.716759 0.888576 0.938531 0.351292 0.980432 0.150033 0.701782 0.231903 0.998391 0.950624 0.314387 0.694372 0.0121274 0.219818 0.334326 0.980485 0.392639 0.675494 0.168187 0.133609 0.34661 0.615713 0.498221 
0.708905 0.086573 0.441914 0.64491 0.656515 0.583129 0.755509 0.36378 0.263095 0.94335 0.401674 0.548439 0.487118 0.522593 0.622659 0.869493 0.878336 0.788334 0.130721 0.381972 0.549239 0.889085 0.204688 0.189671 0.811838 0.524348 0.130616 0.786997 0.372615 0.971581 0.14007 0.7543 0.166117 0.450789 0.55263 0.737818 0.0278915 0.66113 0.195625 0.871602 0.975376 0.670963 0.318032 0.90959 0.432987 0.482688 0.913645 0.732965 0.664029 0.487178 0.6776 0.304082 0.93122 0.284764 0.629195 0.218932 0.442004 0.967583 0.611898 0.76516 0.232976 0.622603 0.123974 0.758666 
0.475142 0.61368 0.19167 0.785003 0.402319 0.716186 0.0259001 0.775589 0.173821 0.690836 0.626759 0.647255 0.0413985 0.0198322 0.386419 0.975047 0.00913406 0.076297 0.358623 0.634099 0.496312 0.402348 0.698747 0.509324 0.707152 0.0865146 0.770471 0.785187 0.974368 0.313024 0.729544 0.737273 0.84558 0.791215 0.54758 0.289892 0.299412 0.173104 0.526598 0.750753 0.801006 0.273269 0.306253 0.867505 0.704128 0.360709 0.707318 0.99597 0.640943 0.936709 0.283589 0.535588 0.0496298 0.390961 0.790451 0.291443 0.0167238 0.56257 0.505478 0.908107 0.732173 0.877195 0.600019 0.68375 
0.665429 0.113479 0.956295 0.319392 0.227767 0.424119 0.168552 0.562877 0.385796 0.675172 0.261821 0.359621 0.264608 0.150424 0.496881 0.473784 0.0517863 0.635969 0.69248 0.49977 0.831001 0.888041 0.162845 0.23898 0.988803 0.531906 0.953139 0.058279 0.49279 0.293467 0.105667 0.735601 0.731938 0.719762 0.529598 0.32114 0.669457 0.630263 0.175047 0.891726 0.901884 0.816419 0.664946 0.0599691 0.3407 0.788964 0.909478 0.046989 0.137897 0.349679 0.928557 0.23072 0.898019 0.910065 0.853083 0.516945 0.912774 0.834646 0.302578 0.981546 0.541444 0.35783 0.498005 0.609852 
0.422447 0.619382 0.626292 0.15424 0.745469 0.656891 0.10616 0.376631 0.617563 0.56214 0.175794 0.873332 0.120643 0.848148 0.132522 0.536255 0.87486 0.35336 0.672374 0.0133896 0.689806 0.213406 0.734205 0.248844 0.00433136 0.451112 0.326632 0.127311 0.010255 0.391835 0.330787 0.705543 0.161549 0.155996 0.00864001 0.387093 0.909567 0.00825544 0.773254 0.0705278 0.210267 0.458301 0.182343 0.685396 0.618403 0.461292 0.848125 0.327541 0.767014 0.535104 0.724712 0.806118 0.672796 0.610053 0.422587 0.126513 0.0271392 0.0090954 0.751542 0.560656 0.275737 0.69541 0.687147 0.319985 
0.324428 0.771454 0.305974 0.12682 0.0901694 0.686324 0.86076 0.202911 0.95035 0.0454897 0.628549 0.786571 0.570692 0.0853793 0.320851 0.466321 0.333179 0.380433 0.375227 0.304919 0.819444 0.915608 0.0491983 0.047585 0.267793 0.679606 0.266566 0.931405 0.0452358 0.109784 0.106353 0.74447 0.34225 0.643304 0.639232 0.745252 0.9335 0.628196 0.26882 0.834193 0.261591 0.0906784 0.351247 0.683958 0.980126 0.546804 0.275462 0.737568 0.694743 0.696212 0.567839 0.210426 0.56641 0.565308 0.133474 0.444731 0.432211 0.0739761 0.902092 0.763984 0.596774 0.755953 0.86107 0.0197295 
0.25722 0.895895 0.500757 0.801684 0.660496 0.277309 0.249194 0.409468 0.494815 0.350934 0.562361 0.706464 0.380954 0.0485161 0.160236 0.409974 0.169118 0.810798 0.303716 0.991492 0.927211 0.108188 0.447913 0.82884 0.939254 0.0165465 0.742582 0.480395 0.542497 0.72593 0.855475 0.419953 0.0721311 0.6331 0.443044 0.905955 0.156098 0.518644 0.997216 0.434171 0.628963 0.323499 0.553748 0.772813 0.772687 0.896648 0.533595 0.564105 0.792797 0.884066 0.0170363 0.601775 0.284696 0.368275 0.761523 0.726219 0.789245 0.699907 0.0182017 0.553686 0.664953 0.200485 0.366274 0.905585 
0.0552804 0.369879 0.743856 0.10197 0.658552 0.219653 0.631917 0.370443 0.348246 0.719463 0.292931 0.911412 0.519647 0.0296803 0.89678 0.178218 0.434478 0.890729 0.349103 0.836323 0.0164478 0.800882 0.910486 0.737207 0.701086 0.776792 0.707272 0.813008 0.601117 0.684589 0.920435 0.949274 0.599813 0.850033 0.292609 0.731435 0.374196 0.954793 0.559197 0.921308 0.161542 0.380389 0.0432182 0.400418 0.234317 0.525536 0.473331 0.999679 0.66474 0.187791 0.0182366 0.988034 0.0397051 0.240426 0.283291 0.853421 0.514519 0.883427 0.921019 0.844773 0.108971 0.941157 0.596725 0.452908 
0.37451 0.760271 0.399928 0.721145 0.547419 0.67309 0.18622 0.425906 0.420101 0.879543 0.00428809 0.473891 0.902117 0.386006 0.877322 0.750005 0.4936 0.838878 0.664965 0.223242 0.146204 0.0200592 0.901621 0.884522 0.713305 0.385813 0.0345016 0.0185509 0.0597798 0.630871 0.595887 0.642862 0.758104 0.987454 0.784759 0.184613 0.773063 0.87535 0.82768 0.0739148 0.431028 0.381393 0.978715 0.717843 0.550403 0.0544222 0.662725 0.410625 0.297699 0.935787 0.491675 0.446114 0.346224 0.663778 0.364237 0.138722 0.422124 0.127807 0.797148 0.0789339 0.422668 0.27738 0.725789 0.365523 
0.93691 0.569011 0.999949 0.405627 0.600629 0.202315 0.919907 0.452975 0.363164 0.208177 0.388526 0.557364 0.39778 0.314335 0.230475 0.0650365 0.930579 0.0284179 0.548562 0.572254 0.271656 0.846428 0.283281 0.52611 0.518794 0.715699 0.847192 0.879914 0.13712 0.799236 0.805539 0.616509 0.284494 0.123374 0.676366 0.96202 0.724131 0.443953 0.36073 0.320031 0.700736 0.958864 0.864286 0.95446 0.980605 0.434442 0.266987 0.724054 0.606174 0.322475 0.628641 0.937277 0.777802 0.582149 0.9249 0.89373 0.924158 0.056086 0.806466 0.95279 0.371155 0.532358 0.953281 0.0129817 
0.499265 0.335335 0.976326 0.645879 0.307091 0.783855 0.875194 0.82888 0.0279555 0.813072 0.126649 0.0982922 0.180617 0.0533408 0.37439 0.0475914 0.890057 0.420089 0.814618 0.325481 0.0110746 0.455498 0.033987 0.558357 0.427026 0.00166293 0.346629 0.886978 0.782854 0.248266 0.383703 0.319141 0.926546 0.398933 0.764145 0.366517 0.720615 0.936902 0.819939 0.709301 0.120795 0.632638 0.571085 0.39461 0.700106 0.0290392 0.074019 0.792599 0.184103 0.560478 0.464123 0.0150668 0.188035 0.247994 0.479112 0.366768 0.597138 0.29758 0.928074 0.247869 0.561649 0.792947 0.355896 0.741581 
0.347726 0.811846 0.242772 0.0977955 0.3117 0.629608 0.295005 0.143477 0.0899588 0.104002 0.0894631 0.314162 0.677299 0.367347 0.062533 0.17149 0.727206 0.880708 0.28448 0.901196 0.957166 0.305797 0.574613 0.630973 0.828689 0.200669 0.388635 0.993438 0.390078 0.0856663 0.592365 0.144641 0.490852 0.988617 0.997273 0.997261 0.314582 0.635046 0.735562 0.498319 0.388895 0.902288 0.180769 0.690609 0.337021 0.57563 0.595977 0.131426 0.2757 0.694961 0.509346 0.695312 0.569612 0.703837 0.954088 0.480064 0.521871 0.00261672 0.550701 0.173901 0.985178 0.485383 0.865105 0.595752 
0.437303 0.720306 0.316098 0.0215099 0.786912 0.204647 0.547545 0.711728 0.329051 0.998873 0.272626 0.653178 0.383921 0.404872 0.987965 0.24871 0.248631 0.689924 0.223987 0.43397 0.966959 0.00342387 0.911688 0.196104 0.61722 0.266347 0.753561 0.73502 0.467044 0.145425 0.290336 0.470891 0.985444 0.126379 0.788445 0.894287 0.488453 0.814679 0.770947 0.756136 0.750087 0.407219 0.743975 0.26734 0.748769 0.136087 0.792399 0.0138026 0.0204913 0.671855 0.202797 0.111036 0.751721 0.434569 0.216152 0.658754 0.153427 0.558736 0.96341 0.851012 0.77599 0.552177 0.331392 0.634061 
0.0121817 0.226676 0.399743 0.350504 0.135087 0.389227 0.375467 0.344697 0.0452108 0.935696 0.0229646 0.12639 0.233453 0.970286 0.18868 0.400934 0.361371 0.735459 0.463444 0.953667 0.062901 0.574967 0.839693 0.41338 0.459586 0.795783 0.324241 0.296319 0.432076 0.599852 0.0719244 0.388189 0.364266 0.0223379 0.371534 0.694527 0.359284 0.316601 0.912208 0.504257 0.806667 0.726953 0.157985 0.0603883 0.63738 0.230046 0.0825145 0.184614 0.480619 0.0199084 0.662409 0.223479 0.73813 0.916977 0.290418 0.904264 0.136676 0.630792 0.342446 0.551634 0.333693 0.410858 0.605032 0.155104 
0.186685 0.0880083 0.518912 0.120221 0.72217 0.979441 0.625841 0.832211 0.846231 0.966008 0.719119 0.735486 0.783998 0.642513 0.234421 0.157559 0.760135 0.451057 0.590425 0.97491 0.170363 0.979622 0.0450277 0.583495 0.27522 0.551089 0.774553 0.537589 0.900544 0.723431 0.0315776 0.717686 0.894262 0.0824596 0.693872 0.213521 0.74798 0.5762 0.634311 0.313362 0.749291 0.699982 0.189834 0.732808 0.767996 0.880853 0.864024 0.379279 0.369636 0.464904 0.99 0.48214 0.273038 0.229742 0.5699 0.531433 0.677916 0.783545 0.705744 0.983259 0.643885 0.655067 0.309684 0.653096 
0.807771 0.173434 0.932012 0.885681 0.12162 0.61927 0.285853 0.99941 0.672837 0.968199 0.934621 0.258969 0.371133 0.161345 0.343206 0.653946 0.720961 0.178306 0.861401 0.165969 0.293091 0.592323 0.13861 0.682807 0.481852 0.961345 0.710196 0.685843 0.039863 0.979261 0.165291 0.849306 0.719056 0.590479 0.337041 0.358822 0.194645 0.214219 0.399247 0.683201 0.499276 0.14814 0.36524 0.273407 0.540408 0.833667 0.703442 0.938996 0.352169 0.049864 0.915726 0.196783 0.432633 0.78246 0.410188 0.388498 0.0570338 0.824567 0.730836 0.923218 0.335971 0.30281 0.258315 0.992024 
0.23947 0.363231 0.918403 0.383866 0.817654 0.848875 0.0748542 0.688618 0.0983919 0.0846408 0.0390433 0.400612 0.834763 0.46098 0.0187757 0.910844 0.924611 0.904613 0.167525 0.0856205 0.0929397 0.749661 0.144658 0.769259 0.00549843 0.754333 0.0652376 0.0284429 0.194005 0.693966 0.164025 0.443449 0.934229 0.680804 0.237866 0.284221 0.669022 0.374588 0.468121 0.403101 0.560139 0.914293 0.0462618 0.537114 0.609778 0.778438 0.761474 0.360961 0.500465 0.150872 0.18482 0.782609 0.523168 0.361406 0.987736 0.888959 0.614231 0.98738 0.834247 0.864226 0.816969 0.0568609 0.963815 0.66658 
0.818875 0.573764 0.175691 0.537622 0.123245 0.967137 0.968615 0.549518 0.421649 0.437662 0.970425 0.875782 0.189342 0.240312 0.807636 0.350062 0.00122782 0.931805 0.606755 0.387159 0.746511 0.548179 0.620349 0.70542 0.254687 0.892253 0.416279 0.0398898 0.751749 0.276734 0.272938 0.488014 0.888271 0.327501 0.427679 0.664093 0.532241 0.2369 0.0518527 0.332406 0.83668 0.551564 0.490485 0.381802 0.392857 0.268592 0.923244 0.0990299 0.750266 0.457577 0.444819 0.279132 0.299192 0.387565 0.999557 0.350705 0.462114 0.198707 0.50353 0.87549 0.154649 0.387137 0.920313 0.00970146 
0.41255 0.607953 0.755545 0.54838 0.658856 0.5741 0.840678 0.178227 0.0296601 0.689188 0.262043 0.296823 0.9295 0.488971 0.678724 0.0780165 0.625549 0.589081 0.217835 0.773217 0.796488 0.29922 0.050958 0.0663443 0.427296 0.0702716 0.979326 0.447661 0.236262 0.803746 0.58247 0.881791 0.414523 0.699453 0.789001 0.0716199 0.91002 0.0148216 0.631395 0.999362 0.358776 0.471761 0.745954 0.992275 0.084839 0.922215 0.636445 0.641699 0.674361 0.192572 0.486917 0.529938 0.47455 0.238076 0.204974 0.413652 0.853591 0.573361 0.629284 0.182721 0.298055 0.310269 0.662056 0.120692 
0.598927 0.715901 0.500856 0.207229 0.326681 0.746891 0.320543 0.0591798 0.425183 0.276199 0.739583 0.127404 0.393586 0.23882 0.986967 0.406532 0.964869 0.8755 0.578963 0.754428 0.313027 0.766887 0.722062 0.372373 0.428992 0.342188 0.436987 0.227652 0.548819 0.765733 0.697603 0.797635 0.216749 0.690761 0.64932 0.129259 0.575313 0.990863 0.55528 0.15894 0.528178 0.820444 0.205046 0.871391 0.889798 0.749609 0.766731 0.484712 0.99841 0.793014 0.975546 0.38973 0.500741 0.702667 0.997471 0.974931 0.19324 0.812201 0.729482 0.30128 0.3152 0.347296 0.300266 0.614377 
0.727192 0.654492 0.52298 0.235476 0.792433 0.935668 0.947718 0.219724 0.803392 0.621217 0.0151867 0.149715 0.778052 0.491219 0.00567146 0.398851 0.332467 0.303705 0.972731 0.615588 0.276381 0.592517 0.772308 0.446917 0.847471 0.0501643 0.238749 0.117333 0.271879 0.602147 0.88643 0.720774 0.22622 0.650581 0.510027 0.616823 0.392416 0.926864 0.372114 0.0090917 0.799923 0.493029 0.0904135 0.806016 0.756977 0.888922 0.535036 0.924895 0.0617648 0.45027 0.259798 0.766459 0.655923 0.713617 0.030425 0.454236 0.530927 0.119759 0.956494 0.402389 0.648643 0.842906 0.839797 0.542296 
0.652461 0.889952 0.899105 0.252384 0.264013 0.356811 0.557573 0.359119 0.132458 0.377088 0.776544 0.668838 0.104438 0.953668 0.250585 0.63581 0.944175 0.844967 0.855553 0.246636 0.208433 0.196001 0.35381 0.784741 0.79682 0.664045 0.0709486 0.0422882 0.208368 0.440615 0.503242 0.418577 0.2953 0.551532 0.897999 0.946532 0.220667 0.795573 0.801125 0.796415 0.0518923 0.679299 0.32096 0.895237 0.984466 0.48891 0.601436 0.913164 0.659595 0.331878 0.523905 0.103967 0.691313 0.441012 0.829673 0.494368 0.330466 0.196284 0.347619 0.633532 0.745034 0.290196 0.523111 0.543069 
0.118019 0.712455 0.776973 0.21386 0.0254588 0.549334 0.984302 0.977476 0.241059 0.469078 0.126222 0.132234 0.212954 0.17659 0.700924 0.969223 0.839792 0.912993 0.836782 0.999969 0.610213 0.920906 0.503621 0.765728 0.555695 0.665921 0.466706 0.0650982 0.189314 0.863382 0.466067 0.471355 0.869505 0.0778883 0.212753 0.523056 0.900656 0.661029 0.296454 0.349721 0.225941 0.975231 0.084263 0.237741 0.377803 0.536995 0.595654 0.613257 0.551207 0.00404609 0.11422 0.390897 0.0902056 0.755075 0.285027 0.83508 0.991574 0.0603662 0.493871 0.671505 0.320943 0.125841 0.569427 0.385481 
0.041145 0.647676 0.463166 0.141393 0.548018 0.754815 0.497403 0.757094 0.604613 0.330489 0.750039 0.960686 0.437289 0.562244 0.121813 0.455289 0.834235 0.899638 0.852071 0.543443 0.674482 0.701643 0.525072 0.300801 0.657902 0.627325 0.282639 0.728287 0.45086 0.0614489 0.695895 0.00694313 0.551775 0.329862 0.542904 0.0520847 0.0287077 0.40061 0.135361 0.456888 0.190161 0.410262 0.881439 0.628394 0.915322 0.876514 0.587092 0.605157 0.505334 0.62644 0.795529 0.363153 0.35219 0.665467 0.708502 0.00940363 0.605968 0.0994465 0.743372 0.511405 0.932332 0.513495 0.176123 0.678771 
0.616056 0.956147 0.819515 0.977434 0.607072 0.524806 0.788154 0.0425306 0.206834 0.983915 0.732478 0.384025 0.748178 0.194089 0.293011 0.0106974 0.778727 0.0306095 0.249895 0.86168 0.184 0.686112 0.206875 0.57891 0.282848 0.0480429 0.0647252 0.623441 0.304102 0.176435 0.131122 0.112169 0.965786 0.433523 0.0775283 0.80515 0.24439 0.59422 0.629315 0.676142 0.613056 0.392494 0.357714 0.18166 0.618346 0.547676 0.550335 0.35635 0.903675 0.652319 0.712721 0.167517 0.0337519 0.256652 0.199345 0.652355 0.32167 0.310239 0.00669976 0.930018 0.740836 0.587468 0.241399 0.0477519 
0.673464 0.80098 0.37004 0.591452 0.184011 0.0402047 0.573116 0.704896 0.487274 0.0794815 0.829663 0.155114 0.0579683 0.511623 0.233782 0.262784 0.765513 0.934478 0.681294 0.128805 0.972066 0.726488 0.046456 0.497921 0.927876 0.998355 0.237501 0.330981 0.595773 0.946759 0.660396 0.651018 0.501225 0.468165 0.314642 0.0759359 0.387425 0.280153 0.33062 0.331257 0.986546 0.466581 0.713195 0.642597 0.544424 0.361464 0.594044 0.462262 0.0613263 0.480103 0.45836 0.432148 0.819413 0.870777 0.252374 0.980457 0.188376 0.505112 0.573036 0.452068 0.488369 0.073143 0.340111 0.9319 
0.399529 0.380102 0.504704 0.798728 0.732769 0.148488 0.0024607 0.329893 0.535012 0.210285 0.701617 0.389062 0.867002 0.0303337 0.610874 0.948913 0.857606 0.178883 0.441504 0.221715 0.0540907 0.497146 0.620949 0.767376 0.0272025 0.420386 0.595589 0.521131 0.057378 0.727743 0.00139881 0.198781 0.885847 0.0663923 0.500138 0.261146 0.601876 0.263394 0.209507 0.104162 0.347115 0.610305 0.589715 0.405708 0.740374 0.731586 0.753332 0.450707 0.180353 0.504994 0.21408 0.950549 0.436081 0.879498 0.348978 0.271158 0.483784 0.871785 0.733791 0.983169 0.729366 0.896101 0.882526 0.449915 
0.562973 0.230272 0.228598 0.119608 0.157881 0.0928391 0.205818 0.334873 0.915749 0.576906 0.986346 0.915401 0.870271 0.107383 0.959971 0.701056 0.687315 0.805731 0.36913 0.331486 0.515214 0.934754 0.9517 0.149797 0.752023 0.157851 0.067203 0.11522 0.852905 0.99312 0.232251 0.894903 0.0152114 0.564761 0.947196 0.621493 0.318675 0.567161 0.629946 0.853321 0.466866 0.44814 0.728016 0.805968 0.453201 0.477333 0.228882 0.190152 0.25783 0.573202 0.883172 0.149433 0.820578 0.926209 0.85798 0.415942 0.153424 0.252798 0.033325 0.333715 0.532573 0.671216 0.655886 0.503795 
0.150635 0.714592 0.251976 0.306386 0.878046 0.184782 0.749412 0.578944 0.727498 0.980793 0.661664 0.51412 0.100665 0.483208 0.464074 0.877501 0.404673 0.645012 0.481294 0.897116 0.236398 0.559928 0.357851 0.644389 0.241683 0.753846 0.68321 0.0173366 0.26289 0.883467 0.897356 0.13974 0.161704 0.966467 0.682394 0.266239 0.923747 0.625959 0.79504 0.913998 0.88524 0.829786 0.364186 0.183505 0.0572442 0.897438 0.123587 0.804146 0.813567 0.212581 0.220398 0.221825 0.537306 0.252785 0.0116851 0.676825 0.677178 0.125615 0.717266 0.58323 0.0912905 0.623982 0.304042 0.214525 
0.572021 0.0780857 0.434445 0.498598 0.932655 0.119319 0.667134 0.515479 0.935071 0.709344 0.611838 0.257765 0.767868 0.318581 0.495085 0.430809 0.774448 0.954869 0.650111 0.136295 0.106321 0.568665 0.729301 0.577773 0.533234 0.549089 0.437622 0.290963 0.152242 0.974653 0.443068 0.914422 0.044436 0.60725 0.76705 0.662541 0.867425 0.431422 0.1643 0.728048 0.367452 0.644408 0.472754 0.547297 0.00806699 0.692787 0.083751 0.991811 0.153764 0.0558187 0.774412 0.698652 0.295749 0.114395 0.359283 0.111204 0.461844 0.0951344 0.821788 0.703877 0.136167 0.326825 0.0522795 0.272591 
0.294049 0.269654 0.126038 0.458207 0.0489244 0.636295 0.953236 0.632563 0.489207 0.965323 0.414271 0.49932 0.43805 0.920797 0.228852 0.516163 0.110277 0.364836 0.684028 0.697482 0.802824 0.868433 0.33438 0.446273 0.599638 0.93387 0.328192 0.0714966 0.527345 0.336473 0.291644 0.776932 0.27381 0.544917 0.438076 0.484216 0.335429 0.953493 0.386207 0.738839 0.0466422 0.3205 0.299191 0.975849 0.484089 0.678368 0.411547 0.0815906 0.216679 0.1893 0.107621 0.444356 0.00223847 0.267297 0.50616 0.580897 0.705661 0.421861 0.652456 0.0476977 0.405812 0.358935 0.0628147 0.286154 
0.63578 0.331121 0.82717 0.742804 0.80418 0.760558 0.0817209 0.0761175 0.564568 0.298621 0.726373 0.526692 0.68814 0.0132837 0.251793 0.322308 0.166884 0.808696 0.563722 0.359871 0.418141 0.456529 0.932506 0.990364 0.55038 0.764078 0.149687 0.481139 0.519206 0.670101 0.984966 0.791744 0.00930926 0.487213 0.554441 0.0103138 0.206989 0.0394698 0.316925 0.708015 0.360141 0.696335 0.855857 0.537241 0.4939 0.213735 0.593565 0.488442 0.112327 0.61794 0.903313 0.0586957 0.0863025 0.238374 0.490799 0.0428018 0.475704 0.443728 0.648997 0.292655 0.502672 0.0103849 0.567436 0.292457 
0.591211 0.241842 0.529708 0.0126347 0.273216 0.306949 0.873002 0.618907 0.0403077 0.969001 0.561486 0.11062 0.851467 0.773234 0.51937 0.776673 0.899746 0.474577 0.0722801 0.175373 0.298548 0.0736721 0.526321 0.773467 0.97877 0.746101 0.692433 0.511 0.313601 0.300456 0.504957 0.177845 0.855951 0.0805756 0.891094 0.566617 0.10946 0.646008 0.451655 0.530316 0.789113 0.0626326 0.307509 0.255665 0.993536 0.949605 0.761824 0.154672 0.532837 0.566299 0.364597 0.618104 0.644938 0.265537 0.204766 0.558995 0.321591 0.838926 0.475749 0.633439 0.328647 0.622369 0.613356 0.545532 
0.244955 0.642172 0.488165 0.394741 0.0209726 0.209314 0.0807377 0.633968 0.109869 0.376794 0.616096 0.801392 0.680244 0.666986 0.817972 0.611516 0.936119 0.204537 0.717583 0.0318609 0.0561282 0.894747 0.432586 0.0322601 0.581212 0.158317 0.92114 0.0974135 0.395965 0.0655092 0.680351 0.464655 0.166641 0.747633 0.0626149 0.694217 0.0612452 0.124192 0.850524 0.621213 0.698364 0.199029 0.862773 0.55729 0.628897 0.661515 0.344968 0.535576 0.0587034 0.198826 0.355634 0.504489 0.225693 0.230946 0.00799352 0.868472 0.241413 0.30504 0.504517 0.716967 0.664778 0.749899 0.137899 0.0690241 
0.318581 0.00496972 0.81255 0.264202 0.23884 0.107464 0.542881 0.496282 0.867345 0.372158 0.191838 0.172273 0.614929 0.323544 0.370433 0.723903 0.505917 0.310315 0.854422 0.0955595 0.853648 0.666479 0.833475 0.393413 0.941378 0.849346 0.0698517 0.772057 0.874302 0.83366 0.760872 0.267086 0.113119 0.782166 0.516135 0.457243 0.617436 0.858638 0.378138 0.973595 0.708828 0.214934 0.837425 0.356548 0.716831 0.50181 0.872151 0.759036 0.881071 0.10552 0.994029 0.464214 0.403265 0.820312 0.25366 0.361102 0.10654 0.70475 0.995417 0.683341 0.188768 0.694439 0.620208 0.307955 
0.0801839 0.905338 0.0384379 0.404252 0.606103 0.285665 0.862964 0.668916 0.594399 0.232568 0.787108 0.701891 0.011682 0.524881 0.760908 0.04145 0.502129 0.373629 0.292572 0.20235 0.0269317 0.620657 0.716771 0.405945 0.298731 0.592 0.872715 0.566214 0.728206 0.583525 0.0802547 0.00903026 0.444222 0.58864 0.751724 0.388973 0.529754 0.021864 0.886938 0.99998 0.939547 0.972448 0.333961 0.848385 0.767682 0.962058 0.116821 0.0248487 0.978313 0.801478 0.609395 0.124005 0.529282 0.368041 0.491344 0.670165 0.467464 0.782142 0.190898 0.190017 0.659859 0.438067 0.974504 0.0679506 
0.12952 0.474142 0.0457683 0.293779 0.455504 0.856551 0.64519 0.518975 0.255649 0.00914493 0.319455 0.68369 0.0561592 0.08059 0.509458 0.936064 0.668527 0.853401 0.929908 0.394527 0.447191 0.827532 0.813581 0.668004 0.520011 0.886396 0.00137987 0.521618 0.44171 0.814892 0.827624 0.9485 0.522469 0.644607 0.6954 0.237966 0.633635 0.888343 0.0269528 0.930097 0.271786 0.623767 0.176487 0.247986 0.815103 0.216275 0.825363 0.396295 0.081012 0.0287715 0.148218 0.103933 0.745346 0.696974 0.26399 0.176481 0.998946 0.182303 0.254463 0.860184 0.48537 0.383851 0.595404 0.239613 
0.750173 0.810706 0.277705 0.821673 0.69192 0.665543 0.68687 0.0376188 0.194434 0.0412642 0.534287 0.840364 0.631839 0.717576 0.897534 0.553238 0.336669 0.619464 0.730894 0.806842 0.626092 0.859785 0.434534 0.429488 0.0658088 0.43132 0.700806 0.393197 0.0391276 0.547075 0.735875 0.188916 0.558487 0.606099 0.447697 0.28906 0.0183677 0.112756 0.851284 0.926622 0.249189 0.528928 0.846924 0.125374 0.507061 0.510967 0.385458 0.170283 0.290436 0.157119 0.495965 0.502742 0.417536 0.1671 0.321852 0.491571 0.383224 0.605319 0.87724 0.134178 0.793383 0.510068 0.957943 0.570158 
0.240958 0.41517 0.0714355 0.697074 0.111121 0.481808 0.314312 0.644027 0.130822 0.833438 0.350948 0.778792 0.638496 0.492685 0.25102 0.240784 0.472602 0.240229 0.807186 0.377207 0.785924 0.934404 0.694411 0.920712 0.362018 0.502579 0.938848 0.0493591 0.247685 0.739642 0.231548 0.103595 0.311722 0.940941 0.980158 0.208715 0.0501444 0.412361 0.129491 0.830683 0.650527 0.939482 0.194925 0.784903 0.280729 0.334178 0.477223 0.219326 0.406947 0.31295 0.917553 0.7432 0.17288 0.563714 0.537892 0.261564 0.250122 0.372192 0.439511 0.664004 0.783972 0.274464 0.850841 0.84436 
0.243798 0.0843155 0.745162 0.899797 0.74123 0.410994 0.433327 0.164129 0.957787 0.454582 0.607312 0.930782 0.497216 0.756983 0.691447 0.747322 0.46603 0.520966 0.0797946 0.233398 0.667916 0.945437 0.890091 0.0677032 0.0731981 0.170284 0.642057 0.458527 0.128381 0.65639 0.982575 0.430449 0.000563838 0.459504 0.0412421 0.47599 0.150268 0.185864 0.555028 0.72892 0.704457 0.208236 0.189513 0.61706 0.46672 0.749899 0.111366 0.132779 0.238107 0.13864 0.624511 0.903082 0.581874 0.0871404 0.485207 0.991949 0.541955 0.519941 0.94397 0.679182 0.330466 0.764814 0.370602 0.000274511 
0.96772 0.480867 0.637843 0.480877 0.520741 0.0158411 0.498305 0.681664 0.660873 0.365669 0.108831 0.355107 0.388498 0.959834 0.0195663 0.631552 0.0547443 0.204398 0.0866572 0.886482 0.667319 0.960468 0.485568 0.481981 0.27996 0.0973457 0.520672 0.877875 0.196468 0.180322 0.0951952 0.0329817 0.307345 0.684241 0.745654 0.297727 0.662638 0.680369 0.262533 0.393997 0.189986 0.264959 0.285222 0.417498 0.55159 0.860052 0.459995 0.779109 0.307254 0.226321 0.498783 0.111646 0.335693 0.0703563 0.801821 0.974857 0.616134 0.575665 0.120574 0.687626 0.571169 0.747999 0.684071 0.831606 
0.403288 0.205015 0.7142 0.750254 0.37511 0.0733635 0.528191 0.47141 0.966854 0.757847 0.688868 0.288169 0.770815 0.0693686 0.893419 0.684339 0.729531 0.662066 0.814628 0.817727 0.341424 0.524583 0.114998 0.639557 0.835063 0.557892 0.616632 0.740972 0.512088 0.288118 0.253967 0.808494 0.296088 0.245512 0.59211 0.236917 0.107868 0.521742 0.335875 0.656386 0.815256 0.859623 0.785872 0.188794 0.833791 0.459026 0.0962313 0.230632 0.0142189 0.872502 0.651788 0.74454 0.238577 0.630816 0.856688 0.278812 0.236415 0.949829 0.394719 0.867785 0.431106 0.421973 0.0672805 0.456547 
0.499637 0.774803 0.749954 0.593137 0.924176 0.656754 0.825833 0.134674 0.140124 0.689246 0.639401 0.605228 0.827669 0.540372 0.598082 0.299381 0.0903365 0.434351 0.0605547 0.631766 0.414353 0.609847 0.110353 0.372709 0.312699 0.119991 0.725173 0.43326 0.777487 0.308852 0.798994 0.38541 0.705793 0.0162593 0.0823796 0.59937 0.768936 0.879468 0.203018 0.13996 0.432965 0.643742 0.37246 0.708451 0.915656 0.31806 0.67743 0.647556 0.103139 0.558319 0.242719 0.176131 0.712504 0.518572 0.0573671 0.683892 0.830059 0.880156 0.14049 0.562503 0.283356 0.0338106 0.564066 0.901463 
