21.553 1110010101110111010000100110001010001101011110011101000111100110000011011101000010000010000010101100
78.1914 1011111100011011100110100101110101001100100100000000000000000110110110110110001000111101000100110000
0.921893 0.659085 0.366282 0.149005 0.201286 0.221994 0.319426 0.36412 0.539013 0.681425 0.53495 0.247494 0.966327 0.151422 0.21896 0.294507 0.34533 0.991335 0.226585 0.975894 0.111812 0.173004 0.799474 0.919972 0.534313 0.0965977 0.117622 0.265079 0.718465 0.170402 0.982811 0.0268045 0.0115646 0.915251 0.883472 0.0814349 0.696754 0.689981 0.983409 0.65458 0.189835 0.815492 0.362507 0.0398644 0.996143 0.680174 0.735342 0.66121 0.327121 0.730466 0.183765 0.452344 0.221088 0.499788 0.713623 0.180612 0.907976 0.108348 0.730516 0.767316 0.332553 0.754618 0.769567 0.60234 
0.595203 0.891726 0.0898974 0.589712 0.60986 0.294694 0.669377 0.876807 0.56793 0.640872 0.209482 0.77005 0.234908 0.71822 0.386885 0.0585909 0.0689629 0.811145 0.312169 0.399587 0.276244 0.371831 0.833164 0.929177 0.246568 0.0145976 0.949507 0.908591 0.076168 0.534074 0.658684 0.976138 0.470532 0.800795 0.57944 0.945348 0.664329 0.0566868 0.297868 0.330387 0.159343 0.0175223 0.808585 0.310234 0.77338 0.144809 0.206005 0.287066 0.589654 0.885537 0.100723 0.794069 0.668832 0.882694 0.0712501 0.133344 0.0623835 0.75895 0.453393 0.17757 0.566833 0.900591 0.762829 0.687992 
0.00949338 0.41399 0.479626 0.231179 0.511658 0.43612 0.622902 0.0554896 0.261989 0.582887 0.561401 0.933206 0.915372 0.862079 0.882801 0.348227 0.279122 0.326074 0.59529 0.785865 0.212531 0.803412 0.0211578 0.259083 0.374184 0.125441 0.773037 0.0423084 0.43965 0.492298 0.734344 0.784599 0.459959 0.22824 0.891069 0.0941523 0.648992 0.308884 0.688538 0.232224 0.542593 0.488084 0.87325 0.132287 0.123831 0.364492 0.528984 0.542788 0.0543252 0.617685 0.136987 0.431388 0.994016 0.305242 0.291452 0.818353 0.426159 0.286423 0.624139 0.162982 0.539132 0.862283 0.719096 0.443272 
0.944362 0.845103 0.978971 0.611274 0.420112 0.360453 0.351666 0.977827 0.227226 0.591895 0.155683 0.51685 0.453813 0.439943 0.854477 0.3541 0.51993 0.966003 0.610563 0.634826 0.552503 0.516045 0.840156 0.105057 0.00778488 0.68918 0.0203805 0.960276 0.434944 0.158489 0.713133 0.942468 0.646145 0.808288 0.817467 0.121391 0.0657595 0.111635 0.564367 0.979747 0.112196 0.0923248 0.1484 0.422193 0.272017 0.0384402 0.852137 0.209435 0.433619 0.434835 0.59784 0.843292 0.0348724 0.116511 0.07133 0.380111 0.373333 0.147542 0.937332 0.728827 0.754152 0.145404 0.961815 0.834855 
0.465653 0.452138 0.509889 0.228089 0.620183 0.639933 0.618865 0.970211 0.451048 0.680301 0.386033 0.637286 0.642001 0.498713 0.817202 0.134942 0.995154 0.12227 0.821381 0.896808 0.60615 0.015587 0.52379 0.585069 0.204358 0.777869 0.0223959 0.379176 0.224543 0.702196 0.896077 0.133937 0.801751 0.255515 0.46565 0.0461204 0.778992 0.249198 0.924326 0.236953 0.993005 0.670404 0.0505348 0.159244 0.500932 0.138745 0.733364 0.35253 0.144507 0.69996 0.945933 0.458516 0.55051 0.75358 0.233213 0.233568 0.916781 0.531613 0.883421 0.694234 0.97954 0.480414 0.0180049 0.208137 
0.307019 0.529709 0.373657 0.638808 0.135386 0.860426 0.713289 0.496662 0.706984 0.622069 0.492459 0.976928 0.608277 0.899068 0.286541 0.943969 0.634174 0.260233 0.301577 0.583529 0.26315 0.310641 0.166006 0.208832 0.970357 0.406459 0.560488 0.867927 0.616149 0.65982 0.733446 0.987216 0.239993 0.870337 0.514706 0.67508 0.318699 0.569112 0.679735 0.710362 0.897615 0.982876 0.0217579 0.21565 0.69241 0.0691227 0.943975 0.38025 0.526756 0.725794 0.120406 0.7783 0.53052 0.0690214 0.506359 0.430452 0.848831 0.930357 0.895261 0.186289 0.676516 0.784388 0.553514 0.778039 
0.135645 0.383065 0.134102 0.199948 0.958023 0.178976 0.592457 0.839195 0.611267 0.0621666 0.380089 0.108474 0.594845 0.863952 0.621311 0.0237794 0.793476 0.228732 0.0817632 0.522546 0.651819 0.817038 0.51161 0.00773953 0.394063 0.763465 0.0469545 0.973871 0.547208 0.197051 0.909171 0.219612 0.891666 0.173508 0.844627 0.178889 0.396406 0.604462 0.699026 0.396651 0.612081 0.347423 0.995996 0.438313 0.815981 0.763559 0.029696 0.999381 0.831264 0.706561 0.637367 0.362358 0.811074 0.423536 0.163342 0.788778 0.232375 0.308679 0.151585 0.689181 0.029681 0.246832 0.526549 0.48943 
0.960547 0.000324333 0.966871 0.515401 0.744785 0.687509 0.991687 0.313577 0.0886652 0.934267 0.612502 0.118376 0.346563 0.784448 0.570431 0.52059 0.990201 0.566146 0.76472 0.658344 0.1074 0.742278 0.345763 0.537004 0.226702 0.293605 0.289919 0.271187 0.177794 0.166392 0.101378 0.663067 0.965177 0.0553326 0.244656 0.54982 0.618545 0.582171 0.304496 0.34857 0.0473214 0.525079 0.517459 0.456915 0.801881 0.448374 0.185953 0.0903774 0.316411 0.894608 0.397909 0.290601 0.221996 0.911765 0.626763 0.26621 0.222885 0.341277 0.822587 0.427669 0.387712 0.474536 0.937619 0.895347 
0.583542 0.299974 0.658953 0.895016 0.171883 0.967013 0.810547 0.931383 0.153104 0.999397 0.142633 0.489455 0.981886 0.785262 0.843257 0.120495 0.109674 0.102362 0.0869419 0.568458 0.773565 0.70351 0.814463 0.321312 0.160443 0.862073 0.884392 0.942586 0.560458 0.0910161 0.778511 0.769003 0.535121 0.693047 0.00367395 0.973477 0.081418 0.99677 0.315975 0.183851 0.808569 0.149785 0.586693 0.809655 0.522598 0.458734 0.538146 0.143363 0.550647 0.940424 0.626616 0.728915 0.26113 0.872055 0.127472 0.00620112 0.809422 0.99346 0.515846 0.85664 0.992426 0.788814 0.431113 0.775008 
0.877039 0.0630688 0.560156 0.341997 0.340718 0.409025 0.601469 0.478258 0.0338958 0.665958 0.240191 0.257214 0.0309155 0.69195 0.0544963 0.538658 0.371131 0.903944 0.427524 0.166333 0.739289 0.205303 0.607421 0.0182069 0.174719 0.374418 0.472589 0.209145 0.860322 0.122453 0.378051 0.788704 0.899085 0.406547 0.986616 0.576978 0.473958 0.19662 0.523354 0.878131 0.419146 0.272632 0.657942 0.122573 0.729736 0.940437 0.908297 0.85 0.536915 0.0982489 0.498329 0.699779 0.895515 0.349023 0.293904 0.0490643 0.0311462 0.245155 0.479798 0.53633 0.120522 0.925681 0.754767 0.187535 
0.372448 0.493661 0.819595 0.363136 0.382995 0.461538 0.892808 0.68664 0.785102 0.721873 0.695451 0.255179 0.382788 0.688407 0.490901 0.451736 0.428472 0.276428 0.439616 0.815711 0.763119 0.741928 0.16724 0.446893 0.740862 0.121964 0.457971 0.877206 0.904381 0.146406 0.144834 0.112337 0.224292 0.799392 0.109641 0.34594 0.239686 0.950179 0.254491 0.752468 0.0801439 0.666614 0.317004 0.695669 0.913263 0.218956 0.756774 0.767767 0.533203 0.104452 0.424075 0.0177623 0.288822 0.605696 0.179448 0.148005 0.833529 0.0133217 0.846132 0.0945483 0.211512 0.997733 0.0900869 0.0592783 
0.307956 0.384482 0.535396 0.22952 0.846351 0.999647 0.868031 0.876341 0.788045 0.169477 0.572033 0.315944 0.302019 0.52358 0.707635 0.729389 0.730316 0.926036 0.580506 0.276692 0.390318 0.491755 0.74073 0.129209 0.107479 0.812149 0.196311 0.628856 0.198852 0.907543 0.665997 0.880494 0.392053 0.938666 0.133661 0.915595 0.474385 0.796386 0.502099 0.27375 0.744481 0.0235216 0.881508 0.00762875 0.307769 0.902967 0.428149 0.770741 0.394255 0.476012 0.777666 0.350562 0.163716 0.074869 0.195918 0.767649 0.59165 0.457613 0.205494 0.943829 0.152468 0.993878 0.326709 0.343401 
0.142233 0.94054 0.830958 0.418633 0.794267 0.622754 0.403937 0.0466169 0.1653 0.592521 0.41773 0.505776 0.8273 0.909016 0.421995 0.64187 0.985536 0.310883 0.223255 0.711902 0.916253 0.451516 0.514155 0.114447 0.489296 0.780445 0.715053 0.711605 0.397698 0.611798 0.593681 0.632305 0.438907 0.867233 0.135018 0.812925 0.779833 0.598212 0.449802 0.895582 0.955249 0.762911 0.840368 0.874236 0.538461 0.829931 0.922244 0.0596422 0.916342 0.504328 0.101787 0.127059 0.941516 0.181524 0.440807 0.247489 0.700735 0.739812 0.188003 0.0935249 0.114826 0.891268 0.0122194 0.788827 
0.4112 0.666312 0.280012 0.796194 0.620952 0.12443 0.239262 0.936449 0.609277 0.239862 0.535347 0.139779 0.99134 0.580647 0.897674 0.670682 0.592789 0.353271 0.122503 0.422349 0.126877 0.86174 0.651165 0.69407 0.683023 0.127727 0.527354 0.755358 0.901346 0.94788 0.110171 0.620261 0.219273 0.330537 0.503915 0.691483 0.942681 0.430236 0.314714 0.270573 0.877733 0.111399 0.754133 0.558547 0.700325 0.766043 0.58244 0.677205 0.810848 0.178294 0.473685 0.180997 0.229051 0.138879 0.858838 0.396181 0.151928 0.401637 0.0295955 0.651111 0.932287 0.827495 0.580303 0.250331 
0.284192 0.944688 0.0388858 0.935782 0.0444932 0.56712 0.411753 0.136173 0.125909 0.254535 0.0790203 0.834908 0.67855 0.0906745 0.826848 0.511986 0.589774 0.451847 0.54718 0.147256 0.944273 0.979163 0.518444 0.365748 0.533659 0.755517 0.705361 0.513896 0.330501 0.611342 0.359623 0.0937038 0.731259 0.0208679 0.234232 0.0635138 0.649585 0.646085 0.329671 0.017731 0.928414 0.114319 0.702853 0.246143 0.752559 0.0188121 0.430739 0.423117 0.623982 0.244077 0.552953 0.594415 0.220652 0.537941 0.400507 0.134068 0.824464 0.998361 0.182014 0.491369 0.217978 0.0796374 0.121509 0.0185125 
0.36515 0.709143 0.902509 0.494307 0.066582 0.282986 0.859275 0.388566 0.713224 0.454723 0.97071 0.343373 0.456961 0.68895 0.277877 0.530843 0.575238 0.824378 0.295909 0.0835041 0.25984 0.0384487 0.757668 0.357903 0.840272 0.909668 0.871587 0.740658 0.379897 0.038051 0.50995 0.471546 0.40547 0.304068 0.614573 0.883317 0.443533 0.560738 0.0527268 0.599993 0.0918712 0.0183957 0.469051 0.778099 0.290347 0.883859 0.418016 0.87029 0.779216 0.25735 0.177495 0.875126 0.701503 0.171932 0.699505 0.0149559 0.209428 0.274156 0.860404 0.188749 0.430942 0.21901 0.361675 0.656501 
0.24821 0.214686 0.193179 0.175183 0.842624 0.250757 0.0906894 0.865265 0.700595 0.417269 0.616438 0.440159 0.86595 0.305379 0.637314 0.258647 0.0408339 0.87281 0.996345 0.790557 0.751787 0.381556 0.39089 0.0491385 0.85294 0.218312 0.402155 0.129031 0.928402 0.288902 0.450251 0.451649 0.426984 0.730474 0.0720143 0.585776 0.778317 0.393847 0.84704 0.81023 0.374765 0.191602 0.499739 0.854416 0.155484 0.95973 0.0881365 0.601423 0.469512 0.0544345 0.129489 0.778786 0.0928923 0.00472911 0.0370279 0.803423 0.254749 0.301019 0.489156 0.689184 0.874663 0.0635174 0.0815239 0.846046 
0.890863 0.0854687 0.197941 0.504206 0.456671 0.738143 0.566434 0.428084 0.00864842 0.101743 0.608285 0.923822 0.898438 0.823855 0.452082 0.737318 0.484994 0.00601627 0.952261 0.270569 0.960854 0.732617 0.637696 0.697603 0.642763 0.0945804 0.555185 0.596495 0.67998 0.87851 0.384463 0.506703 0.480408 0.17923 0.827144 0.294391 0.0807749 0.417532 0.85472 0.939679 0.309884 0.917647 0.820437 0.702155 0.807206 0.912883 0.956777 0.204763 0.140934 0.713293 0.829289 0.840347 0.729496 0.671727 0.717777 0.619046 0.286956 0.558875 0.644663 0.316804 0.72438 0.723759 0.482317 0.0779209 
0.0696467 0.194438 0.367289 0.696991 0.313996 0.0378555 0.988536 0.289633 0.2721 0.29402 0.567241 0.676336 0.828114 0.803126 0.769403 0.877104 0.425662 0.285741 0.0957259 0.621005 0.364335 0.831386 0.144597 0.497871 0.004856 0.137799 0.910313 0.948569 0.543583 0.691954 0.902571 0.988712 0.532311 0.819117 0.98473 0.345042 0.941045 0.249119 0.543469 0.138776 0.588282 0.355455 0.719857 0.0284091 0.413353 0.239603 0.692579 0.227914 0.890008 0.704644 0.859719 0.178187 0.41851 0.393372 0.300522 0.853406 0.566344 0.202223 0.799122 0.968569 0.994752 0.479709 0.631989 0.224578 
0.80493 0.373627 0.0572032 0.579578 0.185707 0.733235 0.662579 0.735436 0.502868 0.128214 0.548039 0.326759 0.703585 0.765411 0.356959 0.782285 0.152651 0.00163535 0.0833223 0.69047 0.682815 0.242072 0.841238 0.0360268 0.609041 0.785054 0.523284 0.0767847 0.829566 0.456277 0.365935 0.386909 0.871504 0.0698039 0.446665 0.187011 0.369271 0.120825 0.250059 0.185281 0.857348 0.668778 0.948201 0.0547615 0.233061 0.817237 0.436153 0.934651 0.93538 0.878166 0.285648 0.196226 0.409753 0.178295 0.532132 0.780173 0.998241 0.940654 0.538553 0.144317 0.822573 0.753487 0.566257 0.382912 
0.563666 0.685252 0.61302 0.925011 0.957274 0.156426 0.895559 0.783029 0.63221 0.141949 0.587157 0.308323 0.154715 0.279376 0.444082 0.819335 0.976267 0.189285 0.476397 0.339343 0.100476 0.437407 0.0131501 0.224553 0.95723 0.747337 0.0994178 0.311834 0.44746 0.0574475 0.976857 0.0982718 0.876554 0.590084 0.46632 0.969657 0.770059 0.497274 0.0414252 0.757975 0.416447 0.982308 0.623918 0.132991 0.662525 0.752532 0.463498 0.418296 0.153115 0.251844 0.69506 0.670931 0.494243 0.715842 0.00369398 0.520016 0.200872 0.713077 0.967535 0.425636 0.988046 0.997025 0.557223 0.181179 
0.313344 0.263228 0.53532 0.0633539 0.961018 0.0866672 0.575931 0.324453 0.0106624 0.0645262 0.354046 0.464731 0.946954 0.48698 0.431375 0.801058 0.210786 0.935152 0.880141 0.123953 0.243809 0.14411 0.890677 0.445327 0.914428 0.871614 0.756838 0.831291 0.781255 0.464803 0.981082 0.575459 0.0486709 0.361144 0.81108 0.739677 0.442015 0.941116 0.966422 0.194398 0.477081 0.845291 0.0526929 0.897289 0.921725 0.812141 0.904573 0.619393 0.492219 0.93563 0.0710771 0.770608 0.838632 0.786378 0.402008 0.174599 0.474801 0.697628 0.694548 0.686644 0.122261 0.812511 0.540784 0.0284786 
0.639823 0.445675 0.979023 0.591411 0.551172 0.802729 0.111682 0.642982 0.315196 0.237675 0.354647 0.901108 0.0945454 0.815837 0.377868 0.772319 0.456595 0.203123 0.44929 0.611454 0.664518 0.352279 0.862838 0.587461 0.772365 0.923004 0.986812 0.455008 0.419349 0.807336 0.516562 0.134003 0.648834 0.311787 0.840206 0.236288 0.299614 0.839551 0.112199 0.902845 0.202453 0.558166 0.426788 0.200967 0.91251 0.752342 0.643139 0.899985 0.60184 0.14499 0.457789 0.838173 0.111172 0.589572 0.0794261 0.0886951 0.50241 0.147223 0.198501 0.736699 0.17913 0.433501 0.802955 0.284189 
0.458212 0.850209 0.141597 0.649834 0.642854 0.883406 0.910266 0.0719634 0.40188 0.693956 0.309674 0.907781 0.581911 0.420444 0.388605 0.63435 0.391583 0.541049 0.265303 0.539093 0.130645 0.224685 0.143505 0.160459 0.842171 0.378518 0.701558 0.765758 0.0192614 0.668832 0.953836 0.474299 0.235431 0.57624 0.509584 0.736037 0.939687 0.843122 0.788453 0.722818 0.655022 0.983882 0.836832 0.489151 0.550302 0.542401 0.461384 0.454523 0.940427 0.551037 0.70183 0.707012 0.890874 0.344342 0.315665 0.0479683 0.304545 0.0262401 0.0631551 0.750882 0.169402 0.318098 0.373914 0.813634 
0.759533 0.953835 0.58016 0.216191 0.816227 0.706176 0.214526 0.589877 0.956804 0.694314 0.336502 0.167774 0.28996 0.361754 0.61996 0.615442 0.83812 0.953561 0.0516342 0.423795 0.572754 0.332055 0.72808 0.811462 0.183457 0.352456 0.0545563 0.370597 0.349871 0.669817 0.916048 0.61324 0.671474 0.143553 0.498655 0.862623 0.245484 0.395029 0.566621 0.042324 0.678808 0.938582 0.176449 0.188507 0.0388653 0.118406 0.618242 0.75461 0.837418 0.866662 0.862055 0.124579 0.54398 0.903082 0.716241 0.162882 0.915692 0.641432 0.793706 0.874221 0.0835987 0.885916 0.298746 0.239472 
0.254662 0.182181 0.628332 0.936773 0.704622 0.124167 0.330097 0.347066 0.212774 0.819931 0.329371 0.0734637 0.39299 0.646514 0.0928879 0.370768 0.924361 0.390416 0.723226 0.271173 0.146364 0.195114 0.248801 0.510093 0.755396 0.74429 0.803588 0.722743 0.87697 0.642542 0.718681 0.0572688 0.160003 0.978228 0.732543 0.0180548 0.92173 0.445329 0.708227 0.808159 0.914915 0.215987 0.69995 0.28261 0.0159838 0.682711 0.986844 0.505275 0.721647 0.111147 0.157192 0.956717 0.656377 0.88826 0.0967029 0.334906 0.197326 0.0774715 0.850819 0.361342 0.669661 0.719256 0.830326 0.847653 
0.288779 0.680624 0.848486 0.912352 0.955007 0.432039 0.552222 0.400557 0.460291 0.320242 0.085746 0.424645 0.973693 0.227391 0.00552857 0.826084 0.428671 0.452192 0.78981 0.873841 0.717834 0.498203 0.931873 0.365534 0.64205 0.586973 0.615804 0.324248 0.148449 0.350783 0.395696 0.873202 0.215399 0.934345 0.054332 0.61217 0.495804 0.403595 0.884701 0.0470312 0.114699 0.844085 0.931355 0.920246 0.0979516 0.851086 0.403093 0.402452 0.387538 0.358354 0.310545 0.286516 0.0753021 0.316499 0.356856 0.892063 0.276632 0.857031 0.458942 0.868947 0.368489 0.37283 0.761582 0.209769 
0.234325 0.622243 0.714167 0.999506 0.855606 0.15943 0.487702 0.576551 0.821066 0.273629 0.442273 0.567823 0.134195 0.571874 0.6111 0.27249 0.105704 0.226722 0.515899 0.897936 0.398265 0.556943 0.559906 0.223756 0.86073 0.271126 0.566919 0.218321 0.614539 0.774247 0.323282 0.187122 0.313784 0.605773 0.1408 0.381865 0.884176 0.0637546 0.184607 0.797486 0.951175 0.73489 0.280347 0.284092 0.834485 0.142919 0.780387 0.546772 0.538162 0.689183 0.877606 0.425647 0.478216 0.673973 0.060483 0.17821 0.744092 0.163615 0.965602 0.814459 0.572912 0.335676 0.727275 0.241894 
0.8739 0.0300589 0.264346 0.244284 0.0266906 0.0177741 0.573229 0.594535 0.75086 0.959829 0.0193628 0.0222302 0.792646 0.129428 0.257103 0.0458637 0.658746 0.94837 0.329187 0.669484 0.0522918 0.274357 0.785948 0.177339 0.744635 0.409997 0.547259 0.0202219 0.472953 0.332388 0.294428 0.562244 0.755747 0.918439 0.717988 0.744574 0.644688 0.0779618 0.235155 0.567483 0.396012 0.44987 0.0927591 0.290786 0.747707 0.051253 0.19955 0.652244 0.299663 0.630926 0.654176 0.830135 0.923251 0.950225 0.571603 0.37872 0.784492 0.566942 0.842222 0.420141 0.342663 0.87109 0.468512 0.691201 
0.352186 0.36938 0.79777 0.503868 0.427527 0.757212 0.969955 0.854326 0.357216 0.973 0.616239 0.980251 0.688773 0.298308 0.622105 0.593694 0.215296 0.196027 0.00493458 0.660121 0.173625 0.817996 0.315725 0.796929 0.0396184 0.735285 0.909904 0.46628 0.468845 0.556437 0.990579 0.974906 0.277841 0.89693 0.201436 0.183061 0.977567 0.390261 0.698035 0.572005 0.99368 0.881444 0.9752 0.589731 0.154063 0.311606 0.732458 0.754276 0.071624 0.574883 0.561356 0.7744 0.963205 0.66164 0.605438 0.790735 0.644255 0.42504 0.231833 0.483775 0.221149 0.757435 0.344071 0.557622 
0.665917 0.579891 0.120199 0.604954 0.610531 0.526274 0.49769 0.657115 0.782506 0.126402 0.763577 0.330465 0.0927835 0.546666 0.366625 0.57369 0.788226 0.287527 0.31913 0.0638432 0.991873 0.485675 0.0298228 0.725786 0.393341 0.886818 0.816087 0.284944 0.342071 0.282563 0.661779 0.528584 0.878938 0.466986 0.763387 0.817343 0.804963 0.118165 0.339582 0.722042 0.683298 0.784203 0.973486 0.812346 0.644939 0.826431 0.284517 0.539638 0.819072 0.594234 0.31265 0.426646 0.785655 0.611494 0.395795 0.848277 0.693993 0.732299 0.814686 0.339726 0.808139 0.834369 0.260448 0.0208944 
0.703809 0.128754 0.812935 0.277 0.930218 0.623148 0.660755 0.110746 0.415233 0.11203 0.805851 0.160543 0.535895 0.557334 0.579813 0.61354 0.322719 0.399015 0.553326 0.584165 0.880287 0.580923 0.779119 0.984768 0.0253749 0.732409 0.179365 0.343752 0.861558 0.858864 0.962011 0.902211 0.666057 0.555331 0.522713 0.880465 0.0926741 0.707853 0.650929 0.815931 0.321705 0.775589 0.55132 0.35803 0.916183 0.918026 0.49824 0.139777 0.293138 0.384442 0.895263 0.35848 0.0196348 0.377153 0.54328 0.0173699 0.565967 0.285523 0.71549 0.673914 0.874825 0.776276 0.987275 0.115241 
0.0889624 0.262632 0.228714 0.650507 0.829735 0.615657 0.546777 0.0913899 0.580777 0.233133 0.703534 0.00328953 0.470661 0.270852 0.0460479 0.974405 0.66092 0.819793 0.230225 0.982742 0.714057 0.0549005 0.672951 0.562208 0.957628 0.563605 0.998441 0.597842 0.321334 0.400121 0.53905 0.256597 0.526712 0.938582 0.413124 0.384693 0.274848 0.518192 0.489284 0.355858 0.881939 0.098012 0.898271 0.656741 0.761714 0.697236 0.092811 0.82201 0.684849 0.93547 0.270543 0.785085 0.821534 0.656429 0.903418 0.668697 0.815279 0.894334 0.220058 0.292488 0.73347 0.130512 0.253612 0.61988 
0.961589 0.653953 0.843393 0.0120036 0.356319 0.140861 0.126364 0.580963 0.0338646 0.130483 0.569398 0.837807 0.689287 0.822267 0.0970775 0.775618 0.609399 0.748056 0.871369 0.526112 0.743145 0.855813 0.547832 0.777407 0.734197 0.791899 0.92758 0.551619 0.409306 0.825588 0.138631 0.110399 0.799094 0.594809 0.341043 0.664715 0.323185 0.82851 0.992497 0.280092 0.994234 0.207519 0.172735 0.637064 0.545615 0.804775 0.965663 0.734627 0.121162 0.954255 0.923225 0.011158 0.232603 0.0640872 0.675998 0.106908 0.668078 0.197456 0.448318 0.162607 0.580157 0.549621 0.254573 0.0601682 
0.471812 0.400381 0.463085 0.528009 0.627554 0.746282 0.575075 0.633107 0.883691 0.468436 0.949854 0.684213 0.369084 0.160186 0.713523 0.520646 0.37451 0.892877 0.890946 0.402624 0.070143 0.832557 0.626605 0.769168 0.231265 0.164333 0.12748 0.399914 0.587068 0.977011 0.823078 0.724364 0.925496 0.567466 0.086762 0.941449 0.684921 0.953318 0.258168 0.731718 0.312268 0.206959 0.545895 0.264035 0.525049 0.559199 0.600284 0.121871 0.568438 0.309255 0.5101 0.633024 0.98272 0.487886 0.296264 0.373441 0.789553 0.810301 0.934966 0.680095 0.913625 0.430319 0.586733 0.419824 
0.699104 0.17544 0.952968 0.819362 0.495014 0.83174 0.996991 0.398752 0.986263 0.782667 0.336288 0.578706 0.594445 0.628473 0.802916 0.805479 0.00305234 0.624958 0.01041 0.223949 0.32254 0.220922 0.881665 0.456514 0.645833 0.616769 0.23896 0.469714 0.234505 0.606508 0.579972 0.00725215 0.306736 0.143056 0.434894 0.887685 0.86851 0.626782 0.555925 0.923558 0.432591 0.0910283 0.930592 0.664787 0.776504 0.876798 0.398315 0.375993 0.300214 0.578529 0.723816 0.7045 0.596579 0.246088 0.747081 0.462238 0.292483 0.898217 0.397199 0.475731 0.294 0.456286 0.566714 0.874121 
0.546124 0.0635146 0.899355 0.0418064 0.884711 0.981736 0.57902 0.988579 0.683847 0.373183 0.0889853 0.932202 0.0615031 0.751645 0.759696 0.407182 0.100047 0.976028 0.525452 0.65328 0.344727 0.528596 0.146553 0.111843 0.636627 0.714325 0.524608 0.511561 0.649868 0.979706 0.738538 0.903406 0.663541 0.813002 0.257382 0.0510518 0.570452 0.369561 0.0419793 0.174697 0.176623 0.751149 0.377409 0.507689 0.635865 0.124489 0.214014 0.0565405 0.686806 0.0124658 0.896971 0.187103 0.301612 0.0553499 0.772136 0.373025 0.144581 0.311732 0.698759 0.592592 0.750691 0.734275 0.437595 0.924994 
0.0792031 0.556764 0.986228 0.892946 0.0287618 0.519691 0.602426 0.515532 0.0411886 0.806521 0.229801 0.391375 0.298896 0.506908 0.796791 0.921404 0.900837 0.0261199 0.827138 0.286428 0.190567 0.0661913 0.531962 0.922695 0.822179 0.36774 0.260312 0.632124 0.7763 0.254554 0.511477 0.879956 0.843856 0.302747 0.33128 0.813043 0.829292 0.324379 0.912683 0.208338 0.558937 0.967521 0.225623 0.348285 0.142651 0.737311 0.934478 0.920701 0.0314757 0.971594 0.916681 0.706662 0.173357 0.942811 0.416738 0.518849 0.559291 0.391272 0.141234 0.0778057 0.71071 0.0655585 0.0918722 0.420578 
0.762089 0.577104 0.326383 0.471384 0.220578 0.41901 0.0872486 0.560694 0.16032 0.522322 0.155815 0.533241 0.957957 0.179047 0.292589 0.0712983 0.391624 0.464535 0.448523 0.654262 0.836246 0.535453 0.867072 0.043693 0.722951 0.976319 0.702226 0.103496 0.636598 0.280143 0.0740795 0.0281071 0.758973 0.532702 0.222095 0.150999 0.323757 0.409739 0.64206 0.896509 0.122461 0.443376 0.678015 0.312002 0.889817 0.0148238 0.229535 0.358105 0.660097 0.447142 0.655374 0.70731 0.536965 0.206862 0.959984 0.839773 0.293738 0.801299 0.48721 0.778509 0.427427 0.805412 0.689577 0.91969 
0.45908 0.319808 0.705209 0.458699 0.248585 0.442935 0.693606 0.564644 0.501991 0.528618 0.461989 0.394959 0.825877 0.946117 0.332098 0.0249968 0.099089 0.00307761 0.913138 0.722352 0.746845 0.261468 0.771369 0.719399 0.698101 0.639256 0.431179 0.0940099 0.318748 0.609004 0.630173 0.166213 0.560443 0.142477 0.583271 0.189099 0.568707 0.804307 0.556917 0.920816 0.514902 0.6044 0.602558 0.528131 0.847353 0.684056 0.993219 0.365769 0.798281 0.0533535 0.367536 0.740218 0.629128 0.0382956 0.106866 0.312176 0.833182 0.8064 0.0798473 0.842618 0.484929 0.840976 0.238989 0.316721 
0.751454 0.887337 0.0005722 0.785726 0.10325 0.0143174 0.777666 0.448038 0.859582 0.598122 0.171156 0.411419 0.435935 0.47294 0.701145 0.256774 0.13228 0.179026 0.142329 0.91055 0.881833 0.035873 0.0584376 0.906763 0.592157 0.428769 0.718353 0.0727525 0.199029 0.804475 0.0552476 0.0676133 0.629125 0.747454 0.41455 0.956614 0.662813 0.822091 0.184723 0.508314 0.090628 0.145659 0.202024 0.842147 0.964561 0.801033 0.377205 0.987201 0.0551796 0.206076 0.178333 0.157216 0.0482467 0.576818 0.0385313 0.405243 0.430733 0.532364 0.548942 0.154743 0.0595914 0.243644 0.101263 0.747146 
0.0105106 0.668481 0.773165 0.270109 0.486852 0.300548 0.613415 0.558034 0.219771 0.112721 0.891046 0.240972 0.0546046 0.551736 0.596448 0.566282 0.629337 0.335107 0.165641 0.231546 0.170436 0.378448 0.553485 0.994735 0.6478 0.643341 0.974139 0.344543 0.0773972 0.286718 0.762027 0.107162 0.819213 0.0415666 0.731639 0.461225 0.168385 0.265286 0.179849 0.851393 0.670987 0.763356 0.109308 0.819201 0.858588 0.46379 0.267403 0.074662 0.803961 0.973094 0.736027 0.792779 0.0497458 0.983913 0.899352 0.745249 0.297431 0.781205 0.811278 0.303904 0.324255 0.431973 0.880279 0.242998 
0.614401 0.75886 0.446916 0.200523 0.664849 0.599842 0.633866 0.791209 0.573567 0.866603 0.419794 0.502118 0.689452 0.00244995 0.028476 0.542949 0.627353 0.84616 0.244027 0.519087 0.552433 0.0993538 0.199184 0.828609 0.526666 0.289744 0.138229 0.213086 0.983737 0.280371 0.313704 0.286023 0.130413 0.246464 0.660066 0.104482 0.564182 0.873563 0.390116 0.936172 0.80183 0.419806 0.717292 0.702099 0.16835 0.61842 0.309572 0.248085 0.503962 0.152362 0.865653 0.886382 0.428409 0.335198 0.83671 0.0974712 0.291593 0.233041 0.296498 0.0330366 0.895047 0.0764217 0.726494 0.798469 
0.206733 0.417615 0.277183 0.811741 0.54952 0.836765 0.0321892 0.892148 0.850727 0.716693 0.789039 0.465919 0.41482 0.119084 0.838642 0.137533 0.872003 0.33186 0.223941 0.661957 0.526679 0.957904 0.866618 0.310602 0.670867 0.0799866 0.890314 0.156583 0.954667 0.922791 0.389281 0.125954 0.822626 0.289012 0.540092 0.946361 0.984312 0.617399 0.707288 0.613089 0.266019 0.581271 0.970148 0.437891 0.164445 0.295724 0.332112 0.702041 0.0465295 0.159092 0.529739 0.410959 0.331451 0.822456 0.901304 0.149934 0.691018 0.932741 0.0713642 0.618699 0.0511344 0.332027 0.788712 0.981997 
0.984946 0.600411 0.367222 0.0370715 0.867649 0.519779 0.623866 0.614162 0.61753 0.76531 0.176953 0.698648 0.18976 0.0829748 0.372069 0.809166 0.594009 0.585313 0.916662 0.350951 0.937862 0.40675 0.73829 0.851859 0.964345 0.752566 0.812832 0.589643 0.27626 0.258692 0.350656 0.457305 0.357707 0.113894 0.471145 0.731698 0.571954 0.188614 0.574459 0.156888 0.642192 0.0618345 0.473763 0.831627 0.736899 0.0130491 0.823697 0.628893 0.0931754 0.573005 0.24035 0.415482 0.95287 0.147695 0.285922 0.239019 0.359822 0.285945 0.959311 0.598348 0.0137201 0.0507915 0.902884 0.546944 
0.9536 0.519366 0.399041 0.732558 0.82971 0.759832 0.819506 0.574589 0.22594 0.868902 0.986335 0.307613 0.628599 0.916959 0.0139441 0.851783 0.769769 0.42577 0.442995 0.111256 0.270495 0.809731 0.142997 0.325057 0.536263 0.512805 0.215961 0.935728 0.435899 0.710599 0.988244 0.0801501 0.305978 0.620545 0.597359 0.240854 0.00913598 0.025215 0.607327 0.109263 0.216358 0.27419 0.520204 0.150209 0.617767 0.0946487 0.464446 0.440314 0.941032 0.233004 0.308529 0.251649 0.49818 0.822935 0.720398 0.424135 0.0963128 0.0165636 0.0661264 0.880156 0.666653 0.0970754 0.084932 0.981237 
0.966744 0.292806 0.331467 0.845048 0.104766 0.636707 0.909077 0.852075 0.615687 0.357145 0.118361 0.010919 0.327479 0.147841 0.108247 0.921431 0.343302 0.552263 0.0735027 0.282129 0.187406 0.180035 0.458381 0.670323 0.24753 0.933976 0.472473 0.112744 0.468103 0.136824 0.107855 0.940719 0.189727 0.600211 0.743119 0.459677 0.140477 0.0454407 0.711355 0.350897 0.357142 0.266098 0.285422 0.326952 0.746078 0.729068 0.134059 0.513236 0.128128 0.707699 0.418761 0.216522 0.295983 0.707533 0.647684 0.959747 0.994352 0.370607 0.240584 0.892325 0.91016 0.882885 0.58866 0.0306886 
0.63287 0.816155 0.667503 0.756028 0.970095 0.78343 0.878694 0.60789 0.281431 0.499524 0.452452 0.773294 0.0419889 0.860149 0.451322 0.702867 0.801712 0.966992 0.363819 0.757324 0.715531 0.0163145 0.994773 0.187084 0.894032 0.108772 0.968375 0.829586 0.890149 0.782267 0.706666 0.534915 0.976362 0.518286 0.03156 0.723597 0.487814 0.502554 0.904498 0.109648 0.415866 0.936074 0.460626 0.153649 0.614667 0.0701824 0.642259 0.629689 0.193678 0.562529 0.275031 0.974713 0.3805 0.161324 0.250218 0.997338 0.660715 0.798657 0.54676 0.234349 0.890425 0.881155 0.768837 0.700429 
0.883976 0.961626 0.527503 0.830132 0.152217 0.00754826 0.499877 0.0819352 0.74144 0.960909 0.156753 0.722186 0.170775 0.721746 0.351515 0.860098 0.295517 0.0173055 0.0235011 0.0888043 0.467837 0.735671 0.279727 0.633303 0.0449959 0.018959 0.591846 0.300806 0.10329 0.27251 0.63716 0.724637 0.936969 0.235442 0.489602 0.233115 0.204116 0.538686 0.967597 0.196866 0.809074 0.857426 0.745794 0.772457 0.584665 0.963545 0.80481 0.207988 0.440636 0.170669 0.650435 0.398886 0.0410585 0.757784 0.495984 0.160738 0.804237 0.726374 0.118488 0.261968 0.863504 0.8569 0.837315 0.372851 
0.891612 0.519342 0.144839 0.161675 0.191423 0.773843 0.754486 0.813491 0.368002 0.59257 0.355345 0.231696 0.304904 0.574478 0.912397 0.627375 0.539132 0.371497 0.192021 0.416312 0.932179 0.197879 0.899346 0.332294 0.111245 0.732536 0.166483 0.622654 0.81507 0.872572 0.680836 0.232644 0.0966075 0.00814651 0.0973742 0.703357 0.765214 0.872747 0.0879986 0.627939 0.577444 0.0797618 0.994777 0.137555 0.944733 0.242163 0.370479 0.319267 0.326744 0.257893 0.681258 0.647551 0.547014 0.82695 0.146793 0.79775 0.545385 0.386732 0.0362063 0.525176 0.251813 0.177322 0.664392 0.263875 
0.76509 0.592042 0.325313 0.164876 0.84689 0.486226 0.940707 0.0916007 0.295294 0.763309 0.587619 0.566066 0.797567 0.872 0.582985 0.101755 0.863731 0.122862 0.216728 0.376923 0.645149 0.168681 0.758373 0.674419 0.0466024 0.990787 0.300902 0.927597 0.127806 0.816353 0.737918 0.0342774 0.626931 0.453332 0.251097 0.238731 0.131838 0.357589 0.278259 0.314219 0.254182 0.00289005 0.777645 0.762028 0.877075 0.824151 0.19111 0.238223 0.739884 0.155495 0.319459 0.316782 0.727863 0.905208 0.78176 0.287191 0.639185 0.23171 0.758958 0.369867 0.474863 0.109211 0.569612 0.172499 
0.457824 0.98254 0.722204 0.107953 0.61826 0.0615096 0.569592 0.801679 0.403083 0.963199 0.90895 0.448326 0.831476 0.714511 0.489871 0.673656 0.317251 0.330453 0.781585 0.201199 0.161541 0.586718 0.357556 0.49875 0.950049 0.641836 0.583997 0.393504 0.200986 0.489737 0.692912 0.415711 0.659583 0.634371 0.859809 0.0325315 0.583943 0.00908186 0.506598 0.159881 0.499869 0.428693 0.765601 0.743867 0.302723 0.365068 0.491456 0.396594 0.513652 0.608506 0.855804 0.0303973 0.0709896 0.963761 0.244146 0.690615 0.963456 0.765247 0.565507 0.839364 0.210774 0.728354 0.498614 0.879663 
0.817936 0.0859823 0.539646 0.213391 0.896958 0.772709 0.663585 0.078686 0.779723 0.275925 0.148364 0.990467 0.354999 0.228589 0.780706 0.060559 0.497784 0.35628 0.658287 0.798213 0.0477043 0.923546 0.812008 0.946629 0.794695 0.558791 0.468339 0.674789 0.608213 0.216929 0.653362 0.584418 0.156375 0.696761 0.385511 0.868685 0.56668 0.895445 0.085414 0.845495 0.426713 0.392794 0.76961 0.25718 0.68362 0.767054 0.487551 0.00794053 0.783159 0.251158 0.212872 0.752222 0.311863 0.9469 0.886012 0.386169 0.647736 0.213154 0.521493 0.997594 0.993378 0.362212 0.965543 0.936388 
0.988866 0.209008 0.786114 0.97393 0.496852 0.256651 0.694394 0.252786 0.357067 0.885721 0.319139 0.571478 0.6784 0.627129 0.850353 0.0572738 0.339856 0.00362675 0.0378932 0.77125 0.6969 0.633863 0.667805 0.299897 0.904567 0.655845 0.876928 0.560163 0.763345 0.866809 0.271999 0.362943 0.423141 0.202841 0.169563 0.516859 0.870162 0.762664 0.512121 0.110757 0.327607 0.0436131 0.347189 0.437628 0.299708 0.528354 0.827506 0.123477 0.225887 0.786246 0.458793 0.490049 0.217878 0.911838 0.286281 0.0875713 0.743192 0.644439 0.538419 0.611646 0.0175005 0.774725 0.453695 0.440349 
0.672582 0.909121 0.350644 0.197328 0.871606 0.721893 0.115032 0.23635 0.0868492 0.15609 0.397424 0.878785 0.876407 0.706446 0.07436 0.380427 0.683595 0.528242 0.0547257 0.553713 0.19374 0.418304 0.870597 0.394011 0.566696 0.64845 0.145285 0.630632 0.713041 0.259317 0.0246061 0.844523 0.49837 0.582667 0.692873 0.6195 0.579701 0.274677 0.00648169 0.723828 0.487606 0.598996 0.0864899 0.496261 0.0601306 0.61291 0.136847 0.668885 0.085526 0.949709 0.465805 0.51065 0.468916 0.621962 0.54488 0.593958 0.194718 0.411413 0.0312757 0.0728326 0.920046 0.732897 0.474616 0.20351 
0.82253 0.654636 0.310105 0.760439 0.684034 0.720264 0.861773 0.593566 0.704881 0.126527 0.263336 0.182693 0.912294 0.2756 0.76789 0.57829 0.445878 0.682126 0.886158 0.190188 0.708943 0.390303 0.62848 0.503853 0.57942 0.688808 0.594877 0.0161912 0.691498 0.353593 0.532345 0.906002 0.730495 0.532753 0.781228 0.378283 0.263695 0.82326 0.272867 0.596205 0.657363 0.060774 0.616898 0.0171378 0.108365 0.828378 0.667799 0.0571069 0.340116 0.637472 0.605215 0.442378 0.940794 0.00105572 0.375622 0.429161 0.403688 0.353953 0.662264 0.157558 0.586572 0.433465 0.122183 0.326875 
0.916422 0.850437 0.119806 0.361315 0.360751 0.243974 0.443505 0.445019 0.726821 0.602305 0.517695 0.82419 0.219434 0.279893 0.321033 0.468016 0.601207 0.258242 0.894372 0.184269 0.256033 0.346181 0.979619 0.179604 0.889361 0.324207 0.99283 0.341031 0.99502 0.553722 0.0450004 0.0422553 0.960219 0.891463 0.346756 0.540229 0.28194 0.167116 0.731008 0.825081 0.475829 0.397443 0.423207 0.426239 0.181077 0.880301 0.00690779 0.824357 0.074907 0.229105 0.855694 0.501933 0.927993 0.427278 0.297995 0.591384 0.923495 0.45795 0.713674 0.845451 0.829832 0.966915 0.480804 0.353474 
0.980256 0.62618 0.218696 0.747567 0.790489 0.986601 0.0855942 0.645641 0.627268 0.0831873 0.850366 0.708176 0.239297 0.926614 0.645158 0.968875 0.492622 0.457871 0.198553 0.343063 0.759532 0.7977 0.942036 0.0242769 0.448486 0.631053 0.444201 0.275197 0.0967379 0.449207 0.781827 0.196008 0.396812 0.213068 0.959635 0.94988 0.15407 0.125263 0.546942 0.568504 0.692297 0.822407 0.217475 0.934507 0.639362 0.886477 0.660057 0.951816 0.680509 0.302198 0.796282 0.125626 0.274793 0.181132 0.544995 0.707715 0.682851 0.469761 0.0796689 0.585156 0.665539 0.139623 0.93237 0.324369 
0.229836 0.549788 0.205298 0.978662 0.063414 0.885391 0.989377 0.725913 0.598218 0.521179 0.426408 0.244918 0.235228 0.799392 0.525496 0.90146 0.137427 0.616241 0.750298 0.276251 0.648537 0.666436 0.420851 0.524828 0.446966 0.134682 0.761965 0.2661 0.748567 0.220287 0.429265 0.134802 0.563264 0.181923 0.827801 0.638141 0.955485 0.867928 0.573558 0.736203 0.283541 0.151932 0.702433 0.942226 0.570524 0.335678 0.713345 0.513252 0.139794 0.100525 0.0686625 0.538588 0.568602 0.605612 0.954356 0.237414 0.942527 0.786101 0.775518 0.540551 0.734117 0.0424779 0.17969 0.807968 
0.0435715 0.309886 0.98361 0.405771 0.789832 0.282585 0.636487 0.083019 0.366897 0.373911 0.0571636 0.869289 0.140107 0.996545 0.699557 0.634498 0.213342 0.859808 0.371605 0.880698 0.754297 0.751934 0.271615 0.163798 0.679174 0.422002 0.0208743 0.736619 0.319752 0.326006 0.92859 0.622357 0.780818 0.563103 0.774288 0.116687 0.401981 0.335491 0.799724 0.01572 0.123161 0.448435 0.737554 0.75502 0.23259 0.708467 0.472713 0.469298 0.819073 0.867994 0.205547 0.760683 0.292419 0.156722 0.447138 0.370391 0.504515 0.410239 0.348467 0.965083 0.924026 0.18074 0.217959 0.675675 
0.695574 0.203731 0.516458 0.670383 0.227501 0.375779 0.866684 0.750749 0.935477 0.737368 0.195858 0.807559 0.253199 0.637694 0.418376 0.113994 0.646725 0.853365 0.14445 0.8599 0.222242 0.0784466 0.0464728 0.38136 0.0858242 0.873175 0.116594 0.850416 0.766491 0.390282 0.116679 0.0233717 0.780562 0.481403 0.939638 0.770963 0.945259 0.486938 0.700464 0.241447 0.311667 0.403962 0.844124 0.0452676 0.804005 0.745588 0.285859 0.438224 0.826545 0.42005 0.163204 0.36995 0.899669 0.265521 0.381611 0.396679 0.289145 0.895901 0.874297 0.372018 0.767444 0.299719 0.744531 0.700195 
0.925497 0.387575 0.973774 0.526485 0.606327 0.673314 0.702507 0.37857 0.824309 0.743877 0.119239 0.330219 0.249075 0.476652 0.63558 0.133759 0.41 0.752972 0.955624 0.399031 0.168447 0.135975 0.178417 0.53551 0.866836 0.096878 0.215143 0.829483 0.953588 0.691727 0.241278 0.50093 0.898216 0.277665 0.21446 0.661976 0.808109 0.154128 0.326884 0.625027 0.70413 0.845826 0.674634 0.959577 0.128262 0.306493 0.641394 0.0676253 0.508591 0.896155 0.450611 0.206485 0.000366963 0.402441 0.460316 0.638719 0.822478 0.0401534 0.0505654 0.32536 0.0507298 0.771243 0.301785 0.178491 
0.112402 0.695829 0.519125 0.198053 0.398882 0.346028 0.00503709 0.750461 0.0718438 0.401521 0.0420896 0.0060394 0.704003 0.486681 0.351793 0.709375 0.19416 0.567619 0.857314 0.9921 0.513433 0.649343 0.0507867 0.534236 0.414829 0.686671 0.661643 0.185661 0.432882 0.889992 0.478221 0.648355 0.05606 0.596137 0.589376 0.90929 0.813439 0.849496 0.593769 0.0702101 0.359907 0.86056 0.335325 0.902067 0.40432 0.328159 0.535625 0.21245 0.168611 0.148299 0.756805 0.556009 0.149587 0.367133 0.716661 0.732429 0.364688 0.884338 0.507775 0.964625 0.0951689 0.34207 0.938481 0.087251 
0.287327 0.104793 0.0109841 0.0179256 0.473325 0.413557 0.689683 0.941177 0.154098 0.975662 0.157971 0.65066 0.639242 0.948341 0.714858 0.205598 0.4509 0.308561 0.792167 0.934014 0.414989 0.249266 0.687942 0.268291 0.881918 0.948547 0.702584 0.760438 0.409229 0.252067 0.540314 0.239184 0.582803 0.0643603 0.0175444 0.444837 0.204382 0.238782 0.0448699 0.945277 0.872907 0.366997 0.975191 0.723492 0.517055 0.316836 0.0692204 0.750698 0.796679 0.252534 0.536095 0.0831607 0.0607361 0.825065 0.319383 0.902174 0.144069 0.225503 0.840281 0.467015 0.286407 0.162511 0.81325 0.032086 
0.657194 0.862182 0.0987992 0.625226 0.742381 0.325883 0.917465 0.192301 0.870922 0.180515 0.873902 0.571799 0.540899 0.7565 0.182569 0.0391817 0.430154 0.695498 0.557571 0.860846 0.788588 0.127393 0.599305 0.538865 0.974715 0.267407 0.619862 0.167183 0.0818853 0.080403 0.351278 0.931369 0.382667 0.164593 0.226734 0.965344 0.775178 0.774658 0.777565 0.572726 0.126781 0.973846 0.243411 0.794069 0.617091 0.0934244 0.467686 0.506757 0.879908 0.902237 0.506832 0.467184 0.860891 0.383476 0.840023 0.693641 0.350221 0.268394 0.735089 0.561401 0.901153 0.534414 0.132662 0.734849 
0.466004 0.0618815 0.496973 0.841968 0.512342 0.831489 0.10388 0.983018 0.0879604 0.019543 0.873479 0.248283 0.790647 0.135277 0.394513 0.350376 0.981346 0.709412 0.219432 0.252431 0.409658 0.925381 0.752326 0.352992 0.185314 0.814348 0.960042 0.903345 0.833895 0.858613 0.521229 0.65903 0.573959 0.595778 0.0353197 0.226972 0.851967 0.141371 0.904851 0.391776 0.329768 0.838625 0.490648 0.503441 0.711771 0.692758 0.519148 0.183007 0.261349 0.702595 0.988411 0.913145 0.461812 0.494808 0.225706 0.8385 0.743357 0.0592296 0.750792 0.747609 0.479196 0.0493554 0.231348 0.573261 
0.178226 0.0787059 0.0646396 0.801682 0.773082 0.627378 0.281714 0.45771 0.312285 0.993013 0.489436 0.21252 0.305358 0.157421 0.64769 0.0332358 0.0292185 0.332155 0.367569 0.139894 0.913407 0.625213 0.980252 0.588177 0.825664 0.258918 0.124758 0.59871 0.499081 0.596743 0.745215 0.726048 0.904792 0.546656 0.836732 0.535637 0.680799 0.197903 0.123226 0.300133 0.864804 0.172903 0.401206 0.112843 0.449436 0.600156 0.789668 0.216674 0.236512 0.873072 0.0503997 0.457644 0.366292 0.265558 0.159903 0.318779 0.288114 0.0199656 0.205498 0.450647 0.368135 0.845963 0.204482 0.491456 
0.0827966 0.941329 0.197339 0.416055 0.376888 0.578242 0.524958 0.859172 0.321325 0.317738 0.386518 0.110761 0.446076 0.98684 0.976798 0.70671 0.695948 0.743617 0.860081 0.474133 0.24437 0.112097 0.59421 0.181087 0.717215 0.449505 0.100041 0.532308 0.452881 0.645066 0.93373 0.853729 0.392097 0.158807 0.116308 0.224884 0.569599 0.256256 0.252278 0.192025 0.484429 0.0933928 0.630369 0.662786 0.28234 0.375279 0.560837 0.411297 0.967859 0.383631 0.786886 0.498436 0.454565 0.809109 0.731844 0.641543 0.995611 0.498965 0.0657965 0.137736 0.721867 0.889468 0.744095 0.453193 
0.515382 0.543966 0.449197 0.494971 0.414944 0.206235 0.175544 0.334704 0.439568 0.872838 0.938271 0.00852883 0.273598 0.163635 0.505076 0.54586 0.818286 0.181742 0.333194 0.976732 0.602688 0.238348 0.797775 0.235572 0.971402 0.349304 0.961617 0.868778 0.917585 0.121514 0.723556 0.403391 0.339237 0.153082 0.622332 0.555451 0.528413 0.18938 0.454073 0.404666 0.970425 0.113742 0.770438 0.804747 0.82277 0.892373 0.819315 0.220414 0.0320688 0.938054 0.29057 0.831607 0.339681 0.592296 0.160883 0.154472 0.768538 0.643336 0.322443 0.866705 0.51564 0.571561 0.93519 0.561845 
0.653672 0.453718 0.178376 0.945959 0.898709 0.586393 0.307341 0.258579 0.0783601 0.427574 0.671562 0.162558 0.483063 0.247111 0.767817 0.840242 0.385186 0.958208 0.582553 0.944318 0.920969 0.98886 0.558785 0.918617 0.0118341 0.0148522 0.882559 0.744905 0.379927 0.911534 0.579775 0.220324 0.823586 0.981988 0.658523 0.10418 0.769978 0.871813 0.503912 0.393126 0.452663 0.00996766 0.00675204 0.306337 0.217572 0.0355021 0.231597 0.828286 0.158074 0.724563 0.326346 0.635455 0.961732 0.120022 0.116338 0.416046 0.582878 0.838245 0.86878 0.458889 0.2282 0.942755 0.208894 0.611668 
0.0751388 0.70762 0.510403 0.480967 0.266129 0.888443 0.756186 0.072679 0.605956 0.256189 0.453257 0.302338 0.729911 0.00966424 0.359024 0.24205 0.113562 0.335996 0.415173 0.768599 0.747861 0.490232 0.645295 0.285822 0.795774 0.130347 0.128749 0.285702 0.246438 0.114929 0.625147 0.587611 0.0696101 0.564949 0.790309 0.746372 0.182713 0.651336 0.873475 0.554814 0.523377 0.27946 0.592946 0.559994 0.649253 0.472145 0.506273 0.686003 0.820328 0.204656 0.0604127 0.251024 0.910216 0.337114 0.815053 0.722269 0.116425 0.301172 0.24303 0.376069 0.847122 0.533869 0.742993 0.677198 
0.528388 0.0302956 0.747381 0.992322 0.13093 0.232795 0.529364 0.199048 0.713135 0.860169 0.998805 0.790991 0.399743 0.450368 0.925887 0.609785 0.876459 0.961295 0.236768 0.678135 0.725888 0.918747 0.590171 0.773087 0.656155 0.280105 0.565071 0.653018 0.70867 0.831141 0.150136 0.154071 0.245362 0.122266 0.265059 0.177912 0.59469 0.932396 0.27827 0.132837 0.0444275 0.457166 0.131555 0.50853 0.938551 0.602093 0.077447 0.384024 0.55513 0.229955 0.832887 0.50355 0.595841 0.364215 0.609879 0.807179 0.567579 0.630477 0.149198 0.868578 0.799596 0.182593 0.687503 0.226519 
0.0273639 0.318038 0.795903 0.272857 0.338028 0.644537 0.702227 0.636976 0.576343 0.907019 0.732667 0.753988 0.032834 0.349475 0.697325 0.185392 0.0651878 0.769459 0.375005 0.137399 0.68115 0.0022776 0.676188 0.0617215 0.821434 0.410685 0.920989 0.4065 0.285825 0.408026 0.757494 0.573082 0.20918 0.465744 0.703239 0.0831448 0.667942 0.861762 0.104735 0.875268 0.682396 0.637695 0.0373697 0.194344 0.334226 0.224433 0.686452 0.647758 0.856689 0.890775 0.579526 0.196825 0.228104 0.0774434 0.836055 0.22343 0.88205 0.480889 0.196383 0.961906 0.880309 0.2312 0.271937 0.0678591 
0.3146 0.139183 0.935535 0.250618 0.348458 0.843571 0.619184 0.76077 0.247895 0.478572 0.259829 0.0863604 0.602842 0.17681 0.950882 0.838163 0.387929 0.0494735 0.2656 0.811675 0.663643 0.430112 0.929902 0.558834 0.623922 0.545169 0.108341 0.874082 0.478596 0.54551 0.0311176 0.124169 0.49854 0.564808 0.216864 0.553916 0.51336 0.219237 0.593378 0.451533 0.195872 0.477233 0.162521 0.219142 0.00206204 0.180633 0.402156 0.745118 0.141997 0.81024 0.579022 0.267892 0.257341 0.74981 0.649841 0.809856 0.510237 0.173546 0.573005 0.118629 0.417181 0.760329 0.703434 0.0281356 
0.377108 0.610735 0.471502 0.547446 0.101611 0.905909 0.711028 0.629015 0.80639 0.852892 0.273191 0.637601 0.607294 0.0664743 0.827425 0.676544 0.0838561 0.74928 0.0897022 0.739713 0.0274928 0.959059 0.736702 0.583123 0.6158 0.0159942 0.871713 0.658726 0.515137 0.699017 0.718408 0.139924 0.587087 0.448384 0.754822 0.75342 0.703599 0.290383 0.398586 0.890181 0.0235735 0.303863 0.543633 0.88304 0.188696 0.499544 0.271855 0.510764 0.819526 0.00216976 0.37302 0.565412 0.715586 0.389286 0.235592 0.977851 0.258833 0.137693 0.691782 0.795145 0.0122956 0.876387 0.210671 0.0938186 
0.35518 0.20003 0.0498573 0.97771 0.567944 0.0764413 0.256693 0.334795 0.793743 0.319012 0.620648 0.344143 0.564135 0.0830171 0.367344 0.694349 0.910381 0.406154 0.860915 0.954674 0.917112 0.579271 0.259191 0.218813 0.365009 0.426097 0.0386523 0.954841 0.809248 0.172385 0.937974 0.655028 0.127258 0.0425633 0.515013 0.43034 0.104005 0.0525336 0.684607 0.270757 0.0594017 0.0346251 0.973073 0.0527517 0.268744 0.749255 0.299094 0.798641 0.697 0.808969 0.794407 0.848327 0.0623698 0.455644 0.853579 0.840498 0.0618954 0.0602064 0.603888 0.65063 0.502018 0.502051 0.699895 0.17287 
0.483397 0.138362 0.143268 0.130761 0.016665 0.80626 0.275609 0.734303 0.97885 0.620335 0.542974 0.433156 0.466562 0.0199214 0.133183 0.76007 0.438669 0.151015 0.399257 0.25254 0.985523 0.256292 0.578636 0.376373 0.887722 0.165081 0.312721 0.258601 0.434414 0.373041 0.905422 0.674616 0.461191 0.0262687 0.189979 0.182607 0.699917 0.910839 0.822347 0.48471 0.354213 0.879083 0.334257 0.140855 0.148895 0.889629 0.734327 0.952237 0.0659422 0.400279 0.332528 0.683762 0.893422 0.31074 0.762037 0.196749 0.00654775 0.995071 0.475661 0.0557012 0.220828 0.0776062 0.208192 0.602387 
0.443894 0.268471 0.463444 0.586439 0.0799351 0.422698 0.0866004 0.85416 0.565409 0.757064 0.89887 0.92162 0.931469 0.435173 0.412584 0.0991768 0.609934 0.576078 0.766182 0.536801 0.162153 0.85212 0.417763 0.456939 0.636897 0.192911 0.652824 0.495679 0.116496 0.311093 0.67107 0.380945 0.546993 0.972882 0.459132 0.633606 0.241552 0.968992 0.250225 0.585508 0.959404 0.0211834 0.696108 0.899953 0.905702 0.650243 0.691484 0.02217 0.54878 0.962492 0.976687 0.00885224 0.396349 0.995924 0.635827 0.112941 0.364723 0.481564 0.454709 0.488502 0.340977 0.438378 0.217659 0.102908 
0.338605 0.69634 0.346493 0.87339 0.0263305 0.230169 0.0333765 0.1428 0.00354256 0.0194983 0.15865 0.33629 0.151339 0.983775 0.161761 0.816441 0.357725 0.618895 0.364044 0.323888 0.181365 0.390028 0.283114 0.13039 0.0507033 0.165271 0.02447 0.272217 0.960011 0.980147 0.957622 0.248912 0.315942 0.554079 0.960401 0.653201 0.695674 0.328743 0.076711 0.128514 0.739585 0.656487 0.272805 0.342401 0.320931 0.275594 0.41639 0.0243692 0.729523 0.405956 0.140932 0.727414 0.834769 0.743676 0.860254 0.28681 0.922017 0.351039 0.177511 0.696774 0.165677 0.312789 0.229536 0.407476 
0.520543 0.383167 0.836342 0.304475 0.981368 0.347819 0.590087 0.852059 0.385316 0.97884 0.838984 0.196587 0.912126 0.228785 0.420703 0.516166 0.116019 0.519377 0.922769 0.358283 0.747898 0.744983 0.0761751 0.117864 0.685894 0.486435 0.970174 0.971799 0.684649 0.676389 0.439627 0.627918 0.591611 0.00106306 0.550191 0.615426 0.353009 0.00494358 0.994523 0.0433375 0.759226 0.105817 0.808696 0.277623 0.645551 0.940937 0.181664 0.640899 0.69359 0.709894 0.761266 0.0419547 0.0710873 0.922926 0.681467 0.586389 0.281928 0.428832 0.171435 0.475187 0.503875 0.997024 0.998013 0.553693 
0.721524 0.256657 0.449756 0.879544 0.609647 0.971903 0.767587 0.470066 0.646525 0.782313 0.0575257 0.871028 0.419751 0.512257 0.146128 0.820114 0.525245 0.123799 0.306686 0.0716379 0.78173 0.561462 0.828888 0.488913 0.508688 0.478088 0.126943 0.662303 0.973829 0.624543 0.858355 0.196151 0.638849 0.341881 0.277561 0.24387 0.851581 0.888208 0.347713 0.58384 0.340962 0.641538 0.183874 0.511996 0.725534 0.317918 0.404958 0.834215 0.0907668 0.751834 0.350475 0.463572 0.484302 0.254092 0.896728 0.59096 0.621655 0.116704 0.233969 0.761502 0.163809 0.0320127 0.864446 0.654139 
0.387426 0.130989 0.513536 0.24407 0.880401 0.269741 0.757791 0.656121 0.671567 0.385428 0.436583 0.997482 0.694982 0.680918 0.260601 0.741648 0.229211 0.9649 0.404108 0.389699 0.846435 0.787316 0.713302 0.873741 0.85211 0.496655 0.975099 0.117213 0.0435135 0.868565 0.996065 0.358165 0.230836 0.614336 0.171648 0.792948 0.299727 0.17421 0.839542 0.251879 0.0122589 0.687722 0.771983 0.287052 0.600901 0.580985 0.0675296 0.531894 0.395565 0.0697956 0.103444 0.258375 0.280396 0.903109 0.5667 0.208495 0.970581 0.926843 0.942098 0.81789 0.00681881 0.407747 0.79306 0.618084 
0.401177 0.848807 0.0101776 0.810586 0.890245 0.0874295 0.438383 0.0916775 0.211249 0.57905 0.231038 0.256587 0.601015 0.476567 0.485271 0.727624 0.463701 0.782359 0.442821 0.72439 0.716352 0.0199682 0.165627 0.306098 0.263871 0.246378 0.685324 0.669944 0.555211 0.953418 0.441138 0.640039 0.863647 0.414229 0.575019 0.0736112 0.109451 0.00174755 0.963223 0.982944 0.385415 0.554884 0.552721 0.721249 0.0542828 0.333666 0.336212 0.354585 0.746586 0.32014 0.439552 0.0255166 0.722351 0.901104 0.512306 0.637686 0.703466 0.437328 0.703099 0.533075 0.177496 0.842204 0.188409 0.962519 
0.55537 0.465572 0.61921 0.664858 0.0509684 0.989911 0.64987 0.96048 0.498298 0.430617 0.885352 0.748348 0.432445 0.165654 0.947201 0.566757 0.43454 0.747419 0.894938 0.0646605 0.557377 0.959574 0.108908 0.862263 0.909159 0.428904 0.00504349 0.0876678 0.603771 0.265358 0.546649 0.146002 0.945845 0.198323 0.427122 0.694497 0.757523 0.257289 0.924673 0.575855 0.831772 0.33744 0.0354095 0.852291 0.326038 0.321192 0.519738 0.383778 0.570801 0.96037 0.0765852 0.801311 0.635555 0.722087 0.433443 0.0212017 0.337052 0.153183 0.514201 0.54004 0.636494 0.324196 0.571446 0.788206 
0.0788239 0.814974 0.70561 0.920782 0.135074 0.936642 0.692858 0.158932 0.281695 0.90264 0.454242 0.540874 0.665958 0.000874684 0.471495 0.95559 0.0282485 0.328332 0.788572 0.70722 0.131286 0.393507 0.638075 0.0555549 0.333109 0.393107 0.463852 0.702351 0.438965 0.732633 0.363402 0.98947 0.310527 0.0537862 0.329027 0.497233 0.959806 0.483327 0.752689 0.0900069 0.194596 0.888836 0.179841 0.673366 0.14935 0.549777 0.460171 0.743455 0.584441 0.798836 0.77147 0.715764 0.628625 0.627728 0.653357 0.299552 0.431745 0.936734 0.657284 0.116312 0.947107 0.657853 0.331624 0.748347 
0.568161 0.548332 0.553381 0.558678 0.197528 0.887332 0.229692 0.896069 0.046447 0.446858 0.553132 0.218331 0.27468 0.118717 0.993201 0.114977 0.158918 0.965375 0.216518 0.704317 0.179424 0.704463 0.338455 0.781705 0.958362 0.798722 0.599675 0.205795 0.479293 0.658448 0.197837 0.13738 0.465784 0.389977 0.25055 0.666706 0.682043 0.553439 0.903803 0.752103 0.922205 0.500756 0.679076 0.585302 0.722183 0.282048 0.243811 0.401238 0.22018 0.98111 0.924618 0.926807 0.325089 0.455893 0.371311 0.240242 0.888985 0.103127 0.266882 0.983022 0.0835355 0.0653306 0.120686 0.292244 
0.0594902 0.881184 0.012119 0.260568 0.567277 0.711906 0.853495 0.351057 0.694535 0.131595 0.658311 0.302387 0.422854 0.178784 0.376146 0.703707 0.00303006 0.737555 0.721488 0.325733 0.72595 0.377551 0.875943 0.985933 0.272364 0.223524 0.521225 0.872031 0.745712 0.957088 0.380707 0.123489 0.148504 0.726605 0.903594 0.130885 0.552517 0.460397 0.110588 0.967185 0.286889 0.451815 0.0895328 0.277739 0.274093 0.400208 0.547136 0.731111 0.756646 0.150112 0.428922 0.744094 0.918641 0.0207996 0.0040475 0.186969 0.709051 0.426619 0.950945 0.773839 0.91063 0.137013 0.603167 0.435344 
0.320529 0.251221 0.397183 0.913131 0.519651 0.853126 0.534396 0.177815 0.299115 0.301984 0.273887 0.317452 0.201897 0.820666 0.89956 0.532413 0.516614 0.43614 0.751114 0.749058 0.464922 0.320105 0.798474 0.378143 0.0308207 0.548373 0.885667 0.266869 0.240044 0.0445026 0.115839 0.218937 0.19691 0.616887 0.944326 0.0285726 0.410844 0.959925 0.769268 0.175442 0.114255 0.677022 0.760487 0.812996 0.646504 0.67737 0.350064 0.642326 0.194061 0.693418 0.264883 0.275306 0.79837 0.442461 0.476694 0.652727 0.29952 0.285501 0.495077 0.891852 0.670574 0.363682 0.0837171 0.7455 
0.8432 0.193728 0.19025 0.245178 0.767581 0.486004 0.0326342 0.929216 0.743212 0.44852 0.875654 0.247868 0.905187 0.353881 0.585957 0.708752 0.21306 0.911768 0.408222 0.0869512 0.428773 0.343756 0.178191 0.0925326 0.983378 0.0146849 0.557739 0.00329089 0.817329 0.713453 0.421013 0.431972 0.999975 0.513145 0.0282996 0.0883456 0.175034 0.734484 0.0828464 0.190624 0.526905 0.820061 0.20361 0.410568 0.306888 0.882617 0.823638 0.829834 0.923739 0.904198 0.811707 0.802994 0.499406 0.371365 0.162908 0.09099 0.33751 0.0274899 0.878337 0.850566 0.00517742 0.164538 0.0920278 0.94888 
0.784506 0.4347 0.911017 0.553155 0.768592 0.0249913 0.744796 0.725255 0.759874 0.865105 0.779146 0.0567053 0.708041 0.105981 0.147533 0.34522 0.127647 0.313251 0.0033717 0.0521825 0.551353 0.871314 0.999519 0.543165 0.890563 0.449666 0.415261 0.73727 0.126058 0.244439 0.787879 0.898211 0.798615 0.151167 0.282538 0.208637 0.576328 0.222493 0.458442 0.446265 0.471644 0.125959 0.0577315 0.165287 0.19548 0.12862 0.819201 0.702803 0.970843 0.722178 0.157431 0.0569709 0.436096 0.757867 0.439734 0.559685 0.909145 0.632191 0.190332 0.115483 0.0631131 0.392946 0.303172 0.245214 
0.26474 0.281267 0.867578 0.538377 0.526173 0.45504 0.567658 0.181559 0.49739 0.13744 0.348507 0.0576546 0.858793 0.502112 0.201192 0.877375 0.682251 0.895662 0.95725 0.994682 0.635619 0.737892 0.51516 0.377856 0.925214 0.797607 0.312553 0.967064 0.569005 0.659917 0.238394 0.227336 0.0291943 0.70361 0.319267 0.0750573 0.572908 0.326564 0.146321 0.49701 0.766593 0.253571 0.139564 0.0387768 0.984548 0.66914 0.460402 0.507739 0.478926 0.150913 0.723537 0.182236 0.834241 0.173813 0.509883 0.425884 0.159962 0.901386 0.0632415 0.887497 0.133323 0.0653705 0.136813 0.117255 
0.211501 0.68348 0.0590714 0.782618 0.469823 0.387708 0.140045 0.155548 0.208543 0.21227 0.59324 0.121952 0.690183 0.853625 0.191578 0.685623 0.343745 0.788585 0.655963 0.580189 0.530527 0.642705 0.613023 0.914615 0.604164 0.88995 0.949582 0.475725 0.158574 0.0650356 0.104573 0.636797 0.818514 0.774457 0.256029 0.259145 0.0442722 0.406163 0.8691 0.342584 0.285401 0.179325 0.497712 0.193773 0.297693 0.950341 0.788526 0.225011 0.610154 0.355783 0.15836 0.848381 0.592205 0.207273 0.744503 0.192945 0.819208 0.0778948 0.767074 0.319839 0.30275 0.399162 0.21555 0.514325 
0.685932 0.644678 0.242403 0.670064 0.228213 0.559547 0.72266 0.427421 0.221631 0.830697 0.340204 0.611658 0.48982 0.431573 0.360869 0.361592 0.146629 0.394879 0.559094 0.52604 0.825072 0.157568 0.21886 0.513169 0.116976 0.286885 0.873722 0.392179 0.212018 0.772723 0.301088 0.356264 0.45139 0.820592 0.583699 0.669011 0.357841 0.438555 0.942362 0.883773 0.365389 0.817611 0.666999 0.230048 0.442093 0.677542 0.535491 0.78999 0.818964 0.035485 0.147462 0.410911 0.432478 0.119466 0.589215 0.0727853 0.726536 0.151029 0.754409 0.466429 0.105424 0.283034 0.441075 0.123577 
0.178328 0.772299 0.830456 0.202788 0.73434 0.00352759 0.455122 0.591778 0.505161 0.304761 0.860593 0.3694 0.968755 0.329428 0.209756 0.581898 0.402619 0.261459 0.981634 0.555332 0.460841 0.977467 0.0802866 0.508598 0.188507 0.371156 0.0382518 0.845645 0.516887 0.502199 0.270818 0.048338 0.00698828 0.453323 0.699128 0.768983 0.552093 0.0820264 0.130442 0.116795 0.645674 0.0959217 0.966056 0.547967 0.965994 0.633954 0.931715 0.399427 0.83219 0.491797 0.0161941 0.601891 0.563831 0.79456 0.55841 0.441671 0.479475 0.503378 0.269525 0.698491 0.903163 0.721286 0.944504 0.661526 
0.0632286 0.750255 0.700955 0.204696 0.987067 0.208698 0.390535 0.0316673 0.0488067 0.467021 0.968921 0.169801 0.597215 0.638469 0.0661542 0.146393 0.213243 0.85222 0.548757 0.973677 0.24042 0.697844 0.855138 0.396999 0.405622 0.0731983 0.970668 0.723708 0.949764 0.378126 0.725982 0.644075 0.151247 0.714379 0.0541411 0.415757 0.414731 0.728617 0.300172 0.893147 0.83288 0.295713 0.531124 0.983984 0.254602 0.134639 0.879733 0.955215 0.654757 0.266657 0.47274 0.280795 0.659567 0.652716 0.362339 0.288228 0.247138 0.0893315 0.254142 0.232117 0.516572 0.305579 0.595449 0.498175 
0.449499 0.42227 0.71891 0.336911 0.824099 0.818909 0.398421 0.45642 0.0873163 0.0434105 0.548593 0.742886 0.802495 0.607302 0.291889 0.991717 0.414112 0.504395 0.492346 0.0459016 0.594163 0.972997 0.635159 0.777872 0.587144 0.552478 0.535617 0.0344362 0.363025 0.362722 0.569153 0.285096 0.172374 0.406352 0.469424 0.408486 0.877701 0.396969 0.646228 0.362713 0.257366 0.810073 0.434359 0.121009 0.447308 0.842058 0.886737 0.53481 0.108083 0.638539 0.932115 0.907971 0.408448 0.0957648 0.680042 0.00981612 0.222337 0.551191 0.822534 0.78915 0.460315 0.530953 0.67927 0.277454 
0.218351 0.912315 0.942973 0.178259 0.821314 0.523875 0.476875 0.0821166 0.688886 0.677828 0.0111665 0.499979 0.522829 0.838026 0.337768 0.390029 0.14787 0.733895 0.987875 0.732738 0.940766 0.479277 0.43117 0.571877 0.815852 0.954487 0.982187 0.206621 0.839305 0.255039 0.950636 0.0551254 0.130654 0.524175 0.436384 0.324893 0.0844153 0.161249 0.977089 0.310632 0.866897 0.171014 0.860941 0.117595 0.951717 0.579865 0.888615 0.427383 0.319611 0.266319 0.454792 0.0334187 0.544774 0.66087 0.851322 0.737006 0.402498 0.16286 0.0557192 0.586733 0.561137 0.794343 0.773539 0.0790479 
0.891811 0.532365 0.553288 0.855623 0.0612973 0.979583 0.554462 0.820482 0.959852 0.116813 0.0337395 0.601793 0.202945 0.808381 0.586628 0.370702 0.942433 0.599405 0.446791 0.563796 0.664829 0.787843 0.792495 0.513554 0.267593 0.952158 0.904176 0.697141 0.626043 0.0572877 0.282681 0.543876 0.273108 0.270175 0.0226651 0.439114 0.743476 0.0685934 0.779717 0.0723459 0.734774 0.78794 0.753192 0.748101 0.971585 0.397438 0.00521606 0.312024 0.261452 0.42979 0.672263 0.707453 0.503494 0.637752 0.246428 0.832669 0.348638 0.164898 0.332862 0.287504 0.190304 0.770022 0.508526 0.47815 
0.0596474 0.913809 0.315583 0.489238 0.490557 0.928305 0.768931 0.205306 0.146425 0.735215 0.831073 0.778697 0.314735 0.157673 0.133927 0.575996 0.330959 0.516393 0.611787 0.519098 0.452046 0.668662 0.364465 0.632865 0.989817 0.998989 0.848101 0.689339 0.285631 0.736132 0.812134 0.33354 0.454068 0.670998 0.834354 0.0569702 0.092976 0.589929 0.315674 0.150736 0.155816 0.861198 0.451925 0.0460247 0.464297 0.165355 0.691035 0.534642 0.849348 0.959828 0.456919 0.538729 0.125123 0.0364829 0.789059 0.186321 0.103495 0.0367226 0.326845 0.0175086 0.0232426 0.692227 0.127619 0.473941 
0.270702 0.970824 0.254539 0.0710814 0.0165547 0.694451 0.977037 0.133467 0.384514 0.480003 0.559574 0.71935 0.360184 0.731755 0.493384 0.821875 0.147034 0.730884 0.916791 0.337724 0.225089 0.104705 0.560102 0.922968 0.430427 0.380415 0.596401 0.939033 0.408446 0.774766 0.661598 0.74558 0.39256 0.0609182 0.67805 0.0672722 0.518933 0.99029 0.0508891 0.0765546 0.527567 0.018976 0.657973 0.150646 0.178707 0.493824 0.0872996 0.916146 0.903987 0.81164 0.71938 0.371628 0.54834 0.174989 0.807153 0.696444 0.575124 0.725322 0.699793 0.697046 0.323217 0.649674 0.92159 0.151415 
