20.4788 0010001010110000101011010110010100101000100011011011010111011101101001000001101001010010011100101101
79.4058 1111110001010111010101001110101001111010110001111100010100001101110001101100101111100101101101011101
0.480802 0.91492 0.467958 0.384588 0.293847 0.840969 0.87855 0.611567 0.403323 0.631973 0.348527 0.817951 0.00490548 0.357012 0.0014567 0.0673871 0.205736 0.910738 0.169812 0.955043 0.239549 0.00054344 0.5657 0.622369 0.236704 0.991797 0.186566 0.605844 0.515995 0.433122 0.202009 0.582914 0.845902 0.931482 0.0547401 0.645955 0.0180652 0.126669 0.736203 0.206996 0.883757 0.513678 0.29809 0.742686 0.653353 0.458732 0.0916566 0.263522 0.588898 0.668194 0.822872 0.606277 0.214556 0.97882 0.258412 0.0786417 0.484083 0.872836 0.409801 0.621825 0.914675 0.138249 0.105281 0.990698 
0.415129 0.852013 0.605715 0.842077 0.853249 0.599635 0.0643871 0.0753377 0.429836 0.689574 0.760559 0.931185 0.546507 0.813165 0.608384 0.191003 0.199155 0.347525 0.353343 0.616637 0.276931 0.276461 0.536506 0.214267 0.971527 0.00658849 0.589057 0.0637207 0.0432204 0.751727 0.809771 0.708684 0.838354 0.141784 0.727321 0.150031 0.300228 0.760651 0.558364 0.7011 0.25355 0.0387348 0.337557 0.82906 0.0718777 0.304173 0.154012 0.436442 0.200207 0.316679 0.076029 0.61878 0.419907 0.503605 0.246911 0.63299 0.849363 0.199825 0.924075 0.871613 0.210559 0.0975104 0.958792 0.0676277 
0.372971 0.567344 0.92717 0.404927 0.467954 0.157295 0.901952 0.191253 0.679852 0.0770973 0.3145 0.740049 0.604067 0.41492 0.0110673 0.270287 0.954836 0.707225 0.586437 0.752233 0.797323 0.0714149 0.196736 0.980254 0.314367 0.325153 0.0145115 0.13197 0.716703 0.793041 0.67775 0.580799 0.61049 0.861828 0.132197 0.0447101 0.483739 0.347083 0.649555 0.375228 0.777109 0.715462 0.402836 0.77515 0.998768 0.864584 0.969669 0.348962 0.551208 0.667219 0.735076 0.805815 0.993358 0.0949391 0.451434 0.853419 0.956212 0.55715 0.697766 0.0997017 0.958882 0.868381 0.947131 0.225157 
0.845799 0.0580084 0.356335 0.778735 0.735696 0.147756 0.615174 0.745382 0.358264 0.608256 0.626106 0.387287 0.409114 0.77743 0.517962 0.0763219 0.135836 0.0690591 0.968405 0.83808 0.932773 0.556579 0.817538 0.713949 0.6486 0.352238 0.87314 0.290513 0.95854 0.562203 0.000708679 0.0229875 0.752569 0.533689 0.345188 0.359314 0.000940126 0.991946 0.796186 0.879278 0.0772258 0.695116 0.856684 0.948692 0.462361 0.546363 0.0800136 0.617772 0.20744 0.0164176 0.294838 0.578841 0.981714 0.272877 0.551157 0.285633 0.924766 0.323997 0.342374 0.289419 0.0941297 0.970062 0.507513 0.472723 
0.515028 0.676896 0.971853 0.913563 0.424687 0.966955 0.589665 0.944212 0.585145 0.580556 0.359057 0.617638 0.441273 0.946937 0.188354 0.600566 0.00262167 0.674843 0.747361 0.157279 0.913289 0.647094 0.893431 0.0503225 0.909781 0.670912 0.996885 0.45122 0.92847 0.000931213 0.398631 0.0536261 0.244148 0.804103 0.879761 0.33808 0.435018 0.590527 0.50413 0.893691 0.856317 0.0935447 0.778032 0.898799 0.272217 0.10861 0.141169 0.702872 0.0782045 0.507708 0.800349 0.713133 0.265572 0.167718 0.745151 0.403092 0.646245 0.265831 0.893465 0.433411 0.0743383 0.208487 0.659261 0.308099 
0.607942 0.200057 0.832857 0.670034 0.37015 0.787327 0.139478 0.273547 0.674702 0.204307 0.211314 0.265492 0.539949 0.456667 0.990912 0.742372 0.573758 0.0613891 0.122572 0.762279 0.207858 0.796677 0.995492 0.353409 0.753441 0.355144 0.995741 0.198312 0.648758 0.117642 0.412454 0.88388 0.628796 0.394431 0.643719 0.720156 0.840499 0.624698 0.120777 0.682175 0.468486 0.537671 0.14712 0.629649 0.361467 0.00272332 0.667013 0.109213 0.201865 0.737005 0.317064 0.485537 0.295703 0.107494 0.433866 0.509631 0.321939 0.576977 0.748403 0.772408 0.5016 0.314361 0.384579 0.942811 
0.482637 0.396382 0.945655 0.271892 0.567616 0.607509 0.291533 0.36689 0.360013 0.392035 0.190959 0.83533 0.665797 0.823242 0.31493 0.91687 0.552371 0.905576 0.966532 0.574866 0.144402 0.227624 0.345326 0.961652 0.778668 0.257031 0.527921 0.834967 0.29733 0.884346 0.121317 0.0702356 0.80176 0.894775 0.47337 0.567392 0.943662 0.11137 0.343462 0.0242162 0.394131 0.281121 0.240852 0.189043 0.181914 0.291779 0.784346 0.535046 0.987691 0.444356 0.846285 0.0605486 0.255838 0.382486 0.359079 0.253893 0.991984 0.00283689 0.676934 0.967201 0.90579 0.433105 0.870146 0.641075 
0.395357 0.785638 0.41095 0.850099 0.668101 0.914171 0.812705 0.0635679 0.103425 0.474922 0.939101 0.484246 0.313734 0.308338 0.445553 0.323444 0.690055 0.596706 0.343922 0.730412 0.182029 0.0205678 0.0351786 0.0617946 0.0512492 0.833372 0.773157 0.191763 0.282008 0.756301 0.676803 0.656452 0.312309 0.250355 0.604196 0.471244 0.0664675 0.776282 0.184231 0.953432 0.492145 0.737498 0.706907 0.687449 0.441945 0.764588 0.839688 0.383422 0.286956 0.0695716 0.741472 0.454155 0.31287 0.831804 0.476288 0.51234 0.750443 0.470599 0.806919 0.703975 0.584095 0.845782 0.400812 0.223931 
0.648974 0.945997 0.433043 0.156219 0.841896 0.579185 0.797097 0.928346 0.939881 0.127447 0.996796 0.931244 0.551339 0.55537 0.0226165 0.764891 0.657601 0.423201 0.744521 0.370234 0.253392 0.88491 0.490564 0.427293 0.910546 0.605062 0.43635 0.648087 0.263246 0.755164 0.0680131 0.0370351 0.141213 0.965302 0.816515 0.236381 0.579459 0.882111 0.274531 0.56674 0.606865 0.0422696 0.815378 0.304114 0.0230591 0.0838909 0.106949 0.84198 0.361211 0.424046 0.171522 0.507929 0.244661 0.0417783 0.233626 0.373634 0.542209 0.707686 0.778766 0.576106 0.57226 0.423963 0.144136 0.925623 
0.681888 0.30857 0.962117 0.960649 0.546035 0.116796 0.984922 0.183598 0.97352 0.708007 0.848074 0.0767384 0.774553 0.201001 0.760993 0.392026 0.325222 0.422202 0.125408 0.150212 0.72793 0.759677 0.48135 0.82642 0.242849 0.110941 0.625239 0.174498 0.290788 0.127291 0.501766 0.301637 0.537419 0.360471 0.68402 0.187484 0.970399 0.239954 0.238477 0.409057 0.433555 0.0886841 0.990907 0.973308 0.951374 0.661791 0.481801 0.844288 0.0280731 0.377542 0.293117 0.532861 0.199671 0.558702 0.912938 0.561808 0.890642 0.55762 0.746088 0.818819 0.495596 0.986813 0.605411 0.313317 
0.787286 0.327797 0.902408 0.549199 0.00259012 0.959291 0.87598 0.372404 0.553709 0.041726 0.530613 0.361227 0.536452 0.622036 0.348958 0.945878 0.654263 0.21724 0.303739 0.601943 0.439381 0.497442 0.967882 0.739598 0.31271 0.733014 0.867186 0.921 0.106895 0.77388 0.444595 0.0993806 0.0258375 0.42531 0.016098 0.490681 0.753177 0.756492 0.490403 0.868115 0.505822 0.786702 0.826218 0.8823 0.266386 0.0837387 0.754813 0.696959 0.554865 0.445393 0.915485 0.656594 0.674485 0.857438 0.816598 0.0672956 0.291666 0.62062 0.0937847 0.632968 0.958414 0.889708 0.0216536 0.891396 
0.092133 0.436111 0.3467 0.177728 0.607524 0.966581 0.730325 0.025362 0.665699 0.631629 0.0434712 0.604756 0.64783 0.311576 0.962761 0.530017 0.219185 0.362222 0.118777 0.385308 0.893236 0.784917 0.620304 0.9299 0.411259 0.38809 0.777427 0.0813817 0.416789 0.872302 0.839555 0.769504 0.491436 0.355483 0.449357 0.384052 0.797746 0.227616 0.761293 0.0298095 0.975164 0.834653 0.04459 0.0419219 0.168713 0.607186 0.647371 0.305869 0.443608 0.182849 0.568246 0.454472 0.0204568 0.313946 0.269254 0.0351396 0.266311 0.342893 0.730874 0.63088 0.197353 0.649548 0.313059 0.731025 
0.227336 0.250015 0.334585 0.315164 0.397338 0.772379 0.0418529 0.814808 0.172039 0.0249288 0.278825 0.517513 0.120367 0.469158 0.965444 0.898507 0.531035 0.703218 0.750565 0.128842 0.508693 0.118013 0.416634 0.98309 0.732128 0.0613093 0.721887 0.583723 0.250631 0.923765 0.807801 0.365893 0.977017 0.806154 0.945985 0.184592 0.674724 0.413585 0.151939 0.809932 0.574161 0.813968 0.906292 0.894875 0.465589 0.2975 0.440407 0.333656 0.913578 0.0105201 0.649889 0.350742 0.49959 0.28063 0.245019 0.823356 0.23601 0.319175 0.767208 0.0270036 0.132299 0.928122 0.80188 0.0219472 
0.470264 0.670706 0.59709 0.901327 0.964708 0.250517 0.717546 0.450768 0.347833 0.981567 0.161475 0.149401 0.0324624 0.854245 0.297584 0.465955 0.684673 0.402963 0.417581 0.239044 0.235066 0.51837 0.3745 0.33233 0.447807 0.274476 0.80395 0.789139 0.468865 0.482811 0.833772 0.636571 0.458539 0.876963 0.226691 0.690115 0.445313 0.619131 0.165371 0.46979 0.44529 0.670892 0.785415 0.441999 0.541915 0.263964 0.393957 0.943406 0.572039 0.722858 0.883787 0.283054 0.552093 0.717211 0.666563 0.254797 0.752517 0.679167 0.565105 0.0770696 0.222579 0.408732 0.583752 0.245008 
0.0487406 0.0221516 0.727198 0.523563 0.349404 0.795883 0.00748308 0.896716 0.836225 0.478842 0.0760307 0.216395 0.631642 0.723238 0.953972 0.563085 0.0409971 0.689086 0.69054 0.000725177 0.541955 0.739191 0.917709 0.555904 0.36054 0.586556 0.615221 0.00178756 0.421629 0.726332 0.81573 0.275194 0.812453 0.814969 0.536954 0.873098 0.550677 0.863203 0.914261 0.428178 0.290584 0.735985 0.475854 0.54649 0.968468 0.696313 0.224069 0.549559 0.332174 0.662193 0.357084 0.752642 0.409944 0.985714 0.766318 0.431824 0.805212 0.832699 0.493795 0.744865 0.140362 0.541038 0.299246 0.700416 
0.695285 0.464464 0.0415478 0.836468 0.357425 0.281368 0.833754 0.219215 0.864366 0.187162 0.836343 0.588921 0.465956 0.193433 0.0691505 0.81669 0.384693 0.296738 0.31547 0.0926092 0.526643 0.0239129 0.183928 0.735667 0.280058 0.476768 0.0232332 0.990499 0.0270709 0.625405 0.200301 0.501806 0.558262 0.0216719 0.442453 0.928555 0.410096 0.38501 0.416303 0.238873 0.375366 0.0882931 0.999193 0.120649 0.103894 0.0662603 0.23862 0.687762 0.284396 0.516053 0.48433 0.177889 0.128075 0.876666 0.435788 0.601263 0.938839 0.394165 0.974717 0.649048 0.33215 0.984982 0.15115 0.65543 
0.977262 0.812633 0.0266822 0.22368 0.564998 0.446384 0.516659 0.320956 0.734995 0.136931 0.619548 0.497561 0.17977 0.428341 0.691307 0.16066 0.923243 0.384895 0.334656 0.989585 0.176908 0.733627 0.565403 0.403504 0.737468 0.290101 0.471768 0.482763 0.228094 0.50347 0.382391 0.885332 0.0378204 0.313412 0.566881 0.956519 0.395965 0.575899 0.104708 0.995482 0.697777 0.694354 0.511212 0.0959532 0.468306 0.682957 0.831206 0.564619 0.0883533 0.475066 0.359734 0.750649 0.134606 0.681689 0.316586 0.388657 0.415394 0.484452 0.106227 0.360788 0.556061 0.1436 0.368347 0.102025 
0.479887 0.583814 0.252052 0.587195 0.346606 0.876745 0.224047 0.104937 0.0719768 0.823902 0.416343 0.150808 0.0825823 0.974279 0.926398 0.236314 0.789209 0.34972 0.736565 0.999569 0.0837904 0.0399906 0.304438 0.408211 0.114574 0.957042 0.387828 0.736956 0.490989 0.884355 0.858284 0.264227 0.806665 0.236225 0.325625 0.319959 0.643209 0.459047 0.0894532 0.637243 0.848315 0.159578 0.549389 0.169097 0.38433 0.567501 0.218873 0.53754 0.00402912 0.630429 0.750263 0.259498 0.997021 0.642282 0.857162 0.980008 0.310301 0.847941 0.0158089 0.161307 0.592029 0.998514 0.626384 0.318982 
0.291166 0.923138 0.329398 0.454801 0.66964 0.315392 0.357822 0.396747 0.431455 0.852483 0.448632 0.964143 0.652829 0.876514 0.22181 0.65922 0.446745 0.914512 0.331098 0.575343 0.610824 0.61134 0.562535 0.731289 0.249333 0.757405 0.419615 0.03324 0.408491 0.238912 0.508617 0.0832218 0.8739 0.507201 0.0709213 0.636886 0.213946 0.597488 0.735342 0.468132 0.490202 0.204583 0.488709 0.884177 0.897191 0.0438943 0.411257 0.202951 0.782099 0.286942 0.361606 0.979044 0.620456 0.766021 0.492575 0.613535 0.584701 0.386378 0.324926 0.0464971 0.575312 0.192162 0.189797 0.85143 
0.313105 0.190419 0.940049 0.826339 0.564003 0.10844 0.642803 0.221688 0.489378 0.776783 0.387915 0.976578 0.499349 0.489781 0.824473 0.9192 0.235974 0.204882 0.860314 0.860204 0.194563 0.904656 0.555975 0.50286 0.0659603 0.171253 0.119894 0.0265628 0.106662 0.0555745 0.436912 0.445476 0.679571 0.53671 0.835618 0.729862 0.357701 0.130953 0.768526 0.826515 0.71446 0.963239 0.866087 0.627681 0.772345 0.0360617 0.467213 0.896369 0.179211 0.852862 0.920454 0.613275 0.824013 0.311093 0.167866 0.492789 0.655113 0.490299 0.131043 0.729669 0.54836 0.294462 0.70547 0.755896 
0.931166 0.128135 0.288337 0.527938 0.725886 0.870555 0.581252 0.260991 0.564791 0.68174 0.298904 0.235224 0.529488 0.915812 0.408007 0.217495 0.252347 0.528848 0.00278373 0.779147 0.836027 0.633567 0.589881 0.659775 0.190827 0.439943 0.64464 0.971539 0.674066 0.242579 0.687059 0.545804 0.312812 0.160445 0.479037 0.0459631 0.697206 0.334206 0.652259 0.597556 0.793563 0.620488 0.532239 0.205492 0.165675 0.591035 0.0781296 0.182096 0.940433 0.396425 0.200457 0.829981 0.177194 0.151098 0.682232 0.449857 0.857555 0.0593049 0.13426 0.163161 0.0728349 0.910859 0.114839 0.647345 
0.816593 0.335589 0.546597 0.774461 0.771196 0.659704 0.118739 0.973797 0.529626 0.418433 0.49441 0.912073 0.911053 0.67445 0.439791 0.671531 0.668774 0.448957 0.797081 0.519583 0.270447 0.56481 0.584563 0.844383 0.192994 0.463276 0.862797 0.177227 0.688146 0.713759 0.686742 0.821124 0.738857 0.450534 0.508102 0.906468 0.44452 0.0426114 0.411403 0.942706 0.835889 0.465631 0.904847 0.244708 0.846915 0.96856 0.499945 0.681915 0.449222 0.699623 0.828009 0.152094 0.564493 0.071933 0.512358 0.0460509 0.148225 0.916764 0.246848 0.693079 0.424039 0.391703 0.568007 0.328319 
0.861262 0.47133 0.274199 0.0856244 0.73559 0.643867 0.806154 0.61291 0.237269 0.866264 0.115398 0.368592 0.436428 0.326829 0.908806 0.231107 0.49794 0.873325 0.416845 0.0238417 0.141863 0.445096 0.0212776 0.754574 0.22371 0.994185 0.159412 0.877835 0.439656 0.687871 0.828073 0.671629 0.389488 0.383855 0.535126 0.967062 0.11094 0.216573 0.413983 0.0790904 0.565316 0.0139009 0.608121 0.759466 0.926526 0.477303 0.101779 0.822745 0.396638 0.716614 0.0347227 0.636844 0.823698 0.489386 0.935752 0.140689 0.0560167 0.361418 0.352887 0.433901 0.0403081 0.677017 0.151644 0.908138 
0.401163 0.787353 0.0654229 0.0439929 0.966566 0.0526721 0.318363 0.343804 0.358787 0.343922 0.840313 0.0362324 0.470124 0.839566 0.134248 0.95918 0.232482 0.85932 0.786884 0.0787697 0.299732 0.863755 0.069273 0.54429 0.632935 0.794857 0.504428 0.0987634 0.807371 0.961769 0.2125 0.830025 0.383832 0.13684 0.771613 0.354713 0.521756 0.41086 0.821522 0.11022 0.242229 0.973451 0.886648 0.810967 0.185473 0.803821 0.502895 0.0182254 0.851449 0.601222 0.0176925 0.238284 0.69631 0.782324 0.317948 0.21214 0.974063 0.823866 0.0136843 0.901866 0.687119 0.777655 0.0826359 0.68177 
0.367352 0.151087 0.880615 0.508758 0.393041 0.800121 0.406262 0.465655 0.887795 0.630667 0.0888714 0.0409718 0.736979 0.0858958 0.914204 0.288755 0.334183 0.115584 0.887916 0.332131 0.103747 0.287394 0.554187 0.891668 0.101222 0.423652 0.736276 0.772617 0.808019 0.893598 0.542658 0.611247 0.759446 0.297007 0.995775 0.22172 0.155651 0.570196 0.44069 0.871515 0.0958872 0.996033 0.271216 0.778052 0.680155 0.760309 0.836263 0.938306 0.16645 0.718718 0.812227 0.145206 0.435416 0.186749 0.299844 0.33527 0.189069 0.0569913 0.812973 0.489928 0.496883 0.258668 0.97161 0.148731 
0.142507 0.743399 0.957377 0.153765 0.18372 0.272139 0.919879 0.56848 0.83707 0.64278 0.178117 0.0908043 0.0429333 0.029595 0.543027 0.366863 0.952535 0.65734 0.940269 0.0785352 0.948767 0.524999 0.516968 0.703985 0.391306 0.526274 0.0454372 0.295646 0.72788 0.552488 0.737827 0.349645 0.708547 0.766895 0.989777 0.395975 0.269265 0.591991 0.318908 0.686296 0.672131 0.361621 0.220654 0.488092 0.614096 0.0574906 0.37642 0.893337 0.701192 0.124568 0.315503 0.706625 0.832992 0.132556 0.754194 0.707186 0.43862 0.28135 0.818351 0.624274 0.662587 0.0959685 0.248043 0.302261 
0.210983 0.915211 0.456587 0.557955 0.421898 0.843007 0.420406 0.00882974 0.70682 0.924898 0.25454 0.297705 0.668754 0.0162306 0.239863 0.745045 0.970068 0.697664 0.953785 0.476195 0.597382 0.910807 0.161762 0.277956 0.346579 0.448059 0.00159811 0.894337 0.502679 0.734265 0.939073 0.0251332 0.161338 0.898235 0.969213 0.0207402 0.467882 0.0915593 0.00212255 0.405835 0.034229 0.350984 0.935731 0.3074 0.0374508 0.0305784 0.526848 0.981977 0.411564 0.426274 0.86844 0.301428 0.26441 0.86293 0.746898 0.234741 0.0719516 0.806497 0.385646 0.681432 0.762152 0.532817 0.677031 0.44381 
0.101243 0.882785 0.238546 0.20673 0.848933 0.706094 0.632877 0.601653 0.285517 0.369342 0.114417 0.880086 0.891571 0.797934 0.121447 0.777064 0.230375 0.351689 0.313074 0.944235 0.835182 0.991634 0.0215093 0.906577 0.71311 0.425139 0.909811 0.489762 0.729292 0.108452 0.855757 0.646924 0.6974 0.490573 0.301294 0.612626 0.933788 0.0945496 0.751088 0.0242454 0.845959 0.268998 0.103979 0.157066 0.275432 0.298919 0.425192 0.372305 0.103316 0.908357 0.773008 0.806791 0.436307 0.767234 0.567305 0.792781 0.43498 0.626828 0.536253 0.667807 0.916738 0.269517 0.642483 0.42888 
0.939916 0.259581 0.730775 0.870537 0.418992 0.748256 0.502931 0.963392 0.577474 0.428522 0.117622 0.838026 0.368217 0.767299 0.506412 0.283577 0.0249493 0.631328 0.942454 0.919675 0.303824 0.00949721 0.942819 0.0032248 0.144625 0.0129209 0.00547701 0.924944 0.557376 0.0913614 0.494081 0.666865 0.684726 0.857767 0.0619217 0.809703 0.528623 0.543738 0.0600816 0.746734 0.883686 0.944892 0.296153 0.821034 0.279212 0.528603 0.24913 0.693045 0.799635 0.141829 0.0154983 0.0776093 0.775804 0.936511 0.598471 0.0367379 0.780805 0.790867 0.0975997 0.949082 0.914454 0.708783 0.398464 0.820167 
0.190584 0.745218 0.370306 0.127797 0.109663 0.24522 0.224204 0.562319 0.442841 0.967305 0.385395 0.19345 0.291789 0.279107 0.300364 0.913133 0.128126 0.397915 0.864738 0.54879 0.942609 0.473534 0.854747 0.189651 0.398339 0.45343 0.240236 0.0510968 0.0653856 0.0960928 0.414686 0.799865 0.456066 0.557319 0.167622 0.427175 0.499592 0.768425 0.741411 0.0438662 0.187095 0.413627 0.962665 0.648772 0.135545 0.268405 0.501588 0.470412 0.53721 0.290278 0.139384 0.0232164 0.225774 0.0772168 0.952984 0.210814 0.768706 0.276365 0.500272 0.895683 0.615711 0.666115 0.487203 0.719043 
0.190927 0.0472028 0.126216 0.885032 0.640151 0.886846 0.100723 0.718123 0.104324 0.344404 0.956791 0.585127 0.845444 0.607866 0.487269 0.618646 0.84762 0.913505 0.327403 0.701931 0.286228 0.181693 0.905519 0.0878091 0.874621 0.147602 0.139901 0.500976 0.653386 0.149828 0.774292 0.919261 0.215826 0.291226 0.559636 0.706571 0.115148 0.128878 0.0896667 0.978018 0.947382 0.535675 0.156624 0.54337 0.122329 0.0958662 0.758149 0.99822 0.33819 0.469204 0.657028 0.790023 0.292314 0.899995 0.94044 0.111705 0.860383 0.0420968 0.0552744 0.694758 0.494207 0.264885 0.201189 0.878788 
0.60434 0.0910177 0.436046 0.719215 0.563016 0.57057 0.24887 0.184975 0.312774 0.960991 0.276986 0.233516 0.319991 0.583862 0.684036 0.705543 0.746923 0.490021 0.349078 0.0155669 0.153294 0.991365 0.42414 0.407081 0.849743 0.106241 0.0248584 0.338128 0.596443 0.124465 0.13457 0.930474 0.273073 0.182773 0.680574 0.756244 0.696263 0.0904168 0.784138 0.250692 0.908095 0.973855 0.114963 0.0153637 0.729656 0.216944 0.606308 0.104211 0.390481 0.886719 0.636917 0.92005 0.533469 0.304464 0.841708 0.322388 0.881348 0.328466 0.0837714 0.331361 0.0216867 0.912213 0.38721 0.467707 
0.552063 0.692688 0.742622 0.0951848 0.640569 0.866153 0.539244 0.645691 0.698583 0.567896 0.102038 0.195801 0.637552 0.834998 0.710426 0.0379654 0.446471 0.053401 0.777651 0.339377 0.647732 0.177183 0.530724 0.850795 0.092431 0.0698662 0.925904 0.688747 0.969474 0.623382 0.672438 0.75515 0.563652 0.301753 0.521689 0.0923739 0.824712 0.0689585 0.0995573 0.371078 0.216219 0.533427 0.483069 0.584908 0.456952 0.144514 0.325529 0.193242 0.745755 0.664237 0.548914 0.648797 0.194648 0.479908 0.229928 0.364555 0.514186 0.428005 0.52935 0.16062 0.494212 0.515772 0.268358 0.746412 
0.487065 0.610908 0.400877 0.910996 0.902767 0.602211 0.929502 0.48171 0.680257 0.248728 0.704771 0.3097 0.400118 0.441579 0.362524 0.581071 0.0664448 0.567047 0.321731 0.817721 0.0274222 0.942021 0.529117 0.901463 0.199602 0.609819 0.193615 0.636627 0.982604 0.718752 0.710655 0.370075 0.585419 0.551517 0.33334 0.516963 0.790307 0.358204 0.0798216 0.39787 0.335039 0.790141 0.79963 0.394901 0.777641 0.683188 0.378891 0.559265 0.33967 0.398202 0.161106 0.237457 0.44506 0.685336 0.31197 0.179456 0.891278 0.834794 0.799885 0.124938 0.321411 0.95949 0.888948 0.14609 
0.278727 0.943934 0.533467 0.455654 0.15359 0.489493 0.715661 0.566015 0.187667 0.970656 0.075846 0.653873 0.621962 0.266187 0.1639 0.875089 0.814915 0.389792 0.282166 0.615988 0.395105 0.701056 0.73824 0.383351 0.203406 0.484857 0.556626 0.0598275 0.570638 0.0243209 0.487658 0.133832 0.846919 0.91592 0.539835 0.549833 0.235044 0.53073 0.441986 0.46082 0.0461123 0.748505 0.777336 0.227368 0.00644917 0.15426 0.259387 0.129394 0.429184 0.852161 0.97298 0.372158 0.475582 0.515539 0.214119 0.755633 0.403928 0.44564 0.792955 0.498735 0.683912 0.63178 0.622347 0.375916 
0.129718 0.137784 0.87348 0.896865 0.795026 0.0544732 0.107884 0.0273439 0.0388966 0.523055 0.968299 0.701946 0.911234 0.145022 0.542368 0.407621 0.000980981 0.0658848 0.0379253 0.797082 0.391763 0.0900135 0.205707 0.588799 0.268604 0.972654 0.438785 0.634857 0.326995 0.656547 0.557106 0.0485093 0.620218 0.706225 0.280906 0.410005 0.18897 0.194506 0.146883 0.383479 0.807027 0.820265 0.679025 0.669828 0.361291 0.357526 0.317436 0.251647 0.300833 0.32485 0.3356 0.0829658 0.122118 0.988618 0.615092 0.0113825 0.424978 0.906089 0.958815 0.307134 0.336057 0.555003 0.583629 0.224557 
0.852115 0.0895371 0.961938 0.54228 0.0547047 0.480497 0.738105 0.870431 0.253238 0.27801 0.911645 0.0869124 0.216918 0.683977 0.755173 0.742523 0.555031 0.41784 0.740958 0.0598483 0.12824 0.511029 0.0316753 0.50612 0.782656 0.534762 0.410469 0.537426 0.567031 0.277043 0.184235 0.246452 0.334426 0.83237 0.414363 0.119546 0.163157 0.677053 0.984379 0.0838895 0.31159 0.980148 0.665087 0.865242 0.669459 0.101151 0.837549 0.497851 0.409357 0.355742 0.829362 0.219668 0.290101 0.777833 0.343829 0.762222 0.366627 0.0868915 0.329378 0.346106 0.00706802 0.0972064 0.636498 0.06229 
0.314767 0.540922 0.50956 0.71429 0.0292618 0.721776 0.889762 0.927777 0.467549 0.69087 0.189156 0.0872905 0.933797 0.38038 0.7125 0.330275 0.22397 0.874265 0.196537 0.301051 0.0281808 0.270658 0.734395 0.292779 0.9261 0.180123 0.748291 0.438149 0.971415 0.0235967 0.407028 0.72343 0.293051 0.0607534 0.676093 0.90751 0.410551 0.390218 0.834161 0.367124 0.0245838 0.789241 0.202972 0.185653 0.102361 0.600315 0.927332 0.109601 0.0511808 0.294618 0.585053 0.397203 0.243699 0.770163 0.422425 0.441933 0.557373 0.67566 0.256572 0.298072 0.945039 0.720078 0.727479 0.3571 
0.428213 0.772915 0.565782 0.220831 0.109811 0.0150185 0.280052 0.985656 0.477171 0.099445 0.51569 0.866297 0.488746 0.475956 0.294162 0.311736 0.0371151 0.120093 0.244217 0.511435 0.133234 0.687333 0.0529904 0.37415 0.345992 0.423911 0.386503 0.308041 0.256265 0.663296 0.541331 0.95851 0.441946 0.34713 0.670161 0.680287 0.766579 0.749915 0.941334 0.41081 0.136253 0.870433 0.385723 0.736998 0.78774 0.405556 0.224645 0.279859 0.609604 0.0288104 0.340215 0.597428 0.735288 0.455032 0.274181 0.724243 0.859071 0.946119 0.181592 0.347537 0.650523 0.578467 0.455347 0.691051 
0.128341 0.822891 0.910657 0.740679 0.221259 0.345045 0.566704 0.639149 0.821625 0.579146 0.263738 0.684334 0.936573 0.977584 0.511279 0.23894 0.805908 0.152102 0.754814 0.232873 0.736699 0.573055 0.845373 0.212088 0.639063 0.578563 0.810249 0.778923 0.373766 0.0653547 0.319838 0.747407 0.256946 0.233145 0.613126 0.855826 0.583989 0.813801 0.498215 0.977223 0.188895 0.0176574 0.137186 0.948595 0.956789 0.092326 0.166945 0.946674 0.191466 0.899611 0.331833 0.662765 0.14784 0.26348 0.502265 0.61338 0.522842 0.79259 0.741232 0.12911 0.272374 0.117348 0.249782 0.397499 
0.378405 0.676905 0.868816 0.107639 0.63438 0.293039 0.462065 0.489818 0.0140634 0.640826 0.718118 0.120042 0.885422 0.177764 0.530025 0.606906 0.750931 0.0951405 0.676383 0.867389 0.61051 0.946072 0.348861 0.246947 0.0394019 0.725007 0.623355 0.911937 0.32709 0.761033 0.647932 0.0703213 0.101894 0.231854 0.651527 0.200604 0.93364 0.383999 0.790062 0.666714 0.0057807 0.65438 0.663036 0.515342 0.0776354 0.0971849 0.716805 0.893487 0.720052 0.651738 0.752331 0.0326729 0.179758 0.85132 0.797953 0.0954002 0.547596 0.198685 0.202574 0.174231 0.270051 0.339455 0.59394 0.602476 
0.888095 0.987183 0.619029 0.173189 0.67121 0.733093 0.557199 0.214381 0.946789 0.77755 0.459038 0.613529 0.380196 0.913903 0.6389 0.589916 0.0326744 0.402521 0.547884 0.920567 0.502267 0.977392 0.0102786 0.654023 0.738774 0.548892 0.587545 0.107557 0.125947 0.361184 0.237831 0.244375 0.920038 0.309647 0.0249883 0.651863 0.395334 0.145353 0.362466 0.547047 0.512087 0.915617 0.235597 0.80137 0.258729 0.864826 0.656698 0.579668 0.153744 0.913042 0.476096 0.613138 0.462618 0.957463 0.91994 0.566646 0.563106 0.30446 0.913558 0.0480662 0.0337203 0.823286 0.348963 0.374492 
0.521899 0.0511985 0.741173 0.503228 0.29549 0.823639 0.993269 0.907227 0.569906 0.675543 0.723543 0.0397207 0.912552 0.000652287 0.0749676 0.326993 0.672557 0.285764 0.328853 0.587882 0.765364 0.16661 0.715568 0.519911 0.870787 0.549245 0.876718 0.671691 0.440164 0.834028 0.79611 0.885011 0.00148101 0.0697572 0.933732 0.813535 0.116717 0.50067 0.351351 0.287747 0.0818348 0.145437 0.610342 0.496339 0.250507 0.278509 0.644507 0.404794 0.364892 0.634198 0.775002 0.765379 0.670066 0.750612 0.743301 0.539097 0.674658 0.562345 0.865183 0.980892 0.326196 0.36868 0.337006 0.263068 
0.611479 0.415372 0.0683806 0.432123 0.121471 0.813127 0.245202 0.535207 0.129189 0.136828 0.430909 0.529453 0.049839 0.275946 0.858526 0.951478 0.714109 0.917467 0.996735 0.0447364 0.915931 0.715171 0.341349 0.508593 0.395017 0.17104 0.454613 0.0202807 0.452238 0.602401 0.241065 0.573587 0.92799 0.733906 0.54162 0.787375 0.989535 0.517409 0.967974 0.977598 0.80682 0.223576 0.321756 0.116863 0.134651 0.409915 0.493866 0.593446 0.309983 0.206688 0.957978 0.135773 0.0436933 0.0934359 0.356682 0.125562 0.0487041 0.675959 0.35131 0.965041 0.588946 0.316297 0.445644 0.934167 
0.305422 0.399363 0.848506 0.104687 0.783382 0.924002 0.923616 0.414 0.399837 0.518396 0.598635 0.638561 0.679483 0.214257 0.0643258 0.328507 0.846631 0.603957 0.444157 0.455922 0.0276771 0.00929977 0.920625 0.830893 0.866406 0.88426 0.530425 0.406029 0.587496 0.514104 0.630705 0.730668 0.840088 0.286424 0.732213 0.0999748 0.0185992 0.406928 0.580092 0.243208 0.797651 0.50963 0.971853 0.765522 0.836239 0.829682 0.546932 0.550568 0.428864 0.832153 0.929821 0.0800888 0.160614 0.739466 0.0627475 0.0318356 0.699383 0.770369 0.647871 0.71014 0.012719 0.955126 0.479967 0.049878 
0.273643 0.723387 0.697537 0.652541 0.574589 0.413805 0.0438609 0.183347 0.703291 0.62615 0.305581 0.497584 0.38245 0.720552 0.376434 0.867745 0.0379266 0.512304 0.276141 0.445379 0.0877974 0.607251 0.999148 0.296329 0.161177 0.443408 0.907449 0.304663 0.918276 0.15247 0.246677 0.300387 0.471512 0.559888 0.870087 0.970454 0.358608 0.320972 0.0266762 0.1324 0.181941 0.097064 0.428459 0.393152 0.988616 0.160535 0.0831386 0.516755 0.996452 0.264674 0.100165 0.416558 0.883485 0.85611 0.600221 0.619884 0.0227816 0.35424 0.177902 0.26517 0.447516 0.219301 0.718563 0.37604 
0.304719 0.998433 0.0470188 0.0488634 0.457347 0.71432 0.885942 0.310737 0.122456 0.335827 0.44131 0.763461 0.148865 0.619811 0.269448 0.623018 0.578219 0.813231 0.663491 0.363174 0.308519 0.339801 0.701175 0.347862 0.608129 0.30312 0.0676585 0.11627 0.641714 0.907181 0.447032 0.760225 0.743718 0.644591 0.0393331 0.348348 0.443032 0.664384 0.315061 0.330673 0.648108 0.31825 0.766054 0.876918 0.178167 0.313937 0.317128 0.748183 0.958183 0.276758 0.725014 0.810844 0.599853 0.228324 0.468257 0.0318918 0.63439 0.627762 0.548058 0.552649 0.151544 0.579927 0.437232 0.0290568 
0.0299015 0.478056 0.855648 0.447287 0.0483561 0.0399242 0.514714 0.0978153 0.359728 0.2158 0.674129 0.529365 0.567392 0.220054 0.845521 0.304861 0.923682 0.50791 0.184094 0.913209 0.374231 0.641017 0.766622 0.309104 0.794845 0.853994 0.749139 0.456144 0.575526 0.644637 0.709058 0.778019 0.0473674 0.803262 0.402003 0.630856 0.780617 0.204012 0.962464 0.0687348 0.584613 0.684522 0.68404 0.0453025 0.86461 0.0801776 0.417648 0.364813 0.497634 0.552804 0.220081 0.377945 0.350023 0.291089 0.441459 0.995934 0.825376 0.333423 0.861818 0.944917 0.771162 0.245538 0.612011 0.02067 
0.168541 0.0908747 0.871232 0.517487 0.114988 0.231203 0.00596498 0.816126 0.801599 0.793573 0.624144 0.645257 0.213606 0.567316 0.622856 0.286945 0.550204 0.967316 0.448149 0.0386776 0.852541 0.400565 0.450997 0.993858 0.709768 0.830729 0.289404 0.164377 0.776004 0.0688793 0.940091 0.0670683 0.853991 0.6895 0.419587 0.589614 0.506474 0.704066 0.701066 0.0533683 0.550075 0.367371 0.481622 0.626282 0.689581 0.17887 0.985273 0.814857 0.68207 0.873333 0.694402 0.241361 0.31503 0.308342 0.0420809 0.214175 0.118982 0.292554 0.470295 0.482255 0.369237 0.780129 0.50079 0.767256 
0.510237 0.227578 0.813041 0.307653 0.925593 0.264297 0.0437549 0.845479 0.16453 0.159692 0.941056 0.717481 0.0583682 0.128296 0.155163 0.909969 0.715324 0.175654 0.965558 0.0635467 0.0385686 0.478507 0.62345 0.383082 0.367882 0.421253 0.123261 0.0739497 0.656467 0.266333 0.916554 0.645595 0.0792316 0.169452 0.779064 0.770559 0.441016 0.115814 0.296069 0.762199 0.104089 0.0628274 0.193099 0.887218 0.476613 0.650501 0.369389 0.0950343 0.825872 0.315893 0.53691 0.429393 0.817078 0.423445 0.116879 0.429497 0.258373 0.717565 0.673437 0.436025 0.838158 0.53113 0.0397352 0.0693494 
0.584046 0.310526 0.111002 0.125911 0.13657 0.851969 0.311347 0.923823 0.2429 0.717432 0.394421 0.681964 0.151296 0.133448 0.79562 0.0674236 0.740141 0.0663114 0.800076 0.0991873 0.488136 0.954682 0.577944 0.515424 0.765912 0.311302 0.802466 0.44436 0.285829 0.055025 0.663812 0.309282 0.406681 0.805411 0.950027 0.971431 0.71566 0.416018 0.514714 0.0474872 0.606675 0.0175253 0.925199 0.250105 0.66603 0.0375222 0.058471 0.647764 0.106455 0.216829 0.878573 0.600318 0.770501 0.156917 0.953365 0.460575 0.280719 0.541573 0.598268 0.0982608 0.68368 0.929107 0.702798 0.491215 
0.243883 0.726358 0.525202 0.660286 0.924757 0.322988 0.971612 0.981926 0.326498 0.320876 0.848755 0.375849 0.366048 0.469736 0.53615 0.883563 0.897109 0.58678 0.0923372 0.929953 0.0778318 0.857331 0.399105 0.325368 0.500084 0.479514 0.872524 0.294349 0.381728 0.220073 0.127147 0.689869 0.396729 0.355453 0.284554 0.754883 0.524403 0.312606 0.749179 0.283714 0.365166 0.271467 0.61083 0.165421 0.363408 0.554258 0.237699 0.472043 0.471376 0.681185 0.48974 0.92604 0.1353 0.745433 0.0710305 0.920154 0.721852 0.555445 0.21924 0.451804 0.90539 0.726352 0.227473 0.865255 
0.298277 0.937357 0.69888 0.942514 0.442304 0.799785 0.00274151 0.841379 0.216286 0.497025 0.484138 0.375892 0.536862 0.701554 0.952318 0.0933078 0.97031 0.527201 0.14527 0.413532 0.631487 0.796724 0.396376 0.300774 0.271164 0.816757 0.0205141 0.00692895 0.586318 0.934367 0.521875 0.14434 0.0536286 0.451585 0.713475 0.542345 0.709957 0.297012 0.0667197 0.455846 0.554964 0.539795 0.428904 0.124964 0.654245 0.730446 0.340949 0.376976 0.732266 0.358473 0.78188 0.969862 0.840432 0.686271 0.766754 0.84262 0.732423 0.683825 0.848832 0.357481 0.752571 0.0543259 0.453878 0.409664 
0.237929 0.984143 0.0654983 0.644331 0.042839 0.859894 0.842989 0.608473 0.703728 0.794225 0.572654 0.245452 0.285264 0.74757 0.614159 0.49261 0.19175 0.906694 0.711996 0.696096 0.18717 0.760017 0.400063 0.257079 0.136918 0.999096 0.295406 0.234963 0.930466 0.599425 0.785894 0.530096 0.33907 0.527347 0.416732 0.333659 0.845013 0.0600625 0.967289 0.713725 0.794545 0.758469 0.740293 0.142528 0.470511 0.33758 0.0779378 0.324001 0.77324 0.362489 0.701835 0.479854 0.211045 0.547532 0.927228 0.327439 0.189545 0.436728 0.668719 0.878616 0.723669 0.912191 0.188569 0.843018 
0.683525 0.47703 0.63785 0.765815 0.44183 0.315033 0.525199 0.733028 0.270085 0.251129 0.55846 0.13407 0.122167 0.391481 0.855085 0.153671 0.762274 0.736833 0.320633 0.796585 0.631824 0.113723 0.0705441 0.936194 0.66771 0.473783 0.104372 0.898318 0.249134 0.0834352 0.993677 0.201226 0.344616 0.650259 0.650793 0.290903 0.0741587 0.782454 0.0566518 0.625372 0.873403 0.0455666 0.631258 0.324057 0.454017 0.192137 0.667055 0.29139 0.574324 0.686412 0.568513 0.156553 0.169309 0.553608 0.506123 0.0188777 0.884175 0.701897 0.46273 0.195708 0.47058 0.510019 0.301674 0.637664 
0.388858 0.447932 0.804164 0.761102 0.777042 0.924364 0.105788 0.633504 0.553922 0.246986 0.577584 0.221834 0.691524 0.918158 0.619141 0.700416 0.331049 0.0708861 0.319285 0.418056 0.0938942 0.868647 0.142441 0.192743 0.286443 0.259637 0.630498 0.969031 0.160765 0.884104 0.108161 0.473288 0.0590006 0.936788 0.94448 0.649769 0.14423 0.481841 0.617614 0.367784 0.9095 0.75015 0.847918 0.0940255 0.986884 0.970862 0.790468 0.7852 0.795876 0.737252 0.0895211 0.379089 0.652844 0.496932 0.393077 0.572439 0.759478 0.632373 0.305463 0.297553 0.01208 0.865577 0.702858 0.788664 
0.697781 0.0782331 0.125318 0.80171 0.273419 0.410834 0.255988 0.95108 0.242232 0.207017 0.356483 0.890972 0.179817 0.372339 0.916318 0.141631 0.224625 0.261465 0.280911 0.487393 0.628513 0.162312 0.681156 0.725744 0.169093 0.670325 0.859338 0.311892 0.778616 0.848812 0.329618 0.532749 0.637571 0.823958 0.820836 0.382612 0.52906 0.93624 0.386487 0.373744 0.594661 0.186918 0.237527 0.700454 0.500726 0.477842 0.291388 0.0256407 0.612788 0.469079 0.0357689 0.75178 0.939141 0.415385 0.676401 0.0813842 0.622965 0.36629 0.57528 0.781602 0.35398 0.0990703 0.184182 0.303298 
0.115651 0.854649 0.293383 0.98129 0.448008 0.122718 0.936952 0.262315 0.2109 0.126376 0.498915 0.984392 0.616927 0.828693 0.0697659 0.0249552 0.685824 0.74556 0.249801 0.978537 0.177057 0.0120743 0.297692 0.48623 0.905365 0.501363 0.417709 0.405786 0.602259 0.234607 0.0161746 0.560404 0.167146 0.996798 0.966401 0.2663 0.519638 0.570681 0.490818 0.187198 0.636749 0.0505121 0.37756 0.144107 0.0184735 0.612673 0.0301371 0.56003 0.447111 0.104641 0.546391 0.473479 0.56804 0.943634 0.256164 0.896801 0.527987 0.563017 0.321402 0.0984248 0.631688 0.371084 0.488015 0.553875 
0.431143 0.186381 0.0786925 0.378647 0.59193 0.676193 0.757672 0.755432 0.0588031 0.117778 0.859162 0.636749 0.463144 0.561844 0.553402 0.667054 0.1482 0.81144 0.810929 0.3302 0.666662 0.532407 0.963987 0.184073 0.177161 0.635462 0.778508 0.858179 0.0485479 0.330769 0.320773 0.16906 0.0195047 0.476709 0.478428 0.992515 0.91886 0.689119 0.541895 0.940667 0.767831 0.322651 0.305232 0.195152 0.506874 0.769813 0.0470845 0.836087 0.863743 0.123475 0.0346531 0.402544 0.355251 0.622134 0.644979 0.625658 0.45486 0.911908 0.395137 0.685855 0.533562 0.0498519 0.824991 0.415419 
0.115595 0.138661 0.4656 0.108866 0.613832 0.91139 0.2803 0.730881 0.331482 0.377675 0.16914 0.382752 0.401084 0.168533 0.989949 0.0199457 0.868457 0.289533 0.312916 0.319232 0.646187 0.818041 0.770257 0.282612 0.535642 0.0567096 0.661357 0.870235 0.141492 0.10965 0.216651 0.94363 0.617175 0.526563 0.89464 0.682993 0.178282 0.702011 0.853616 0.173502 0.694036 0.645349 0.382946 0.446096 0.314396 0.31827 0.962831 0.699505 0.214872 0.409142 0.236478 0.657596 0.329132 0.486124 0.263853 0.404056 0.323849 0.519215 0.174605 0.112216 0.85891 0.368062 0.61066 0.785474 
0.553466 0.560353 0.289598 0.188098 0.359478 0.138706 0.461315 0.150658 0.19919 0.240308 0.294427 0.26033 0.480264 0.794789 0.990768 0.201156 0.361653 0.914096 0.888278 0.0185271 0.232648 0.190257 0.965686 0.0497047 0.953162 0.191584 0.487469 0.82172 0.827885 0.228856 0.237016 0.733203 0.603235 0.433502 0.350669 0.497485 0.517623 0.907447 0.00036125 0.528225 0.772875 0.0304013 0.481371 0.86511 0.998534 0.108637 0.796211 0.721496 0.4182 0.877827 0.31968 0.488933 0.607254 0.347382 0.0796463 0.989109 0.790689 0.439481 0.92943 0.831721 0.307524 0.0271259 0.0925995 0.698361 
0.114352 0.459161 0.984066 0.405543 0.200613 0.978605 0.417826 0.345541 0.30161 0.668109 0.660719 0.177471 0.317953 0.154219 0.258605 0.480346 0.149576 0.29116 0.388375 0.947027 0.117207 0.0615217 0.736184 0.734683 0.919165 0.224803 0.380039 0.916755 0.38251 0.0740983 0.149378 0.26377 0.270413 0.381083 0.0259592 0.413756 0.265932 0.738064 0.295562 0.320695 0.285566 0.0419836 0.470883 0.0634972 0.932977 0.658272 0.875497 0.906194 0.681796 0.227853 0.32818 0.54581 0.187582 0.374756 0.0452861 0.821513 0.439636 0.882779 0.666254 0.239552 0.406967 0.849324 0.597077 0.621557 
0.129516 0.306118 0.464441 0.859793 0.00718731 0.0616466 0.488555 0.851073 0.816554 0.855298 0.678095 0.81684 0.273586 0.859993 0.334571 0.085536 0.36014 0.942106 0.976053 0.67337 0.208553 0.200698 0.28322 0.0796376 0.822673 0.917288 0.046809 0.0773475 0.943343 0.468467 0.736967 0.702919 0.0710629 0.830564 0.484926 0.193895 0.695525 0.857149 0.188633 0.987198 0.0115106 0.383874 0.123946 0.771265 0.127567 0.884326 0.458198 0.29596 0.614243 0.248541 0.908565 0.70135 0.657474 0.330413 0.101254 0.340243 0.585689 0.399985 0.878378 0.439541 0.484352 0.179432 0.436782 0.802128 
0.120133 0.00391337 0.0388597 0.958926 0.738276 0.00230455 0.56308 0.896485 0.165948 0.58296 0.789402 0.590264 0.311681 0.189664 0.103235 0.908766 0.0683249 0.689555 0.944197 0.298717 0.210481 0.621459 0.212207 0.0754125 0.583521 0.664179 0.0211041 0.915708 0.81951 0.00605146 0.908114 0.230643 0.586119 0.938883 0.940199 0.631041 0.658162 0.378914 0.334215 0.133954 0.610856 0.214866 0.987607 0.47838 0.423097 0.730041 0.869484 0.740766 0.400827 0.194498 0.405638 0.786755 0.149823 0.498464 0.32626 0.155218 0.574666 0.813354 0.273688 0.567115 0.295975 0.325185 0.6166 0.0547826 
0.614272 0.656035 0.273031 0.95965 0.832529 0.857114 0.596345 0.871211 0.550095 0.342211 0.356756 0.210073 0.536108 0.168023 0.0421418 0.388357 0.038434 0.0217524 0.799099 0.585304 0.697171 0.472742 0.0122511 0.699245 0.864814 0.866936 0.241964 0.415928 0.438857 0.156528 0.228003 0.43693 0.408589 0.907738 0.73205 0.520038 0.633463 0.749522 0.182669 0.409974 0.741598 0.0765215 0.696119 0.953507 0.191252 0.364851 0.772608 0.433776 0.511954 0.944786 0.493562 0.960943 0.0325915 0.822443 0.535047 0.772909 0.728715 0.0511493 0.799341 0.0624531 0.443461 0.812679 0.775255 0.875053 
0.328097 0.218983 0.766926 0.00866125 0.265848 0.133661 0.463601 0.501834 0.901023 0.916402 0.208009 0.375315 0.792575 0.519042 0.687129 0.132566 0.782676 0.0218414 0.354797 0.912914 0.761022 0.774427 0.295225 0.176895 0.995064 0.90238 0.42066 0.549936 0.285639 0.441882 0.718442 0.153232 0.564555 0.365978 0.925502 0.890551 0.24761 0.664192 0.407998 0.416128 0.542857 0.361749 0.762381 0.549191 0.356834 0.299861 0.933758 0.935556 0.736334 0.314317 0.826389 0.275043 0.102703 0.459136 0.834168 0.296564 0.288603 0.384055 0.660269 0.605868 0.607205 0.832332 0.190375 0.320031 
0.571461 0.749243 0.2761 0.147605 0.994073 0.902515 0.841284 0.834461 0.207656 0.0399405 0.959054 0.274182 0.449421 0.443113 0.609937 0.371608 0.0351057 0.266665 0.383343 0.163995 0.516817 0.364391 0.793377 0.227424 0.958037 0.788957 0.842028 0.493427 0.223299 0.808193 0.290488 0.182554 0.559481 0.617571 0.529872 0.238097 0.0922515 0.804306 0.455559 0.881525 0.462315 0.523444 0.703283 0.642792 0.821687 0.0253701 0.577522 0.138132 0.55078 0.27918 0.168242 0.933486 0.401897 0.0781414 0.360121 0.98356 0.714199 0.171658 0.419642 0.00198998 0.550849 0.0254557 0.813275 0.621231 
0.339122 0.800454 0.416926 0.127833 0.515113 0.711888 0.0607641 0.721409 0.228904 0.787352 0.322028 0.495683 0.887567 0.908452 0.344063 0.962241 0.932872 0.519843 0.50858 0.561254 0.37151 0.662958 0.796784 0.866524 0.907696 0.468753 0.332563 0.423352 0.892894 0.446205 0.16005 0.576233 0.153255 0.309493 0.738144 0.174054 0.850536 0.39171 0.801464 0.835645 0.864951 0.554268 0.851127 0.463736 0.244327 0.100606 0.290389 0.17683 0.961583 0.580428 0.511709 0.429462 0.708016 0.0603724 0.486027 0.648779 0.738425 0.60141 0.753238 0.410136 0.630743 0.461494 0.455065 0.534046 
0.0579508 0.71309 0.546184 0.386636 0.644974 0.053482 0.579081 0.182777 0.359188 0.409381 0.833581 0.0782333 0.89581 0.553917 0.0379064 0.942193 0.723599 0.914637 0.392333 0.0488326 0.830794 0.915375 0.33296 0.359372 0.0152574 0.563049 0.0487551 0.96219 0.390629 0.803831 0.783191 0.253047 0.534926 0.885741 0.586311 0.852587 0.905177 0.870512 0.131363 0.426001 0.301069 0.720848 0.419226 0.764674 0.202671 0.1141 0.0340826 0.968194 0.910911 0.689691 0.712952 0.449815 0.246015 0.411062 0.011009 0.32012 0.274866 0.786679 0.13188 0.697068 0.0223785 0.892883 0.704964 0.286945 
0.530227 0.759416 0.502877 0.28774 0.513687 0.704064 0.625266 0.790052 0.627369 0.20975 0.940869 0.56057 0.344613 0.405111 0.945167 0.100386 0.620642 0.115131 0.946936 0.556973 0.203805 0.39796 0.990477 0.500672 0.876441 0.463635 0.185951 0.304217 0.168951 0.435826 0.391864 0.501765 0.120372 0.651033 0.388505 0.0297974 0.0495625 0.858788 0.650353 0.436792 0.959994 0.983705 0.0318832 0.0836223 0.810397 0.308375 0.284842 0.0889413 0.371984 0.149363 0.382567 0.933966 0.130199 0.363026 0.83341 0.784222 0.241186 0.686839 0.226874 0.745316 0.070815 0.461707 0.895465 0.374513 
0.073336 0.186175 0.478417 0.781399 0.244775 0.314901 0.0826132 0.237694 0.987676 0.0561001 0.659166 0.696135 0.31125 0.871328 0.958904 0.685176 0.376502 0.755748 0.42421 0.54879 0.131842 0.555075 0.776391 0.775623 0.256407 0.0161055 0.499197 0.199752 0.460455 0.675968 0.366346 0.148587 0.748575 0.226137 0.880517 0.364484 0.488373 0.698813 0.430175 0.986427 0.127022 0.621862 0.130748 0.179006 0.71927 0.553873 0.0148846 0.3281 0.198556 0.991304 0.183868 0.111965 0.0816105 0.892172 0.12165 0.365152 0.205932 0.773846 0.233536 0.559344 0.648585 0.754395 0.721997 0.383445 
0.498595 0.0647647 0.282439 0.0936567 0.363535 0.237487 0.325249 0.959941 0.245712 0.636759 0.808273 0.140858 0.479224 0.167284 0.286341 0.984873 0.477325 0.840429 0.319848 0.303139 0.623886 0.291515 0.214007 0.396635 0.248342 0.733331 0.27382 0.587605 0.841284 0.152835 0.666146 0.0904188 0.250405 0.934221 0.281642 0.864856 0.23511 0.232692 0.014903 0.785956 0.636149 0.930036 0.926684 0.359928 0.278746 0.538556 0.455654 0.621493 0.0611606 0.668071 0.778275 0.711003 0.545073 0.428449 0.569631 0.0792044 0.519271 0.589082 0.0870304 0.951758 0.818991 0.735154 0.784813 0.882842 
0.348896 0.781221 0.731163 0.900788 0.519093 0.110456 0.350691 0.0779837 0.417984 0.279869 0.986886 0.323623 0.732392 0.562157 0.821107 0.28749 0.414499 0.542175 0.575257 0.589345 0.54078 0.515058 0.822653 0.386261 0.908875 0.998633 0.0207895 0.927644 0.935983 0.965184 0.194156 0.093934 0.610133 0.138852 0.290147 0.275076 0.294701 0.580024 0.606139 0.177496 0.708226 0.814574 0.367635 0.989671 0.285956 0.679095 0.762482 0.311501 0.0498931 0.235503 0.969854 0.952256 0.912091 0.342522 0.966763 0.344417 0.0554625 0.147894 0.38089 0.812786 0.914346 0.998872 0.176133 0.120256 
0.0110418 0.654791 0.896897 0.484118 0.816422 0.358866 0.0482496 0.822284 0.606028 0.817235 0.400874 0.778923 0.966441 0.139384 0.180318 0.639218 0.573134 0.90903 0.951627 0.468239 0.116211 0.00884535 0.463325 0.437754 0.460962 0.418446 0.230818 0.233598 0.395873 0.212923 0.471121 0.884231 0.985222 0.688054 0.754838 0.835821 0.00741185 0.88826 0.984673 0.313837 0.829052 0.637258 0.112764 0.600048 0.970554 0.741052 0.15474 0.376376 0.311929 0.0327957 0.851833 0.607196 0.705327 0.655349 0.719047 0.764724 0.476396 0.616605 0.682696 0.778846 0.869533 0.725694 0.888043 0.168816 
0.212769 0.024833 0.68343 0.715352 0.12767 0.262735 0.555086 0.174945 0.694051 0.0878242 0.863117 0.474302 0.309284 0.993642 0.688278 0.376479 0.0664943 0.897719 0.80182 0.368499 0.12845 0.631649 0.866565 0.779179 0.645696 0.349084 0.0258683 0.632564 0.137613 0.144488 0.673994 0.0525218 0.91813 0.0745838 0.0510213 0.744354 0.488943 0.948115 0.596357 0.299043 0.791231 0.276012 0.492228 0.848471 0.688592 0.211307 0.0281302 0.747662 0.965764 0.953045 0.76592 0.0427297 0.399797 0.918149 0.148139 0.582287 0.0414989 0.773697 0.677271 0.0349202 0.23755 0.438198 0.657291 0.640489 
0.0878975 0.481583 0.708838 0.306817 0.420581 0.653933 0.652562 0.275253 0.285807 0.994993 0.310813 0.833844 0.427336 0.0784404 0.964943 0.0770575 0.570045 0.241253 0.0168472 0.767273 0.803203 0.769714 0.226242 0.583306 0.171935 0.324069 0.260389 0.879424 0.540404 0.390132 0.84593 0.923904 0.35345 0.596194 0.320063 0.323276 0.474 0.0185293 0.835788 0.337892 0.164032 0.525524 0.385742 0.531057 0.816001 0.316157 0.614973 0.752491 0.383815 0.885242 0.229683 0.167483 0.0063738 0.146568 0.337211 0.520961 0.525852 0.688035 0.581162 0.912067 0.500584 0.0498485 0.404802 0.920715 
0.200483 0.8356 0.636411 0.0928888 0.964539 0.415674 0.360589 0.160679 0.482091 0.102162 0.737321 0.423946 0.854847 0.37483 0.228132 0.0651685 0.608298 0.963237 0.635232 0.818321 0.914702 0.97992 0.982578 0.350261 0.548106 0.0905515 0.5275 0.0995372 0.826947 0.486306 0.847642 0.694456 0.396121 0.538101 0.763368 0.259903 0.61856 0.930372 0.638294 0.506178 0.310279 0.0248204 0.724925 0.392068 0.801922 0.880756 0.98089 0.76922 0.677989 0.68112 0.464623 0.402303 0.88573 0.87969 0.647699 0.41471 0.919371 0.559744 0.0651457 0.992317 0.601675 0.471044 0.421379 0.911059 
0.748013 0.0603274 0.765438 0.299263 0.60755 0.514931 0.461242 0.691206 0.207004 0.585567 0.645695 0.794256 0.323997 0.674888 0.703141 0.894846 0.114044 0.779482 0.00244205 0.66354 0.0694473 0.435957 0.301757 0.997671 0.221659 0.0270083 0.898844 0.672861 0.422305 0.522294 0.095241 0.882121 0.396932 0.382323 0.338369 0.975004 0.440229 0.434809 0.987882 0.00626643 0.580204 0.430991 0.492066 0.961679 0.801222 0.493397 0.813416 0.650283 0.360958 0.31666 0.732612 0.953109 0.302249 0.97415 0.705359 0.119098 0.758496 0.10786 0.247073 0.926512 0.379415 0.278753 0.98644 0.423162 
0.921286 0.649444 0.262929 0.821749 0.3352 0.205849 0.481052 0.403144 0.129324 0.77271 0.512316 0.392218 0.880091 0.265448 0.780022 0.971087 0.144581 0.984522 0.237032 0.81518 0.0329027 0.354454 0.0282077 0.990735 0.298677 0.49366 0.478032 0.00769743 0.343221 0.872244 0.558245 0.43509 0.393804 0.326863 0.580136 0.589188 0.229821 0.609382 0.355168 0.332952 0.526967 0.941672 0.70285 0.297422 0.941398 0.646389 0.803757 0.433725 0.873216 0.811961 0.442208 0.695428 0.535582 0.225435 0.484334 0.644931 0.96617 0.610255 0.994335 0.867407 0.109702 0.655222 0.941113 0.598015 
0.731538 0.461642 0.401641 0.283719 0.40285 0.593237 0.756566 0.422044 0.556606 0.867609 0.373921 0.938384 0.686718 0.53549 0.721221 0.208213 0.166256 0.729911 0.928035 0.722139 0.625809 0.522479 0.290296 0.764912 0.889978 0.996278 0.105673 0.558215 0.237249 0.650934 0.553707 0.426222 0.165909 0.840127 0.261071 0.900084 0.404969 0.921242 0.11365 0.68036 0.804638 0.381441 0.000224408 0.616326 0.934555 0.497452 0.156062 0.192053 0.912257 0.131587 0.678042 0.355967 0.107145 0.22037 0.119902 0.0640337 0.779827 0.954643 0.223435 0.705589 0.855465 0.252211 0.984398 0.259356 
0.153402 0.923887 0.792852 0.961774 0.527634 0.929058 0.0325523 0.781526 0.566302 0.229511 0.863122 0.360352 0.790356 0.796337 0.150955 0.636314 0.292381 0.870219 0.0640645 0.239386 0.234936 0.857231 0.733788 0.51489 0.010562 0.447027 0.0354952 0.737548 0.364407 0.77594 0.0587566 0.854303 0.743351 0.118366 0.459609 0.830213 0.972399 0.439874 0.946523 0.984791 0.590662 0.247882 0.3178 0.380391 0.00791975 0.737537 0.43282 0.241028 0.528597 0.241975 0.845897 0.167433 0.799002 0.106264 0.969318 0.0421973 0.172484 0.220168 0.30461 0.0750682 0.285264 0.757763 0.48966 0.7965 
0.197665 0.298462 0.91326 0.802253 0.28323 0.907627 0.373258 0.782171 0.853476 0.460329 0.336753 0.42415 0.113525 0.26166 0.33521 0.823248 0.585493 0.642486 0.296141 0.312533 0.251537 0.0652924 0.991267 0.713389 0.85624 0.0374529 0.69536 0.483315 0.299603 0.138397 0.476224 0.293821 0.195953 0.10228 0.454424 0.230292 0.983034 0.644599 0.782754 0.555629 0.468961 0.112916 0.946919 0.666067 0.868452 0.181585 0.932643 0.819858 0.749517 0.388552 0.678747 0.363636 0.252281 0.99712 0.311496 0.369463 0.690927 0.590546 0.0175724 0.686576 0.715282 0.629283 0.0111139 0.769098 
0.876848 0.935269 0.0494317 0.759117 0.964425 0.336147 0.0580539 0.63763 0.661402 0.741404 0.975849 0.61632 0.118592 0.18507 0.754382 0.345915 0.350386 0.928906 0.122162 0.632186 0.710627 0.511484 0.537809 0.669543 0.122021 0.254517 0.850847 0.302376 0.129216 0.720756 0.305682 0.0405214 0.212985 0.853192 0.966629 0.918769 0.316083 0.942984 0.603211 0.166356 0.929101 0.38085 0.256194 0.402204 0.420112 0.744811 0.893421 0.763939 0.0297496 0.87134 0.870176 0.65265 0.307998 0.664312 0.141806 0.965327 0.93814 0.993363 0.707913 0.663032 0.318079 0.095979 0.0748629 0.502666 
0.831418 0.0857871 0.810568 0.80949 0.738883 0.543422 0.0323125 0.454959 0.932756 0.106125 0.458087 0.877794 0.287113 0.073726 0.550222 0.0803889 0.989476 0.33232 0.0729353 0.35797 0.562883 0.428751 0.0939613 0.0037836 0.0132511 0.100515 0.430441 0.932727 0.33248 0.729983 0.32409 0.0607997 0.864495 0.52922 0.342444 0.093214 0.0900858 0.250907 0.858131 0.748883 0.0579943 0.375905 0.323302 0.651621 0.450887 0.430802 0.414152 0.333906 0.235298 0.486544 0.952605 0.676446 0.545591 0.838622 0.106895 0.325351 0.814128 0.0365775 0.0632604 0.0500051 0.125158 0.305255 0.401416 0.16751 
0.111443 0.819276 0.266675 0.620959 0.39031 0.884312 0.539389 0.220983 0.0775816 0.316088 0.794975 0.551134 0.621816 0.43822 0.82431 0.142398 0.318798 0.870289 0.076418 0.67071 0.758752 0.954845 0.86855 0.468056 0.117631 0.63583 0.827123 0.445409 0.527684 0.204343 0.62344 0.618446 0.482751 0.994398 0.861941 0.0619536 0.132388 0.0815667 0.608084 0.107913 0.416273 0.998807 0.0714895 0.694743 0.103346 0.537476 0.922595 0.604702 0.600388 0.391728 0.641806 0.895452 0.713549 0.472637 0.936853 0.0336358 0.523043 0.929344 0.0959496 0.634157 0.634836 0.742351 0.553561 0.82773 
0.129309 0.823679 0.0811092 0.65998 0.889609 0.82864 0.328339 0.715822 0.569526 0.765002 0.413104 0.242908 0.137351 0.810981 0.471962 0.638229 0.816924 0.83151 0.804968 0.0811652 0.622125 0.900668 0.0383885 0.57964 0.816697 0.317159 0.461153 0.825826 0.563972 0.453895 0.769526 0.199844 0.085691 0.700713 0.816212 0.0730422 0.0162544 0.358072 0.339612 0.341449 0.859559 0.129056 0.852962 0.653815 0.324003 0.99921 0.709187 0.730184 0.71927 0.271994 0.372178 0.115352 0.316106 0.553373 0.906635 0.807292 0.403167 0.00642679 0.232761 0.680555 0.346587 0.277304 0.966237 0.974143 
0.758488 0.183373 0.0249481 0.471269 0.520722 0.408945 0.861658 0.704648 0.269115 0.67058 0.994521 0.34945 0.540339 0.233412 0.896081 0.302642 0.246804 0.473816 0.818792 0.525214 0.03133 0.805615 0.706336 0.931497 0.443976 0.266466 0.648122 0.772553 0.658621 0.133447 0.356318 0.572122 0.337882 0.0827795 0.525331 0.386786 0.0913962 0.94796 0.77088 0.400534 0.428624 0.0848259 0.293775 0.188364 0.252618 0.886496 0.9246 0.90444 0.00816044 0.542931 0.850328 0.165187 0.125928 0.225278 0.400441 0.990563 0.982486 0.352972 0.0519125 0.322345 0.353219 0.525246 0.305958 0.33675 
0.00373863 0.313767 0.564381 0.224292 0.119551 0.266146 0.0757588 0.364436 0.910161 0.951276 0.447526 0.750333 0.193144 0.453614 0.193102 0.401795 0.385311 0.994373 0.745406 0.548408 0.647613 0.851373 0.357594 0.111884 0.737007 0.883194 0.896861 0.136938 0.153107 0.0141376 0.687995 0.380025 0.919169 0.450148 0.322911 0.811645 0.515857 0.386518 0.570873 0.969086 0.98807 0.997114 0.977243 0.511735 0.795888 0.971484 0.497195 0.950704 0.0158846 0.179006 0.28197 0.340313 0.0964597 0.72402 0.802955 0.032576 0.726236 0.753422 0.467317 0.772252 0.344494 0.809652 0.963172 0.00805625 
0.806226 0.273213 0.795297 0.713031 0.287001 0.157806 0.924815 0.905938 0.610918 0.841435 0.80919 0.748518 0.435836 0.0910603 0.687385 0.167664 0.576772 0.815686 0.965206 0.0262694 0.050255 0.626641 0.195662 0.796218 0.0793894 0.24859 0.648057 0.360986 0.442417 0.378035 0.0205526 0.780369 0.89048 0.615938 0.201915 0.414663 0.273492 0.959286 0.309255 0.934823 0.507026 0.0529427 0.377057 0.99354 0.47159 0.932013 0.812822 0.217669 0.107636 0.293159 0.923596 0.542625 0.220894 0.830268 0.390524 0.142983 0.976152 0.888812 0.518482 0.708526 0.38364 0.362456 0.904095 0.197718 
0.85243 0.716317 0.852773 0.427323 0.0482158 0.490873 0.0725507 0.084936 0.150089 0.978717 0.222053 0.925198 0.150836 0.826261 0.4835 0.324757 0.266059 0.0346384 0.262232 0.630514 0.757191 0.859116 0.566408 0.116156 0.319472 0.0649904 0.485545 0.487585 0.79854 0.591125 0.965626 0.973697 0.526019 0.450744 0.189289 0.524081 0.537117 0.831717 0.899198 0.615589 0.895003 0.14439 0.787323 0.374335 0.312765 0.716669 0.692973 0.493715 0.395128 0.982195 0.728174 0.145281 0.526045 0.951977 0.814841 0.430874 0.997781 0.0484693 0.76224 0.367979 0.224716 0.50923 0.881142 0.388203 
0.165447 0.619021 0.779785 0.277001 0.697678 0.4605 0.509464 0.0113279 0.515074 0.722331 0.197068 0.992928 0.93185 0.0408702 0.361539 0.124166 0.144018 0.092553 0.740059 0.846462 0.77418 0.178546 0.990144 0.245662 0.584124 0.699866 0.0902048 0.598777 0.59473 0.0304633 0.972809 0.65792 0.228987 0.664508 0.420674 0.942326 0.238789 0.948414 0.571161 0.0266495 0.849331 0.628142 0.478215 0.561712 0.960109 0.412046 0.900746 0.540386 0.801127 0.733065 0.0287336 0.0182421 0.762813 0.95033 0.684691 0.585983 0.205818 0.870623 0.0219758 0.572629 0.00427505 0.494709 0.241042 0.563398 
0.535946 0.620099 0.885818 0.341182 0.074125 0.153155 0.359354 0.610661 0.980512 0.146264 0.827125 0.283949 0.813654 0.663466 0.95141 0.762012 0.16143 0.450283 0.948671 0.282666 0.152723 0.557658 0.751778 0.233523 0.902356 0.908106 0.421035 0.393872 0.352585 0.386054 0.900808 0.175448 0.874441 0.902007 0.854824 0.794115 0.335026 0.147182 0.754932 0.0305227 0.28876 0.0734972 0.257129 0.811418 0.113015 0.745332 0.967034 0.57953 0.12013 0.762812 0.0485717 0.0853767 0.786158 0.361988 0.552564 0.185614 0.375372 0.574372 0.65399 0.431172 0.839887 0.365206 0.10852 0.798701 
0.319649 0.0580357 0.747688 0.922183 0.00858061 0.0819973 0.687713 0.599553 0.728152 0.039209 0.913429 0.390089 0.0501998 0.7439 0.789388 0.731969 0.323294 0.478772 0.719056 0.314803 0.192469 0.690557 0.833236 0.765838 0.792518 0.120652 0.140341 0.457702 0.392859 0.464456 0.856781 0.744269 0.609433 0.313417 0.727047 0.651553 0.338642 0.0152342 0.0299555 0.381335 0.585459 0.896086 0.181134 0.40296 0.206379 0.514311 0.823367 0.651165 0.541851 0.0257186 0.181444 0.0122821 0.181079 0.400531 0.954435 0.477537 0.815906 0.204024 0.569332 0.389354 0.274053 0.860513 0.61861 0.500193 
0.182284 0.755348 0.683644 0.822509 0.0415814 0.354619 0.44889 0.173069 0.100888 0.0734137 0.715111 0.0388033 0.477454 0.979629 0.821913 0.865835 0.667643 0.257036 0.173355 0.867436 0.0201817 0.159303 0.337928 0.265341 0.875634 0.0263664 0.0665329 0.239067 0.502095 0.507164 0.409004 0.719706 0.420224 0.974925 0.112925 0.74462 0.41056 0.3544 0.92124 0.370613 0.560863 0.463553 0.410056 0.886242 0.0356831 0.934413 0.923392 0.64096 0.116541 0.720777 0.0368279 0.874977 0.964888 0.252481 0.664146 0.134526 0.490157 0.455104 0.158363 0.373818 0.625946 0.761985 0.915896 0.218169 
0.35879 0.545576 0.436336 0.264268 0.311127 0.0700126 0.783647 0.480195 0.0135082 0.115791 0.916831 0.727169 0.562124 0.0978796 0.442157 0.960206 0.786355 0.730045 0.39813 0.95777 0.0461105 0.0658044 0.0888754 0.266403 0.783882 0.112462 0.748621 0.607478 0.806316 0.999704 0.504256 0.956959 0.948955 0.832925 0.366163 0.912713 0.336819 0.888616 0.853735 0.0522734 0.0172499 0.714456 0.531056 0.0395297 0.708992 0.104012 0.362686 0.0798936 0.541352 0.01182 0.0293781 0.547978 0.731376 0.829877 0.330468 0.171537 0.443765 0.00444403 0.423236 0.0247144 0.481233 0.949282 0.819371 0.301306 
0.488443 0.172903 0.395415 0.851346 0.309678 0.73711 0.149828 0.483777 0.142669 0.143322 0.661261 0.053309 0.289394 0.306741 0.578998 0.529125 0.286581 0.987084 0.446732 0.738478 0.00205701 0.977167 0.126843 0.206879 0.167444 0.721968 0.187487 0.46234 0.34069 0.169042 0.169324 0.857064 0.228442 0.742357 0.457741 0.54462 0.963419 0.0605208 0.341936 0.0173102 0.403082 0.0784046 0.0479481 0.357523 0.801765 0.560752 0.61862 0.983335 0.294544 0.107671 0.0705325 0.777925 0.623117 0.224871 0.638289 0.990066 0.141554 0.346903 0.323382 0.662786 0.471076 0.540676 0.775451 0.739727 
0.573695 0.961934 0.734428 0.730527 0.463348 0.196697 0.674412 0.311924 0.482703 0.684258 0.354209 0.154549 0.00970818 0.51534 0.419297 0.144392 0.403011 0.746997 0.964107 0.65993 0.0156369 0.416854 0.262131 0.143 0.252182 0.288121 0.87069 0.325618 0.0846441 0.902098 0.111385 0.531602 0.201654 0.705645 0.721921 0.661559 0.288348 0.657963 0.697698 0.91352 0.844394 0.889776 0.62921 0.779484 0.364056 0.859434 0.312947 0.721931 0.437825 0.162892 0.727818 0.874615 0.0244728 0.549025 0.87445 0.831955 0.434016 0.726086 0.0593587 0.333973 0.655431 0.0764482 0.678354 0.960718 
0.219005 0.986408 0.737558 0.975743 0.683492 0.384708 0.925567 0.440707 0.784257 0.0952408 0.674579 0.528242 0.916492 0.713272 0.982522 0.671247 0.713235 0.923885 0.453502 0.0796307 0.894736 0.928242 0.142916 0.518496 0.218258 0.227367 0.096731 0.0969729 0.169539 0.615697 0.430814 0.580013 0.560447 0.266622 0.307332 0.808436 0.628022 0.711622 0.677663 0.322476 0.479806 0.136577 0.980017 0.0843719 0.380702 0.861441 0.69863 0.951499 0.860352 0.404263 0.0244556 0.107442 0.450361 0.425327 0.100037 0.830903 0.735521 0.367616 0.828315 0.322421 0.626325 0.408114 0.370011 0.625266 
0.244668 0.729416 0.648738 0.0340257 0.264282 0.365772 0.533287 0.640469 0.170191 0.755941 0.159217 0.416744 0.0400623 0.570666 0.0689975 0.300466 0.416577 0.514082 0.107703 0.982206 0.967254 0.739738 0.9551 0.645236 0.362897 0.782564 0.0762702 0.463986 0.697705 0.577215 0.146678 0.628623 0.333043 0.837184 0.253407 0.0336 0.978688 0.579121 0.884533 0.265858 0.363386 0.129775 0.218039 0.139078 0.812017 0.720491 0.456734 0.995959 0.705636 0.841242 0.192954 0.455123 0.867286 0.311222 0.98926 0.772277 0.867576 0.939578 0.645231 0.693626 0.135409 0.912116 0.226314 0.523736 
0.138493 0.215975 0.459647 0.282623 0.944212 0.782082 0.850745 0.551721 0.684821 0.344781 0.202407 0.809204 0.79786 0.540328 0.0610311 0.0475426 0.92812 0.708754 0.154475 0.117735 0.356236 0.0842902 0.470637 0.998976 0.0702585 0.916842 0.240097 0.496153 0.331556 0.516975 0.62795 0.620659 0.00215569 0.893815 0.764618 0.347277 0.297089 0.334836 0.172665 0.260298 0.834778 0.0576463 0.461087 0.753746 0.868206 0.674315 0.233251 0.129567 0.783032 0.810935 0.216606 0.74513 0.843222 0.058915 0.710623 0.149146 0.498154 0.0830905 0.367052 0.955374 0.0741552 0.520991 0.705036 0.449511 
