20.6291 1100101000100000011101000111011110101110111110100010110110011011111100100110100001100010000011111011
79.5945 0001000001111000101000100011110100001000100111000111101110110100110001000011110000101001010111100100
0.701963 0.730507 0.637479 0.780034 0.846709 0.89331 0.234638 0.0113966 0.464054 0.802211 0.15365 0.111309 0.0889699 0.869144 0.442073 0.128925 0.34161 0.406794 0.000265782 0.880805 0.94577 0.935053 0.0558734 0.0963554 0.886402 0.398449 0.954222 0.744397 0.777571 0.92832 0.940287 0.547556 0.546693 0.645806 0.135338 0.938736 0.327634 0.728698 0.191386 0.7018 0.931506 0.504585 0.78576 0.493366 0.502876 0.688653 0.460388 0.657493 0.814548 0.68627 0.247239 0.500665 0.666621 0.0216325 0.78346 0.894359 0.402436 0.843283 0.724285 0.104371 0.777007 0.365723 0.709817 0.829345 
0.620183 0.339483 0.567026 0.867626 0.541827 0.4015 0.677397 0.419215 0.823736 0.114167 0.0286407 0.966417 0.945654 0.144888 0.151058 0.809119 0.435025 0.181935 0.462289 0.518688 0.118748 0.0886103 0.525175 0.392637 0.122097 0.15258 0.623174 0.971838 0.856107 0.807813 0.50739 0.136274 0.569947 0.757352 0.753511 0.444918 0.617449 0.159069 0.106156 0.0977781 0.954787 0.112444 0.45992 0.80654 0.255242 0.733988 0.127438 0.653647 0.0787344 0.452199 0.362007 0.961934 0.162646 0.690853 0.151189 0.308332 0.739038 0.179653 0.034133 0.813066 0.860917 0.428816 0.386318 0.41702 
0.285934 0.812449 0.793692 0.803569 0.333581 0.156374 0.345113 0.320255 0.222868 0.315384 0.362645 0.629488 0.364054 0.0355976 0.473713 0.637819 0.978692 0.025007 0.0526898 0.888145 0.851868 0.123813 0.0294659 0.00362032 0.298367 0.968449 0.0592856 0.420872 0.995509 0.307375 0.995017 0.033337 0.860442 0.815603 0.956854 0.512855 0.704662 0.843054 0.139496 0.181567 0.574898 0.51403 0.601253 0.253874 0.0118313 0.255929 0.741993 0.96948 0.398572 0.0802197 0.943144 0.535621 0.798711 0.951405 0.186003 0.979719 0.185639 0.368629 0.241888 0.400121 0.320084 0.0559226 0.775992 0.838495 
0.580607 0.83365 0.824523 0.449694 0.610411 0.26954 0.634795 0.363463 0.751518 0.547431 0.193992 0.631408 0.925766 0.170284 0.891781 0.341266 0.508249 0.793241 0.264386 0.849898 0.31835 0.653514 0.138563 0.886924 0.195566 0.919799 0.365309 0.590516 0.76281 0.779532 0.68738 0.574763 0.317925 0.549197 0.429097 0.70239 0.713296 0.843281 0.667679 0.320114 0.601561 0.865226 0.0683 0.996225 0.952789 0.768893 0.676215 0.683952 0.2498 0.59616 0.903719 0.736349 0.491083 0.875596 0.310369 0.439761 0.655409 0.43368 0.691516 0.0805428 0.49828 0.571372 0.201634 0.625644 
0.639107 0.998152 0.633259 0.712943 0.143641 0.330298 0.201379 0.0774376 0.671635 0.571427 0.311511 0.799937 0.146245 0.68134 0.954806 0.953771 0.467661 0.616071 0.319227 0.11104 0.95668 0.24077 0.164602 0.750232 0.142464 0.325553 0.575347 0.236339 0.680226 0.479539 0.777517 0.4838 0.945142 0.782899 0.623526 0.896218 0.625625 0.435596 0.267075 0.928086 0.149322 0.945983 0.710297 0.580815 0.338412 0.637645 0.600547 0.0303303 0.154117 0.670749 0.411529 0.91896 0.438276 0.592839 0.472019 0.213572 0.858911 0.650961 0.295359 0.54205 0.751995 0.813434 0.952289 0.284415 
0.604088 0.124622 0.190686 0.952544 0.184981 0.260477 0.799612 0.754683 0.857118 0.614942 0.179404 0.708706 0.5529 0.555881 0.0540809 0.238258 0.875758 0.0895012 0.617582 0.0600203 0.18743 0.1834 0.484092 0.770379 0.441621 0.712419 0.883853 0.248902 0.404407 0.505269 0.093967 0.464237 0.503468 0.722533 0.99359 0.222323 0.133216 0.884295 0.357905 0.386194 0.982645 0.769745 0.533894 0.374623 0.545494 0.992074 0.224934 0.124534 0.908658 0.075375 0.384202 0.64233 0.504285 0.360114 0.565698 0.490987 0.0668117 0.830512 0.285382 0.868436 0.293364 0.176904 0.908399 0.700806 
0.377761 0.750563 0.0174379 0.378952 0.811344 0.00652575 0.824345 0.521891 0.0574714 0.499887 0.268405 0.42274 0.124994 0.99981 0.585365 0.757875 0.072083 0.235859 0.808774 0.111318 0.249053 0.406894 0.91624 0.925691 0.240229 0.84199 0.990161 0.72863 0.849303 0.199424 0.440288 0.372902 0.627853 0.594347 0.339342 0.725352 0.907847 0.224695 0.356742 0.64362 0.626649 0.462207 0.596751 0.20803 0.121041 0.0820051 0.59681 0.534503 0.893401 0.396726 0.739203 0.325437 0.697734 0.297372 0.904075 0.857521 0.971369 0.14761 0.00156208 0.17015 0.706435 0.0940226 0.447649 0.925576 
0.820899 0.912748 0.852386 0.483518 0.672345 0.400951 0.00550254 0.516139 0.440902 0.501404 0.703915 0.814664 0.17334 0.731882 0.843132 0.94177 0.703813 0.203419 0.6701 0.199718 0.196597 0.506508 0.12985 0.0449654 0.107912 0.144637 0.0593302 0.0131985 0.0967213 0.36073 0.576588 0.110146 0.185377 0.534801 0.815811 0.190869 0.330288 0.656629 0.957618 0.935844 0.426419 0.478863 0.866311 0.955185 0.971615 0.371976 0.199935 0.0517038 0.8941 0.355956 0.61323 0.88056 0.361917 0.262198 0.547255 0.0787443 0.409235 0.44179 0.120506 0.0404915 0.774337 0.979431 0.839958 0.664093 
0.280871 0.710715 0.732868 0.575613 0.559022 0.545135 0.567605 0.46182 0.191977 0.407755 0.0316473 0.929778 0.74328 0.59252 0.688469 0.539891 0.837759 0.630179 0.326889 0.719673 0.384858 0.5567 0.328472 0.625795 0.0976102 0.873098 0.916427 0.135015 0.496653 0.842061 0.932308 0.363008 0.806377 0.056938 0.219373 0.676006 0.0230645 0.0948237 0.805821 0.970074 0.136073 0.18737 0.312738 0.110912 0.694663 0.339246 0.700735 0.795272 0.403547 0.461667 0.273467 0.995409 0.22079 0.741641 0.0148324 0.503774 0.565569 0.805672 0.731259 0.215489 0.889639 0.391546 0.196267 0.545098 
0.247105 0.102122 0.858195 0.225292 0.407723 0.413973 0.510297 0.188493 0.184373 0.230783 0.380799 0.614618 0.315839 0.0223987 0.13764 0.980468 0.217222 0.351347 0.0617032 0.50077 0.536345 0.205318 0.107921 0.0161304 0.849156 0.400574 0.748931 0.871042 0.763793 0.714087 0.415949 0.683448 0.783802 0.273596 0.0631245 0.729355 0.517468 0.433164 0.323824 0.838779 0.920967 0.938287 0.426356 0.466125 0.921356 0.653015 0.52581 0.435206 0.130206 0.0762654 0.229869 0.541597 0.413871 0.147547 0.561356 0.142245 0.431829 0.0418701 0.209481 0.518706 0.763678 0.164149 0.323394 0.31531 
0.365388 0.15609 0.708494 0.315163 0.997058 0.409843 0.687273 0.2221 0.452784 0.920542 0.0634731 0.274492 0.045821 0.888227 0.728789 0.8137 0.8089 0.837466 0.79837 0.786367 0.995686 0.03472 0.272343 0.516643 0.420129 0.632275 0.949874 0.486946 0.336788 0.492832 0.391299 0.709785 0.132191 0.462457 0.393144 0.301803 0.910682 0.346965 0.98415 0.463222 0.153923 0.6927 0.0452132 0.923998 0.460391 0.407593 0.662914 0.168619 0.452326 0.940892 0.306813 0.493548 0.743485 0.246055 0.595764 0.849706 0.93056 0.076465 0.621936 0.53203 0.0638498 0.164265 0.901112 0.0724504 
0.115956 0.106843 0.889253 0.899568 0.450143 0.411841 0.114097 0.868573 0.0282555 0.480955 0.949706 0.582516 0.991009 0.0553811 0.98217 0.790458 0.721154 0.903355 0.896832 0.551027 0.662604 0.338555 0.30265 0.429543 0.534799 0.671427 0.425051 0.738852 0.616142 0.700173 0.179268 0.550504 0.167047 0.721026 0.345193 0.83529 0.459986 0.726805 0.650714 0.498545 0.212004 0.67067 0.944697 0.772118 0.7048 0.616403 0.921167 0.320107 0.448457 0.379363 0.997901 0.837166 0.637374 0.218436 0.941581 0.447169 0.253392 0.393957 0.0782011 0.706274 0.103539 0.8562 0.408569 0.607746 
0.323496 0.434626 0.265226 0.734007 0.271563 0.937945 0.885532 0.424128 0.561988 0.741753 0.0158987 0.157037 0.922119 0.415159 0.517519 0.620622 0.416569 0.680754 0.100476 0.496284 0.783511 0.276615 0.766499 0.0459156 0.648642 0.386734 0.75143 0.0240321 0.0686344 0.853113 0.233954 0.425283 0.527816 0.146086 0.947667 0.304437 0.304496 0.362934 0.56844 0.460065 0.859251 0.265066 0.754345 0.451692 0.855862 0.802882 0.458584 0.462882 0.818281 0.865413 0.736918 0.642399 0.117485 0.264677 0.928735 0.871822 0.0903431 0.674737 0.190231 0.56136 0.0400715 0.258647 0.440968 0.140818 
0.390791 0.735154 0.989038 0.127217 0.905643 0.896323 0.893807 0.669337 0.168803 0.678106 0.472707 0.172982 0.396857 0.581079 0.775246 0.219034 0.820338 0.478303 0.984152 0.98567 0.74841 0.438903 0.11335 0.732859 0.878591 0.638226 0.511546 0.98177 0.00597728 0.122303 0.966106 0.421516 0.695126 0.540051 0.0895037 0.743421 0.542465 0.0459693 0.643516 0.489822 0.759906 0.467185 0.549754 0.545125 0.235863 0.614523 0.817371 0.679409 0.996787 0.309781 0.640128 0.766898 0.709185 0.995938 0.47073 0.117546 0.789723 0.693706 0.44897 0.622362 0.857404 0.434186 0.717943 0.433369 
0.981167 0.550654 0.963213 0.0226969 0.890071 0.175314 0.646745 0.0802452 0.853833 0.191903 0.673099 0.866287 0.0625709 0.605926 0.96114 0.743922 0.105351 0.0360125 0.466895 0.386056 0.183578 0.139595 0.391986 0.628302 0.744766 0.569522 0.602716 0.0604061 0.650592 0.931431 0.600539 0.313091 0.720666 0.579585 0.729607 0.921228 0.983882 0.264518 0.019975 0.94666 0.0695375 0.758891 0.721652 0.725796 0.658691 0.202218 0.5943 0.271518 0.479133 0.960103 0.526612 0.391571 0.609134 0.611901 0.482291 0.857615 0.313143 0.697096 0.219258 0.0667319 0.954524 0.437272 0.167394 0.566258 
0.0823985 0.413732 0.476264 0.429514 0.316358 0.41274 0.669134 0.406078 0.272049 0.525944 0.921291 0.889989 0.679535 0.500407 0.268318 0.546311 0.746929 0.723667 0.539493 0.709361 0.974897 0.596017 0.0771488 0.212177 0.697937 0.259411 0.510121 0.942364 0.775567 0.899706 0.0325639 0.291988 0.733518 0.394002 0.122173 0.867829 0.40036 0.592793 0.134339 0.263276 0.884075 0.963716 0.472108 0.911942 0.956217 0.901107 0.134126 0.43116 0.391536 0.369259 0.322424 0.218618 0.58716 0.231378 0.274686 0.285015 0.885439 0.469416 0.638792 0.990079 0.722697 0.869868 0.745518 0.73831 
0.609762 0.501861 0.83985 0.514367 0.329535 0.23908 0.364156 0.810561 0.480583 0.118667 0.0776325 0.590862 0.312301 0.46213 0.583145 0.361446 0.790199 0.827662 0.962051 0.97451 0.38446 0.591789 0.306026 0.796562 0.712683 0.194334 0.282119 0.277429 0.0811422 0.204389 0.493926 0.839095 0.634848 0.639648 0.400074 0.933157 0.178568 0.671395 0.364 0.827874 0.950715 0.491863 0.997617 0.19856 0.608274 1.17605e-05 0.20327 0.864956 0.153675 0.0170137 0.0376086 0.71813 0.447192 0.802689 0.877488 0.925346 0.50771 0.371055 0.455752 0.523236 0.50046 0.722373 0.940219 0.959817 
0.833073 0.825722 0.333532 0.644634 0.243762 0.0568281 0.824312 0.419395 0.533004 0.571159 0.912836 0.0776746 0.999079 0.673618 0.592551 0.568601 0.261325 0.867798 0.577859 0.458407 0.691918 0.798739 0.566562 0.430233 0.742771 0.890897 0.592625 0.328363 0.152198 0.357937 0.620388 0.552268 0.551508 0.918758 0.345434 0.459273 0.151555 0.656751 0.666 0.226332 0.914512 0.0228351 0.950255 0.678009 0.694677 0.303192 0.192447 0.399029 0.282361 0.891044 0.766716 0.0786825 0.657514 0.686381 0.612263 0.958398 0.637375 0.81672 0.0569443 0.37509 0.68531 0.74304 0.905391 0.708693 
0.938903 0.140342 0.922051 0.0444709 0.472342 0.373211 0.864881 0.138785 0.533228 0.267222 0.29274 0.380315 0.741164 0.353671 0.0770898 0.421191 0.0913964 0.537051 0.877307 0.139414 0.931973 0.209411 0.0874398 0.496802 0.167318 0.114228 0.713659 0.144779 0.486435 0.107278 0.028113 0.940495 0.180731 0.642189 0.884935 0.787565 0.348993 0.312186 0.913871 0.321538 0.417067 0.506523 0.804604 0.235577 0.797989 0.446074 0.522736 0.305311 0.0667746 0.230977 0.248258 0.438349 0.586058 0.39423 0.0481281 0.160296 0.581329 0.775783 0.383713 0.260389 0.712548 0.124278 0.395033 0.834826 
0.966078 0.774159 0.236755 0.0957873 0.688584 0.900264 0.607637 0.149841 0.608117 0.0755152 0.56997 0.705415 0.306564 0.235964 0.301387 0.705303 0.949843 0.272902 0.433083 0.964328 0.3554 0.15955 0.386968 0.76093 0.317725 0.999917 0.220719 0.902241 0.387884 0.952325 0.90552 0.477913 0.335283 0.814418 0.585356 0.715108 0.538926 0.245882 0.914746 0.126633 0.0914788 0.376823 0.559681 0.716228 0.886962 0.0475248 0.179666 0.684408 0.394495 0.941778 0.329397 0.74021 0.134155 0.954432 0.468776 0.760527 0.495563 0.122502 0.42971 0.702106 0.216494 0.806708 0.734621 0.270214 
0.989806 0.544837 0.0260057 0.647812 0.795416 0.417284 0.40169 0.666174 0.62011 0.317938 0.963742 0.129606 0.351993 0.811372 0.575378 0.45161 0.81669 0.201026 0.281297 0.460155 0.323653 0.26184 0.441136 0.672165 0.0629557 0.305469 0.518195 0.658562 0.167548 0.893879 0.437485 0.157688 0.915003 0.746723 0.500696 0.09023 0.147831 0.204146 0.738269 0.860174 0.620177 0.902091 0.169802 0.752196 0.553076 0.274095 0.297794 0.313475 0.255444 0.872912 0.70356 0.384267 0.111285 0.989076 0.432736 0.438063 0.132277 0.825486 0.493317 0.497413 0.877751 0.852311 0.31397 0.446947 
0.109357 0.556256 0.982925 0.924753 0.53754 0.531394 0.845197 0.011393 0.167905 0.144911 0.995332 0.511386 0.101364 0.678886 0.173762 0.96453 0.837791 0.858729 0.503554 0.263766 0.603434 0.628779 0.580941 0.2385 0.631768 0.939719 0.87065 0.953459 0.625468 0.319299 0.993572 0.970935 0.027689 0.571704 0.810979 0.401412 0.531964 0.935923 0.927099 0.116897 0.185357 0.110081 0.826585 0.779086 0.968418 0.424372 0.649692 0.484854 0.681891 0.0301799 0.7251 0.387807 0.149827 0.540511 0.663339 0.573861 0.464863 0.477434 0.0269743 0.574703 0.594911 0.845724 0.426765 0.106236 
0.0706578 0.426888 0.949482 0.522871 0.222643 0.686926 0.991173 0.0337985 0.44791 0.185448 0.475269 0.278248 0.226877 0.216177 0.893191 0.146362 0.546706 0.0320249 0.207781 0.620313 0.313883 0.00672262 0.987578 0.428585 0.714845 0.264301 0.852872 0.837808 0.478714 0.485777 0.49954 0.211138 0.877994 0.385247 0.15041 0.824683 0.216374 0.143456 0.515591 0.241499 0.570484 0.683384 0.572564 0.420569 0.980106 0.963815 0.673259 0.354623 0.390696 0.648952 0.665118 0.922366 0.0144001 0.996274 0.675096 0.325656 0.35454 0.61412 0.0523547 0.373786 0.141171 0.639967 0.695478 0.577244 
0.117713 0.754515 0.427341 0.271488 0.413348 0.363482 0.791289 0.944612 0.970307 0.811629 0.179247 0.159036 0.453578 0.135389 0.122811 0.937883 0.422595 0.967008 0.175946 0.352542 0.68579 0.839499 0.270953 0.439728 0.125535 0.271303 0.0643585 0.65562 0.75101 0.214355 0.515282 0.417641 0.922964 0.0504561 0.376597 0.449846 0.109394 0.803239 0.813888 0.21613 0.166061 0.451287 0.952932 0.332205 0.199185 0.945974 0.726691 0.150773 0.026575 0.0962106 0.570241 0.550575 0.404002 0.423245 0.621457 0.0672085 0.536853 0.666602 0.620045 0.633153 0.819559 0.514479 0.746131 0.796421 
0.332937 0.0396019 0.428906 0.597661 0.301619 0.634052 0.16139 0.306611 0.637375 0.0723674 0.322988 0.352959 0.938312 0.754008 0.590429 0.659222 0.151092 0.886076 0.179962 0.114325 0.678485 0.662239 0.788988 0.767285 0.832603 0.204224 0.16281 0.354306 0.994923 0.0223026 0.949219 0.55166 0.620336 0.597487 0.270505 0.652416 0.869639 0.461533 0.129479 0.0138203 0.385814 0.362506 0.94989 0.378764 0.747474 0.733678 0.469007 0.451336 0.690527 0.898328 0.347175 0.931675 0.875453 0.10569 0.657234 0.384331 0.191354 0.187531 0.401901 0.272626 0.682268 0.421906 0.506153 0.554058 
0.00313294 0.728313 0.709077 0.896682 0.715696 0.922307 0.149307 0.732789 0.990684 0.13155 0.732756 0.0900297 0.714366 0.440242 0.845269 0.820107 0.35982 0.774785 0.348957 0.137478 0.928343 0.622455 0.485754 0.960999 0.412175 0.243888 0.653135 0.44375 0.423378 0.156389 0.735827 0.723457 0.39238 0.592164 0.441271 0.0488737 0.0531113 0.544575 0.897296 0.276702 0.133581 0.559699 0.111643 0.242728 0.589926 0.6945 0.218012 0.0747459 0.0732009 0.589 0.0430494 0.367094 0.541728 0.0740356 0.798526 0.764711 0.655659 0.738201 0.56304 0.0114293 0.686132 0.792467 0.430664 0.188864 
0.927203 0.410087 0.381272 0.715093 0.558833 0.496529 0.383594 0.434099 0.280958 0.512179 0.582146 0.305042 0.283214 0.383977 0.477582 0.550231 0.804012 0.0338304 0.501956 0.857584 0.0444514 0.588679 0.520504 0.843183 0.824736 0.756312 0.342889 0.132676 0.260368 0.296183 0.142724 0.76559 0.072165 0.286602 0.861455 0.146624 0.529815 0.00457204 0.882264 0.0172004 0.49676 0.711252 0.391416 0.076521 0.113123 0.472948 0.521893 0.479528 0.979315 0.765326 0.576681 0.635411 0.992971 0.577471 0.73084 0.445754 0.413839 0.0869993 0.0563591 0.150169 0.418446 0.507136 0.209921 0.366642 
0.945199 0.823826 0.74313 0.118501 0.136989 0.160946 0.455924 0.848984 0.316568 0.912235 0.0863301 0.369018 0.194346 0.405568 0.306415 0.645338 0.00866332 0.0077142 0.181483 0.220884 0.534551 0.840881 0.242701 0.853628 0.236144 0.887518 0.764336 0.339937 0.432851 0.953385 0.0261086 0.649473 0.948454 0.082409 0.0953655 0.802011 0.901907 0.221886 0.344635 0.178817 0.243276 0.368099 0.924546 0.272807 0.774879 0.190204 0.475692 0.0618237 0.63211 0.732646 0.557278 0.458748 0.149852 0.960951 0.399017 0.328639 0.270814 0.62859 0.543042 0.98832 0.127657 0.196562 0.381176 0.173232 
0.0671544 0.738999 0.882617 0.804622 0.513974 0.396788 0.779631 0.0279928 0.617095 0.39745 0.191763 0.812916 0.815284 0.814694 0.63086 0.503822 0.413221 0.724806 0.90713 0.839024 0.48059 0.696381 0.964205 0.890718 0.699589 0.480693 0.408933 0.881224 0.929798 0.52898 0.0782911 0.0318144 0.247899 0.409926 0.859496 0.440987 0.325952 0.0656696 0.496587 0.747161 0.409561 0.520124 0.970664 0.506276 0.59758 0.0318716 0.105419 0.479732 0.426493 0.103905 0.597248 0.087223 0.853828 0.941598 0.0496756 0.0362768 0.999272 0.943112 0.649785 0.629731 0.37392 0.295453 0.496934 0.962054 
0.567326 0.882662 0.615386 0.32545 0.407554 0.435513 0.00876128 0.0796736 0.262706 0.863055 0.00500457 0.754519 0.783657 0.928433 0.328714 0.782069 0.240147 0.0670433 0.939791 0.467598 0.182329 0.123316 0.0524742 0.195303 0.409515 0.657812 0.197594 0.0220617 0.201875 0.695211 0.962189 0.330144 0.370336 0.212274 0.920282 0.39433 0.53831 0.903364 0.630186 0.686492 0.972501 0.24364 0.415372 0.196254 0.371744 0.544461 0.0226893 0.055589 0.693075 0.929721 0.0803253 0.553999 0.18692 0.119737 0.541888 0.394873 0.164139 0.408971 0.933895 0.678061 0.808306 0.51125 0.0321946 0.594528 
0.89635 0.730277 0.762758 0.306299 0.0418725 0.759896 0.617199 0.882437 0.855733 0.27956 0.918144 0.387407 0.231717 0.239137 0.85391 0.51217 0.530224 0.226701 0.24335 0.717717 0.732629 0.349786 0.744077 0.261895 0.353893 0.799519 0.672584 0.962455 0.463078 0.229501 0.973384 0.0166916 0.934673 0.804538 0.448117 0.146404 0.946261 0.387669 0.0849336 0.158616 0.626194 0.529912 0.304381 0.673583 0.291711 0.91707 0.651696 0.207212 0.521352 0.349779 0.924114 0.504191 0.748084 0.590881 0.877423 0.183691 0.492393 0.902017 0.0165352 0.981331 0.832656 0.662173 0.256676 0.102189 
0.512641 0.0918182 0.976036 0.255591 0.276465 0.285857 0.145297 0.175798 0.157132 0.210178 0.512768 0.631573 0.440534 0.911033 0.155406 0.57596 0.0342435 0.421935 0.203977 0.983514 0.894601 0.79078 0.294061 0.289959 0.518096 0.0365752 0.18915 0.0529992 0.097768 0.265793 0.470115 0.658374 0.371812 0.931636 0.383232 0.46311 0.408281 0.59609 0.254031 0.384029 0.20709 0.696129 0.897206 0.907656 0.156887 0.419853 0.314834 0.73008 0.526728 0.248733 0.742802 0.470025 0.521133 0.268039 0.205627 0.0545184 0.102594 0.517285 0.386371 0.501651 0.173126 0.785415 0.233746 0.93795 
0.265809 0.990471 0.975794 0.0221046 0.513414 0.487705 0.192171 0.344166 0.739067 0.266493 0.719239 0.585385 0.744819 0.928429 0.378944 0.203933 0.0264756 0.248049 0.54125 0.928686 0.232562 0.978596 0.972155 0.561419 0.303869 0.901907 0.0114739 0.681301 0.314408 0.1245 0.207472 0.927435 0.744408 0.296422 0.564354 0.0311718 0.431578 0.11112 0.648732 0.303545 0.0732915 0.536198 0.445998 0.0962916 0.357444 0.0843812 0.0102734 0.00747677 0.650797 0.867773 0.240591 0.173429 0.146651 0.375252 0.73902 0.44978 0.457616 0.221626 0.0369636 0.12983 0.789414 0.824044 0.522346 0.449491 
0.428024 0.963091 0.936389 0.38784 0.816707 0.804029 0.990504 0.676657 0.297744 0.610937 0.970239 0.308928 0.116934 0.0910069 0.493605 0.644633 0.706493 0.507639 0.231968 0.512882 0.175344 0.373707 0.0725523 0.518335 0.678487 0.140531 0.234934 0.637865 0.126871 0.667662 0.109083 0.812947 0.213892 0.501165 0.154 0.630044 0.0828763 0.691089 0.699181 0.635922 0.783228 0.231557 0.0277045 0.676703 0.201118 0.313015 0.302036 0.691012 0.783507 0.390901 0.242427 0.552748 0.810324 0.254117 0.746629 0.379965 0.374155 0.293247 0.716527 0.177339 0.262133 0.890396 0.436144 0.231532 
0.429686 0.457747 0.194426 0.919773 0.609387 0.245236 0.844245 0.207448 0.89656 0.433019 0.632047 0.483902 0.614524 0.305458 0.834409 0.176339 0.584342 0.117695 0.273802 0.891979 0.890232 0.856138 0.811184 0.491022 0.602382 0.448963 0.600052 0.0928261 0.235884 0.0748029 0.76653 0.848372 0.34518 0.149179 0.234258 0.39455 0.569389 0.427882 0.951997 0.0653804 0.548784 0.649029 0.921429 0.0886509 0.00860079 0.294397 0.0119453 0.801241 0.778226 0.676351 0.536068 0.381916 0.805932 0.695477 0.640661 0.751733 0.327113 0.810845 0.459604 0.871232 0.119767 0.524092 0.528931 0.830981 
0.826336 0.136324 0.810833 0.802525 0.514788 0.357265 0.0706225 0.668227 0.346884 0.98109 0.969432 0.832996 0.973985 0.13034 0.696059 0.600039 0.0422853 0.869897 0.467676 0.635069 0.396766 0.903004 0.0344734 0.911705 0.939821 0.772951 0.494757 0.88566 0.499581 0.34491 0.906708 0.867142 0.934469 0.228928 0.64488 0.974462 0.052468 0.421993 0.628136 0.101084 0.962778 0.37262 0.059441 0.564321 0.442664 0.585041 0.432593 0.0290124 0.905878 0.12783 0.685403 0.746988 0.191424 0.0575239 0.238436 0.683124 0.620721 0.400122 0.42365 0.155549 0.948174 0.352682 0.298887 0.655225 
0.411581 0.402157 0.155128 0.182555 0.46933 0.874138 0.997186 0.888726 0.010981 0.0110949 0.335281 0.52846 0.25514 0.167653 0.320696 0.341784 0.482067 0.11847 0.748556 0.457961 0.819608 0.391965 0.887053 0.722759 0.888332 0.762456 0.366201 0.637696 0.182299 0.6859 0.562304 0.889562 0.879746 0.742256 0.904521 0.528678 0.765668 0.238434 0.59642 0.434 0.0617681 0.328697 0.392922 0.167178 0.870128 0.923245 0.338065 0.700359 0.306144 0.452103 0.555953 0.0723985 0.456183 0.997528 0.00989281 0.598164 0.196968 0.413669 0.44412 0.0232853 0.632912 0.452968 0.240315 0.49769 
0.698183 0.786412 0.244062 0.640207 0.619487 0.545481 0.565492 0.602912 0.378392 0.91476 0.324732 0.760328 0.634475 0.917976 0.180789 0.85484 0.372859 0.539546 0.0345593 0.0337314 0.254606 0.358497 0.894154 0.994728 0.663362 0.240112 0.955318 0.406817 0.403704 0.440216 0.581476 0.443106 0.533627 0.519844 0.121078 0.124567 0.178277 0.000809382 0.65337 0.832456 0.2585 0.117247 0.908169 0.288164 0.264545 0.761618 0.812999 0.328363 0.271476 0.843304 0.541211 0.082813 0.351509 0.60451 0.539064 0.125728 0.695947 0.242477 0.615186 0.645229 0.6939 0.0871719 0.369484 0.352029 
0.196063 0.884284 0.0953999 0.128198 0.860789 0.854103 0.387645 0.565333 0.451177 0.835521 0.151549 0.546098 0.601354 0.192284 0.931874 0.936421 0.28126 0.00342043 0.150376 0.6145 0.406128 0.38068 0.656049 0.0552097 0.0438999 0.915559 0.403167 0.262069 0.529483 0.25159 0.7992 0.45182 0.668378 0.235331 0.913794 0.876599 0.177357 0.275581 0.478766 0.708956 0.349717 0.782123 0.96759 0.509721 0.237987 0.772976 0.879112 0.0714869 0.167895 0.777721 0.889341 0.896959 0.906443 0.602753 0.0126748 0.00877947 0.355715 0.758402 0.7024 0.328018 0.951585 0.717211 0.344392 0.295359 
0.671514 0.994354 0.881266 0.436259 0.138327 0.522353 0.439384 0.202643 0.400617 0.725245 0.476306 0.785586 0.754942 0.935593 0.934209 0.641481 0.368398 0.913172 0.365356 0.9406 0.133043 0.0382398 0.465578 0.727127 0.115725 0.733831 0.896726 0.847293 0.0182995 0.896237 0.133126 0.167964 0.432039 0.737484 0.963779 0.738788 0.268342 0.729516 0.401828 0.56997 0.0511153 0.629493 0.770338 0.705266 0.913757 0.692294 0.716978 0.527904 0.957172 0.0130348 0.58826 0.701134 0.462622 0.728695 0.385933 0.435084 0.287756 0.38791 0.998825 0.0410412 0.420668 0.0378579 0.41303 0.143 
0.765613 0.0415688 0.862253 0.0870871 0.548993 0.448631 0.569645 0.174751 0.790541 0.939163 0.326962 0.422971 0.181829 0.730886 0.892932 0.55612 0.596566 0.833952 0.805843 0.304695 0.0433515 0.689048 0.378294 0.235374 0.302042 0.277575 0.965365 0.44604 0.132415 0.911908 0.754938 0.090935 0.721386 0.65818 0.212183 0.173739 0.79766 0.468176 0.996602 0.98098 0.396008 0.638778 0.276711 0.0878625 0.0830618 0.72303 0.384475 0.615161 0.232455 0.298097 0.247531 0.452666 0.993161 0.883694 0.37446 0.308225 0.824219 0.513778 0.896673 0.358406 0.86638 0.478076 0.229197 0.392924 
0.670823 0.605312 0.224183 0.935558 0.315868 0.780775 0.967271 0.331976 0.00626704 0.11837 0.509678 0.163438 0.0765322 0.228571 0.650072 0.385577 0.340068 0.720801 0.0425838 0.510773 0.644754 0.218703 0.0103893 0.81819 0.403957 0.924108 0.581379 0.0194301 0.372173 0.782596 0.491881 0.106299 0.659427 0.477663 0.822042 0.597227 0.815074 0.977499 0.598638 0.925572 0.290069 0.384483 0.794631 0.733124 0.63878 0.23263 0.0710356 0.567978 0.733807 0.194043 0.558097 0.675378 0.586766 0.765829 0.27683 0.0817471 0.0612165 0.0212209 0.0395553 0.561203 0.160905 0.410144 0.370602 0.071328 
0.573666 0.324434 0.549 0.0297643 0.778733 0.109796 0.732339 0.390393 0.55485 0.816043 0.00879602 0.118801 0.943918 0.87185 0.151863 0.869441 0.855246 0.365658 0.262857 0.926846 0.606953 0.373542 0.828042 0.128407 0.01167 0.520613 0.291591 0.641836 0.29377 0.723675 0.941198 0.0535169 0.382654 0.376993 0.387611 0.881526 0.101542 0.0389644 0.369508 0.43512 0.565636 0.245322 0.48496 0.113668 0.794038 0.694752 0.377429 0.434674 0.782475 0.580247 0.0825801 0.046984 0.371722 0.721472 0.691267 0.958635 0.951961 0.517224 0.0891978 0.258787 0.149453 0.86719 0.580113 0.27043 
0.22339 0.936336 0.49885 0.199472 0.46386 0.653253 0.867723 0.727375 0.87345 0.546188 0.542218 0.396295 0.327529 0.14588 0.993543 0.886308 0.3792 0.173514 0.89438 0.795317 0.732709 0.458617 0.378082 0.185544 0.395222 0.187257 0.249947 0.0493035 0.178699 0.68545 0.861154 0.130563 0.110871 0.507146 0.863337 0.948032 0.202475 0.777139 0.809147 0.978072 0.909825 0.197855 0.127221 0.44965 0.85359 0.454344 0.57293 0.539025 0.470903 0.77897 0.572224 0.0869299 0.332178 0.224691 0.766354 0.950098 0.841674 0.432591 0.643153 0.203256 0.640684 0.209575 0.23803 0.795786 
0.623445 0.916492 0.0213608 0.119888 0.598025 0.876348 0.375902 0.435431 0.358333 0.59207 0.438912 0.0883253 0.69585 0.741267 0.834465 0.818097 0.917585 0.0647493 0.822119 0.16865 0.58233 0.958341 0.804641 0.787507 0.894661 0.0901215 0.52538 0.761435 0.742586 0.980841 0.819308 0.841288 0.722982 0.0823762 0.458094 0.540862 0.428713 0.330102 0.987904 0.240784 0.101558 0.685004 0.0410497 0.68614 0.899184 0.509168 0.3361 0.560766 0.863079 0.935872 0.256797 0.186011 0.646755 0.0602016 0.77439 0.298217 0.385968 0.448077 0.459306 0.373671 0.423905 0.380875 0.7596 0.878845 
0.655786 0.354291 0.0493205 0.364401 0.31798 0.0342368 0.461449 0.0426946 0.156638 0.13 0.955481 0.306905 0.0496978 0.824252 0.9515 0.627323 0.348618 0.00274429 0.423866 0.521228 0.770402 0.709366 0.506598 0.512283 0.299595 0.44068 0.258918 0.860295 0.172362 0.90158 0.120237 0.358595 0.480651 0.00194799 0.749547 0.788385 0.6171 0.561951 0.837613 0.542571 0.942724 0.22623 0.462 0.886738 0.964572 0.30793 0.402347 0.53765 0.930224 0.782422 0.701112 0.784822 0.374919 0.85552 0.0274389 0.494672 0.0688091 0.102612 0.423077 0.647786 0.0745558 0.912152 0.837029 0.297446 
0.154283 0.231872 0.0998306 0.023895 0.119776 0.0379869 0.3319 0.876743 0.742991 0.736744 0.515661 0.769961 0.626145 0.938292 0.316849 0.0645063 0.219211 0.378087 0.77183 0.271058 0.906083 0.0793084 0.342455 0.519883 0.552089 0.0805799 0.620606 0.199557 0.381749 0.86001 0.624374 0.769106 0.887767 0.586135 0.61877 0.733139 0.0959149 0.879896 0.234956 0.555172 0.997838 0.928036 0.209501 0.348832 0.884591 0.408493 0.776101 0.12699 0.425786 0.083252 0.275865 0.110911 0.4032 0.0720667 0.354844 0.842565 0.570213 0.967884 0.849989 0.199996 0.170608 0.172408 0.135927 0.345098 
0.922203 0.775965 0.940133 0.185203 0.873249 0.406642 0.143704 0.209223 0.472619 0.971582 0.672793 0.323833 0.561054 0.346843 0.225514 0.945141 0.747459 0.749454 0.595046 0.230738 0.693063 0.999493 0.217021 0.574723 0.677327 0.557132 0.494304 0.173948 0.914017 0.528497 0.591459 0.324358 0.986773 0.927415 0.133495 0.337901 0.691427 0.90379 0.376825 0.817743 0.488625 0.330551 0.402623 0.532812 0.665068 0.0188988 0.853179 0.805342 0.963409 0.262456 0.184643 0.150686 0.0716039 0.81408 0.554905 0.0969688 0.381344 0.208842 0.839071 0.0156495 0.850092 0.497996 0.706931 0.963603 
0.173268 0.0127947 0.715257 0.563778 0.486691 0.866362 0.296788 0.480171 0.410721 0.322937 0.157897 0.0166503 0.0220038 0.232914 0.49697 0.432056 0.715518 0.435247 0.801569 0.453967 0.442903 0.443515 0.491335 0.021784 0.270477 0.655377 0.670842 0.303439 0.292669 0.431039 0.730987 0.366968 0.89227 0.274069 0.809053 0.624716 0.797219 0.412615 0.516574 0.573869 0.91077 0.089223 0.702441 0.18922 0.473193 0.439924 0.835126 0.182345 0.563749 0.747824 0.991096 0.346325 0.486057 0.132881 0.636081 0.693958 0.595688 0.683925 0.0408251 0.0786997 0.216365 0.125964 0.529683 0.53351 
0.357112 0.606458 0.241026 0.893781 0.961758 0.125156 0.588279 0.686315 0.633729 0.872093 0.946737 0.687148 0.319047 0.0760105 0.0338867 0.636492 0.682622 0.52824 0.124409 0.959875 0.235768 0.701844 0.262693 0.220075 0.763383 0.702206 0.273985 0.931567 0.479386 0.886755 0.432668 0.554638 0.657232 0.0797728 0.732184 0.402871 0.95792 0.868519 0.262387 0.604015 0.383664 0.861171 0.900148 0.939813 0.771555 0.52865 0.851034 0.185485 0.565716 0.264083 0.405403 0.956133 0.0431181 0.896365 0.343075 0.586673 0.68873 0.120433 0.37243 0.660762 0.476269 0.870011 0.414261 0.0184402 
0.805392 0.970121 0.208611 0.78173 0.821571 0.441425 0.617042 0.377809 0.177111 0.920229 0.63419 0.0295456 0.11673 0.519733 0.253249 0.828648 0.761611 0.278759 0.480663 0.465696 0.385408 0.584488 0.889832 0.102959 0.204599 0.509919 0.932167 0.159743 0.394371 0.154233 0.0705588 0.604814 0.510998 0.596217 0.312782 0.405049 0.236401 0.864715 0.166127 0.117339 0.480291 0.926298 0.553599 0.688538 0.400366 0.0205032 0.676308 0.770685 0.9918 0.0313008 0.886732 0.489227 0.590333 0.65641 0.647995 0.667254 0.780294 0.606354 0.0425626 0.67734 0.230318 0.223441 0.0856106 0.833542 
0.381735 0.120549 0.965459 0.36986 0.849429 0.572384 0.0452667 0.828992 0.508488 0.264916 0.765531 0.993447 0.498588 0.89232 0.990343 0.929005 0.568404 0.100119 0.885671 0.165412 0.931426 0.0469948 0.84946 0.93571 0.772866 0.131316 0.972288 0.159925 0.842039 0.739171 0.697414 0.565354 0.630855 0.973697 0.623113 0.481878 0.803992 0.141101 0.381824 0.487288 0.843107 0.484827 0.623061 0.821898 0.38062 0.650195 0.137902 0.225944 0.0982078 0.713086 0.240087 0.061464 0.0795539 0.705938 0.086149 0.69581 0.359717 0.706345 0.693671 0.523153 0.460476 0.065753 0.474809 0.874549 
0.320995 0.374735 0.323612 0.156558 0.0637122 0.26859 0.770156 0.290303 0.442643 0.356562 0.0435441 0.378268 0.440978 0.640162 0.777757 0.196027 0.237117 0.551351 0.817989 0.297434 0.958543 0.465948 0.621893 0.0124549 0.33486 0.358819 0.376103 0.27504 0.0958749 0.105966 0.535198 0.487632 0.85645 0.271871 0.423225 0.557211 0.581089 0.867289 0.842749 0.771522 0.397564 0.215601 0.112653 0.706713 0.911166 0.187123 0.668111 0.750915 0.0979695 0.857908 0.0255682 0.885367 0.17626 0.197312 0.0923851 0.0304271 0.40659 0.235965 0.342634 0.835037 0.558161 0.173076 0.290528 0.174809 
0.180681 0.986693 0.357836 0.319364 0.889408 0.697135 0.719929 0.676585 0.310703 0.392835 0.0461343 0.615508 0.718805 0.8498 0.521068 0.104863 0.338661 0.036916 0.32519 0.0137291 0.920929 0.79471 0.474222 0.923175 0.454185 0.977415 0.56348 0.523883 0.119858 0.97352 0.562776 0.0511425 0.0767792 0.879168 0.354987 0.617348 0.00435582 0.416362 0.39675 0.571195 0.707326 0.583959 0.0399888 0.74227 0.38214 0.105761 0.663128 0.750925 0.322721 0.451021 0.378444 0.0693065 0.565158 0.709604 0.253468 0.474594 0.606339 0.704025 0.13256 0.877357 0.137605 0.457507 0.304907 0.0438478 
0.861957 0.056728 0.762691 0.888655 0.527562 0.0622538 0.0731168 0.49652 0.438611 0.396462 0.0184361 0.722877 0.282526 0.774593 0.678117 0.137321 0.744173 0.957102 0.261777 0.526031 0.191359 0.416542 0.602101 0.803501 0.193044 0.0294796 0.09016 0.0446405 0.00106118 0.882167 0.249677 0.840843 0.650278 0.882049 0.199191 0.527493 0.249002 0.332554 0.551405 0.104148 0.951015 0.865272 0.289265 0.0838576 0.271082 0.424518 0.0932219 0.284513 0.345002 0.105567 0.978828 0.542807 0.0662308 0.490643 0.333732 0.65573 0.458735 0.416654 0.444714 0.863895 0.338237 0.925059 0.610572 0.528972 
0.831244 0.803886 0.258781 0.375795 0.848082 0.0141176 0.157615 0.342893 0.232204 0.142546 0.45558 0.600535 0.0726987 0.83294 0.0694155 0.481311 0.482973 0.225126 0.163511 0.0715434 0.954717 0.917416 0.038478 0.440536 0.260973 0.928411 0.480209 0.914667 0.301282 0.636767 0.800736 0.879343 0.190248 0.845656 0.173416 0.56703 0.481592 0.610444 0.798374 0.827863 0.780022 0.565324 0.300782 0.909183 0.638752 0.522811 0.744321 0.579056 0.492385 0.341644 0.75995 0.0695305 0.902698 0.0059639 0.995084 0.704898 0.732574 0.842011 0.858109 0.320433 0.270838 0.100549 0.0461621 0.476056 
0.390625 0.5869 0.537953 0.681412 0.00187656 0.338976 0.954957 0.343008 0.827439 0.957876 0.829967 0.448568 0.879267 0.659009 0.864039 0.200351 0.0387669 0.746761 0.176235 0.34712 0.609451 0.277637 0.902868 0.555893 0.64142 0.846264 0.634883 0.859967 0.573302 0.248639 0.461744 0.274605 0.998074 0.51406 0.574471 0.529827 0.287074 0.0631396 0.362776 0.499047 0.0646029 0.259525 0.816289 0.10442 0.255866 0.840917 0.455712 0.829181 0.228232 0.480198 0.649363 0.366219 0.765467 0.0754253 0.51156 0.913049 0.557726 0.00837572 0.0860208 0.0720017 0.824936 0.891994 0.278334 0.222512 
0.312105 0.772731 0.88851 0.414252 0.461524 0.277051 0.417186 0.938992 0.171229 0.668871 0.959529 0.763346 0.175332 0.348081 0.131642 0.165396 0.329065 0.478013 0.372692 0.0036385 0.701749 0.523382 0.659769 0.72675 0.804031 0.061269 0.864629 0.0857365 0.787766 0.898982 0.472789 0.458242 0.329559 0.374297 0.257706 0.53726 0.0203262 0.341287 0.686547 0.561538 0.722612 0.353047 0.777968 0.103977 0.753057 0.948361 0.530008 0.944655 0.0185652 0.967206 0.96736 0.764687 0.675159 0.896723 0.281232 0.952733 0.459273 0.652405 0.567957 0.810821 0.949009 0.47449 0.723633 0.0610674 
0.876956 0.958398 0.991352 0.490497 0.947593 0.185492 0.835001 0.655478 0.386666 0.707156 0.315905 0.0105837 0.765702 0.200728 0.735401 0.566823 0.063747 0.576635 0.29279 0.460029 0.664448 0.224083 0.207189 0.158549 0.0443274 0.0805652 0.561986 0.0233752 0.675722 0.517911 0.248495 0.337705 0.995799 0.450338 0.52398 0.989391 0.796642 0.496081 0.46446 0.149595 0.270718 0.356354 0.711645 0.0285966 0.169279 0.0457331 0.897681 0.577602 0.91799 0.936169 0.559687 0.788001 0.877146 0.86413 0.342993 0.479514 0.422256 0.73055 0.549015 0.0908307 0.464191 0.429712 0.451174 0.521567 
0.760919 0.803979 0.194856 0.856215 0.189256 0.307841 0.709363 0.992196 0.230889 0.0534657 0.483454 0.36838 0.175727 0.417889 0.773202 0.238785 0.014648 0.707639 0.0689775 0.158987 0.949693 0.963607 0.279006 0.400919 0.254454 0.892521 0.617077 0.830034 0.20665 0.545159 0.87593 0.32745 0.620523 0.0381473 0.762145 0.21492 0.878617 0.140249 0.250636 0.0554666 0.408952 0.466726 0.512022 0.31513 0.288112 0.213076 0.661184 0.0755825 0.569151 0.631242 0.067442 0.231026 0.272058 0.0492427 0.0100779 0.272667 0.344043 0.955388 0.615382 0.104017 0.713284 0.884878 0.599262 0.473133 
0.327945 0.130049 0.148731 0.847576 0.328513 0.902837 0.933447 0.678225 0.756421 0.166507 0.038062 0.252202 0.146598 0.631151 0.706214 0.75539 0.137299 0.393178 0.190316 0.914829 0.0745405 0.0384266 0.544593 0.923631 0.0286321 0.421525 0.96564 0.812632 0.585647 0.0311077 0.203614 0.395859 0.499184 0.626368 0.604084 0.277747 0.542902 0.511787 0.638406 0.838102 0.842392 0.51351 0.536664 0.111526 0.511588 0.564595 0.256486 0.334153 0.832653 0.846084 0.547147 0.523401 0.682062 0.0227798 0.365075 0.507057 0.732022 0.317266 0.12048 0.00633394 0.22114 0.513983 0.115582 0.700679 
0.338098 0.813485 0.263473 0.927536 0.32969 0.725243 0.123295 0.414165 0.879556 0.390752 0.301559 0.0239686 0.908568 0.717069 0.426673 0.0263271 0.612385 0.0579252 0.106312 0.381592 0.83159 0.583812 0.817629 0.527878 0.719865 0.652802 0.87104 0.0161283 0.993239 0.880148 0.00916742 0.0888324 0.620743 0.286859 0.199537 0.469188 0.846005 0.529264 0.955554 0.414158 0.531126 0.406924 0.263302 0.225348 0.151001 0.116462 0.757183 0.889864 0.0811014 0.678951 0.209617 0.684152 0.691766 0.808469 0.918233 0.455515 0.88834 0.220199 0.225596 0.385573 0.237633 0.687474 0.397637 0.114842 
0.979161 0.783646 0.420952 0.658968 0.255314 0.273628 0.844393 0.578201 0.198377 0.426885 0.37989 0.29733 0.724096 0.847496 0.871887 0.653359 0.833196 0.313858 0.338299 0.464276 0.477053 0.787197 0.162987 0.768403 0.140456 0.607906 0.0476248 0.556764 0.0806718 0.654327 0.185395 0.586901 0.950136 0.168335 0.711226 0.546602 0.0576965 0.824838 0.799143 0.340906 0.369056 0.614891 0.941382 0.195452 0.712515 0.931877 0.167891 0.349707 0.33734 0.933823 0.220324 0.776907 0.356632 0.0175295 0.900374 0.746689 0.114952 0.623463 0.138693 0.646796 0.385734 0.140236 0.294525 0.0398345 
0.92046 0.307258 0.507215 0.439816 0.75611 0.22705 0.693158 0.193842 0.940807 0.607808 0.512698 0.921169 0.624307 0.814274 0.0497855 0.533275 0.409257 0.823208 0.66554 0.629179 0.145218 0.943619 0.547953 0.466169 0.902887 0.707792 0.00415943 0.00765663 0.4933 0.94748 0.615884 0.573725 0.194693 0.168717 0.703767 0.291045 0.977753 0.586796 0.787653 0.0612401 0.966712 0.979142 0.0778139 0.0691362 0.671761 0.93442 0.122707 0.201342 0.130205 0.515272 0.825094 0.362203 0.0195489 0.0116644 0.953416 0.374877 0.376743 0.142442 0.997235 0.0140775 0.411681 0.860113 0.234411 0.993286 
0.298317 0.957624 0.364443 0.391693 0.911979 0.920934 0.623636 0.829513 0.503911 0.413483 0.314611 0.424232 0.247349 0.388684 0.036799 0.009955 0.0258495 0.831901 0.894181 0.938821 0.347532 0.37 0.53922 0.63266 0.504379 0.405881 0.478368 0.606197 0.627543 0.933529 0.566853 0.750518 0.726075 0.074616 0.447587 0.208592 0.306798 0.582479 0.442686 0.882173 0.704652 0.66525 0.0572455 0.167378 0.82372 0.861124 0.48855 0.192059 0.154268 0.639702 0.387292 0.824206 0.856827 0.0676928 0.119503 0.0228391 0.378963 0.100551 0.381394 0.0116028 0.204885 0.898623 0.21268 0.101948 
0.141698 0.0143111 0.879222 0.221448 0.200903 0.199588 0.184251 0.952753 0.611283 0.593347 0.665033 0.993723 0.681085 0.808531 0.896266 0.873119 0.0535666 0.858841 0.915521 0.482597 0.433731 0.542932 0.755358 0.545577 0.192474 0.106388 0.658635 0.0180008 0.392762 0.989584 0.615353 0.361995 0.811907 0.56705 0.972273 0.345146 0.792815 0.92615 0.136517 0.434546 0.025619 0.537737 0.521558 0.696909 0.879654 0.437568 0.551877 0.70788 0.524509 0.297844 0.460426 0.197854 0.444706 0.670656 0.969244 0.979703 0.735739 0.203849 0.577661 0.435857 0.812836 0.257925 0.496551 0.802677 
0.592679 0.716779 0.436762 0.467615 0.753497 0.833194 0.18039 0.145122 0.340936 0.06494 0.970952 0.339897 0.395035 0.793435 0.898485 0.740236 0.230186 0.319997 0.546539 0.999747 0.433596 0.876456 0.250307 0.130781 0.718581 0.657893 0.575077 0.800877 0.38052 0.400294 0.788695 0.713437 0.329889 0.000233231 0.141283 0.58052 0.419578 0.882663 0.875066 0.927324 0.784016 0.571691 0.834441 0.40564 0.823489 0.742448 0.308334 0.0722723 0.609493 0.583485 0.00744309 0.605797 0.0638987 0.819956 0.987089 0.219901 0.889675 0.924634 0.635129 0.228673 0.966111 0.885429 0.830162 0.140916 
0.369773 0.414582 0.44674 0.854819 0.298162 0.942832 0.97294 0.31011 0.832868 0.380242 0.654564 0.655136 0.582042 0.353057 0.918389 0.671211 0.767242 0.862337 0.390806 0.660274 0.632346 0.254421 0.695015 0.448146 0.241218 0.310097 0.088382 0.0715436 0.310978 0.10265 0.355415 0.155194 0.102725 0.303992 0.0842344 0.728217 0.276814 0.832428 0.345222 0.776852 0.757815 0.100667 0.604146 0.597666 0.267087 0.949956 0.831246 0.255201 0.792165 0.120101 0.343767 0.434049 0.246563 0.028825 0.254012 0.957516 0.701629 0.69616 0.0696447 0.746701 0.494368 0.485932 0.564407 0.608239 
0.353406 0.54321 0.27234 0.980325 0.847562 0.808398 0.632157 0.679896 0.868861 0.380787 0.0769857 0.25038 0.47416 0.456625 0.883813 0.582564 0.110027 0.0661322 0.210802 0.609035 0.791703 0.575051 0.516176 0.403406 0.612007 0.623713 0.4273 0.0387805 0.521025 0.660655 0.767531 0.870436 0.812143 0.19655 0.684534 0.88609 0.347016 0.512619 0.0353397 0.112879 0.276534 0.976744 0.786079 0.0232198 0.647745 0.549511 0.15172 0.487763 0.429167 0.337136 0.413611 0.465604 0.80649 0.568317 0.977385 0.712453 0.760334 0.638376 0.607486 0.859529 0.67681 0.290971 0.746542 0.206176 
0.580046 0.670916 0.811781 0.919089 0.547383 0.776127 0.542098 0.997036 0.975281 0.970242 0.457587 0.498274 0.411314 0.875938 0.843333 0.547549 0.95754 0.339146 0.0561122 0.250814 0.35363 0.479717 0.10832 0.359312 0.933692 0.307666 0.711182 0.457255 0.190372 0.813741 0.944889 0.161325 0.742908 0.786036 0.926497 0.206483 0.899682 0.257807 0.458972 0.0743461 0.00912644 0.501837 0.796286 0.702931 0.326327 0.455757 0.563815 0.298103 0.623191 0.547061 0.597271 0.395817 0.878798 0.18144 0.528496 0.21416 0.906588 0.692721 0.846298 0.650077 0.734241 0.46847 0.475142 0.564226 
0.431518 0.928971 0.272745 0.954955 0.401516 0.132943 0.155819 0.922064 0.416933 0.934801 0.627286 0.849939 0.134142 0.135907 0.0619458 0.767614 0.104523 0.665528 0.25753 0.623159 0.29507 0.414755 0.643662 0.366318 0.568962 0.400483 0.902164 0.769638 0.634816 0.343842 0.983925 0.297979 0.323822 0.0865423 0.711285 0.258504 0.439863 0.47369 0.241645 0.386042 0.58728 0.463104 0.854497 0.659975 0.22521 0.995804 0.850393 0.871389 0.998706 0.90404 0.656858 0.967293 0.808393 0.619022 0.763882 0.84424 0.327104 0.734694 0.108904 0.645555 0.0304066 0.74856 0.397715 0.508543 
0.523417 0.0744206 0.510828 0.045916 0.590339 0.823068 0.311531 0.918357 0.00998495 0.0111944 0.965747 0.0837654 0.110268 0.562869 0.457964 0.537729 0.327905 0.608574 0.433853 0.649741 0.406987 0.455317 0.186547 0.536893 0.632316 0.548701 0.768594 0.195813 0.9879 0.369267 0.142279 0.177894 0.404364 0.494969 0.204572 0.99777 0.654552 0.869509 0.970257 0.695649 0.128189 0.0767526 0.965352 0.195941 0.861588 0.143134 0.53005 0.821437 0.953348 0.620786 0.355637 0.535333 0.162438 0.300456 0.166053 0.926052 0.571459 0.383247 0.774956 0.26141 0.404778 0.0301704 0.966333 0.856279 
0.6095 0.687117 0.716145 0.657692 0.654073 0.751283 0.00131055 0.766385 0.0577488 0.172459 0.854025 0.372399 0.653924 0.0543865 0.301897 0.734226 0.747881 0.512887 0.810435 0.18809 0.30749 0.729174 0.76547 0.610139 0.381707 0.861538 0.212683 0.961342 0.277672 0.980733 0.0218123 0.831026 0.562842 0.503351 0.486187 0.397793 0.285335 0.558665 0.163904 0.559713 0.13863 0.941161 0.115954 0.936401 0.711581 0.377973 0.589683 0.00450424 0.625758 0.463974 0.741654 0.804574 0.181987 0.84398 0.779488 0.41046 0.580996 0.586031 0.819173 0.978647 0.667183 0.606082 0.944519 0.574911 
0.538268 0.734928 0.857351 0.262884 0.627788 0.930399 0.988733 0.372365 0.126985 0.745251 0.295829 0.816491 0.420187 0.485762 0.572605 0.347385 0.750466 0.644542 0.868133 0.212592 0.101171 0.913125 0.53418 0.695465 0.899184 0.821893 0.997607 0.697258 0.0512126 0.63162 0.950049 0.531317 0.0516057 0.222728 0.890131 0.798623 0.00799082 0.831194 0.871617 0.500736 0.74321 0.394339 0.601272 0.431289 0.0673702 0.46445 0.666742 0.267379 0.142405 0.97096 0.850208 0.51725 0.0442689 0.295228 0.721271 0.419928 0.913338 0.293388 0.224973 0.975787 0.966602 0.482966 0.925774 0.382385 
0.220878 0.211145 0.473545 0.844126 0.474376 0.0819882 0.772367 0.242346 0.476858 0.634229 0.861523 0.701726 0.308661 0.744213 0.57179 0.0841829 0.810186 0.124111 0.272372 0.975673 0.249852 0.333501 0.200103 0.783444 0.960775 0.683558 0.437578 0.864836 0.764315 0.247558 0.633171 0.0751415 0.01954 0.19747 0.136303 0.926916 0.21789 0.691935 0.68265 0.906377 0.214684 0.32131 0.845656 0.310197 0.196513 0.395056 0.678392 0.860569 0.431831 0.19105 0.176599 0.486261 0.536121 0.837647 0.514722 0.13381 0.128109 0.726383 0.710288 0.494434 0.886369 0.955325 0.668255 0.708934 
0.821661 0.287808 0.491077 0.195225 0.115721 0.19531 0.792003 0.120418 0.357815 0.951781 0.406866 0.602922 0.344786 0.437722 0.385931 0.549187 0.209594 0.623301 0.565028 0.919295 0.466449 0.266845 0.758885 0.93768 0.658299 0.0795526 0.0686632 0.271296 0.793382 0.458638 0.989487 0.970453 0.980701 0.653756 0.327405 0.176687 0.564202 0.958074 0.84115 0.8127 0.204654 0.0139924 0.397517 0.651658 0.0926636 0.981767 0.245579 0.295826 0.0859398 0.59508 0.524198 0.699272 0.0255231 0.193295 0.447194 0.26809 0.863831 0.500162 0.848018 0.220078 0.387946 0.653814 0.0473264 0.911899 
0.727894 0.830878 0.978348 0.913001 0.29584 0.25004 0.932582 0.663886 0.774502 0.043908 0.355074 0.00548086 0.719743 0.0436798 0.00284114 0.00200586 0.0869957 0.896991 0.0803043 0.955684 0.38473 0.102595 0.219286 0.44213 0.945744 0.946308 0.997584 0.856624 0.935176 0.943317 0.267542 0.102257 0.731532 0.235335 0.484714 0.154547 0.634628 0.237907 0.314379 0.265173 0.0326051 0.980604 0.587276 0.424859 0.828775 0.208564 0.301768 0.849991 0.752741 0.514684 0.669659 0.904249 0.632785 0.980576 0.231441 0.243682 0.214989 0.807546 0.857586 0.655725 0.699798 0.608686 0.105952 0.36656 
0.13748 0.379623 0.750626 0.193615 0.999255 0.0590298 0.311745 0.349846 0.762873 0.915643 0.218169 0.897224 0.585763 0.203019 0.091061 0.0800081 0.907194 0.866726 0.786443 0.716074 0.0842249 0.165723 0.630414 0.642686 0.104841 0.861538 0.453565 0.106237 0.439262 0.145681 0.491428 0.182707 0.464615 0.97352 0.331484 0.472019 0.557918 0.169903 0.429755 0.557655 0.142301 0.73887 0.809028 0.0017662 0.424167 0.264507 0.949874 0.430738 0.711699 0.192045 0.811646 0.702612 0.825497 0.742078 0.983667 0.559453 0.310127 0.457358 0.241768 0.793875 0.612449 0.825446 0.617386 0.181969 
0.826723 0.852352 0.990341 0.18102 0.985723 0.21606 0.216402 0.535047 0.627175 0.785436 0.800829 0.541181 0.276756 0.122555 0.195782 0.779052 0.985404 0.430653 0.638847 0.927465 0.840484 0.294899 0.265207 0.483397 2.85122e-05 0.158466 0.868958 0.47027 0.988619 0.273476 0.274821 0.593643 0.0300864 0.849241 0.00261288 0.648705 0.385136 0.0129898 0.376994 0.517683 0.826708 0.763488 0.583585 0.388428 0.493974 0.936481 0.609504 0.579975 0.890563 0.210054 0.855129 0.0288158 0.0753454 0.20808 0.33589 0.513568 0.76755 0.379256 0.512153 0.836437 0.465349 0.0189448 0.574033 0.697548 
0.4983 0.143523 0.41329 0.376282 0.905948 0.210276 0.176727 0.249042 0.370009 0.607184 0.902823 0.607999 0.388062 0.464309 0.951671 0.786455 0.629916 0.576008 0.253777 0.498131 0.943536 0.149937 0.585084 0.755888 0.231172 0.493666 0.671947 0.698576 0.794584 0.648098 0.697293 0.177287 0.111117 0.675546 0.662119 0.597369 0.235824 0.63202 0.197244 0.40881 0.0184613 0.123309 0.261979 0.746697 0.847862 0.969153 0.462404 0.749858 0.48666 0.662723 0.0567642 0.523435 0.863348 0.0893278 0.00960283 0.397029 0.230282 0.630469 0.907657 0.540868 0.579369 0.695234 0.554832 0.327546 
0.183911 0.30815 0.435197 0.86429 0.570564 0.323146 0.649282 0.723769 0.0961004 0.187002 0.687513 0.561633 0.324985 0.663051 0.935073 0.263209 0.908027 0.0531139 0.511353 0.0919584 0.921028 0.924718 0.0316629 0.854573 0.0119052 0.783083 0.000636384 0.584448 0.867852 0.483973 0.183775 0.28869 0.40919 0.652712 0.973654 0.918045 0.598615 0.13447 0.982063 0.555206 0.915747 0.900233 0.0875532 0.315565 0.854326 0.0412608 0.408343 0.554931 0.162637 0.584619 0.0795658 0.243098 0.807855 0.07522 0.252491 0.671794 0.662159 0.230018 0.113152 0.178993 0.608557 0.0251438 0.0268699 0.943346 
0.871388 0.270548 0.730722 0.761824 0.0848366 0.944464 0.530275 0.80786 0.987566 0.159363 0.253973 0.458005 0.0745681 0.92049 0.213409 0.99669 0.438686 0.654171 0.129452 0.753079 0.77696 0.0999569 0.394094 0.586178 0.385981 0.829984 0.322653 0.269505 0.526039 0.386125 0.908086 0.455719 0.990797 0.446081 0.152403 0.446614 0.453762 0.71551 0.0901066 0.751982 0.604604 0.5923 0.112248 0.931178 0.337528 0.20332 0.066394 0.396847 0.348744 0.357695 0.591641 0.617987 0.439672 0.214955 0.433804 0.609247 0.745199 0.507412 0.241036 0.407256 0.544881 0.00108331 0.189479 0.368726 
0.0224783 0.197736 0.796856 0.0351887 0.494105 0.362188 0.261974 0.162852 0.474326 0.0407632 0.691868 0.592802 0.43746 0.871576 0.610935 0.500074 0.329158 0.429458 0.89038 0.448699 0.782039 0.18066 0.368027 0.550039 0.7223 0.369701 0.356749 0.0705011 0.954322 0.0823216 0.727466 0.543114 0.0852044 0.95076 0.369832 0.199088 0.202396 0.834951 0.863646 0.95724 0.281267 0.675755 0.739551 0.540144 0.220011 0.459673 0.665672 0.675889 0.911091 0.164495 0.829326 0.715646 0.517265 0.937586 0.32798 0.814909 0.872675 0.227519 0.602428 0.519134 0.561371 0.548396 0.489832 0.724181 
0.916214 0.119565 0.786935 0.900471 0.0563405 0.740897 0.407523 0.71884 0.546324 0.569491 0.524043 0.527132 0.205864 0.715411 0.128395 0.47177 0.519421 0.151208 0.331256 0.867174 0.506308 0.65692 0.0356705 0.220108 0.67285 0.165228 0.337174 0.647542 0.246248 0.876885 0.219555 0.607313 0.785602 0.13807 0.749702 0.215521 0.973748 0.884426 0.0132853 0.893265 0.586334 0.407186 0.608711 0.608463 0.374733 0.374611 0.142311 0.109366 0.835897 0.243536 0.433363 0.479064 0.307928 0.505081 0.345804 0.702258 0.297975 0.288065 0.29882 0.400488 0.147836 0.749385 0.430799 0.654134 
0.0862739 0.95887 0.790453 0.421279 0.123745 0.0640288 0.976213 0.0038527 0.0154716 0.717792 0.721887 0.367775 0.0335457 0.0362938 0.669708 0.415839 0.791232 0.277508 0.828342 0.934831 0.163694 0.260775 0.365275 0.69152 0.25736 0.817988 0.409993 0.0167328 0.633041 0.757655 0.193019 0.75539 0.0538514 0.209276 0.0956786 0.846604 0.602873 0.886443 0.281195 0.771103 0.217569 0.170086 0.263734 0.330348 0.773584 0.69475 0.560525 0.708409 0.796415 0.00683046 0.776441 0.441555 0.946853 0.223069 0.776015 0.414865 0.514568 0.938418 0.361112 0.305958 0.430097 0.66984 0.81072 0.353219 
0.911852 0.511286 0.817175 0.0492277 0.922026 0.16257 0.537537 0.663126 0.550053 0.66281 0.733764 0.142973 0.375817 0.476251 0.870096 0.566312 0.281304 0.475305 0.433459 0.57114 0.266367 0.832428 0.995436 0.691203 0.137285 0.265376 0.373255 0.415534 0.125792 0.112458 0.597401 0.885434 0.410074 0.324276 0.687332 0.815062 0.90057 0.130321 0.449054 0.832624 0.761791 0.679725 0.129648 0.392668 0.363177 0.994369 0.316818 0.854094 0.259971 0.685359 0.516422 0.657673 0.715934 0.53138 0.0407777 0.467517 0.64618 0.675279 0.236051 0.244905 0.592586 0.964388 0.920763 0.166811 
0.404817 0.262271 0.401433 0.0328412 0.314015 0.539917 0.201877 0.465834 0.677998 0.328032 0.347511 0.215872 0.278313 0.368899 0.749044 0.595333 0.562884 0.864655 0.810487 0.303758 0.0842808 0.908164 0.630631 0.723458 0.877304 0.960721 0.783496 0.664754 0.0740798 0.583658 0.350473 0.0246279 0.116871 0.0344672 0.597546 0.433947 0.556217 0.432764 0.933685 0.535412 0.913111 0.730315 0.595956 0.0785887 0.862153 0.523137 0.389118 0.94988 0.0882096 0.309269 0.382394 0.815957 0.192242 0.743606 0.818059 0.889409 0.313083 0.686495 0.133062 0.104372 0.106787 0.588262 0.936409 0.565072 
0.265034 0.168756 0.97429 0.0822277 0.147192 0.701677 0.832943 0.1651 0.462027 0.99876 0.218339 0.18066 0.574219 0.600192 0.442508 0.450392 0.998929 0.925286 0.131763 0.816676 0.0786125 0.55435 0.879269 0.22183 0.13557 0.63954 0.0792454 0.76565 0.700375 0.252249 0.521312 0.220649 0.0588378 0.240777 0.641763 0.589272 0.91777 0.276696 0.790909 0.316341 0.923841 0.0104869 0.986943 0.938885 0.448919 0.87013 0.162423 0.939602 0.870122 0.0993617 0.0543052 0.62194 0.577435 0.0988054 0.0488253 0.631577 0.645726 0.536195 0.497355 0.0655187 0.800283 0.0964276 0.365084 0.0967198 
0.457597 0.394017 0.878849 0.241861 0.655571 0.853789 0.358594 0.81466 0.123188 0.291668 0.26397 0.477313 0.934108 0.347137 0.382111 0.710183 0.429907 0.0476336 0.242459 0.587469 0.954956 0.635073 0.400474 0.978968 0.0924479 0.167861 0.941386 0.970979 0.286397 0.120538 0.989734 0.141361 0.00470647 0.882217 0.265126 0.48705 0.689851 0.965585 0.411907 0.386217 0.447041 0.349921 0.436045 0.601602 0.0745949 0.848546 0.080583 0.487574 0.696943 0.736531 0.6644 0.533618 0.299315 0.764545 0.133937 0.510641 0.039273 0.307271 0.612496 0.667171 0.807281 0.740057 0.432753 0.198398 
0.881118 0.451486 0.295602 0.109448 0.0944215 0.198393 0.58011 0.0214333 0.438588 0.0119186 0.463646 0.433458 0.811028 0.728928 0.419568 0.558977 0.985699 0.444397 0.0931066 0.781112 0.786861 0.624769 0.934097 0.458025 0.628385 0.173278 0.649326 0.954704 0.200973 0.225499 0.280525 0.747957 0.108046 0.826353 0.837926 0.464059 0.318946 0.46243 0.997956 0.0983729 0.0164875 0.457901 0.430473 0.619967 0.694938 0.708566 0.103924 0.822276 0.912036 0.988229 0.767934 0.127288 0.51284 0.763655 0.475536 0.160727 0.837334 0.690925 0.776578 0.0628626 0.413881 0.82613 0.555758 0.102946 
0.813078 0.559947 0.51674 0.0477122 0.804774 0.74656 0.731317 0.424374 0.33479 0.175982 0.272171 0.593778 0.272247 0.926421 0.434181 0.53681 0.170971 0.0807884 0.0378243 0.745329 0.630919 0.952904 0.888335 0.250648 0.0558694 0.421277 0.17436 0.647668 0.918307 0.582049 0.834478 0.386479 0.103756 0.259032 0.788104 0.542661 0.160517 0.323107 0.595844 0.108573 0.581799 0.287623 0.682455 0.85244 0.614499 0.831735 0.258788 0.965163 0.534688 0.267423 0.906542 0.842376 0.367191 0.826169 0.604494 0.507387 0.952266 0.180338 0.561339 0.394478 0.692503 0.601673 0.311765 0.0155317 
0.436953 0.985151 0.786948 0.268314 0.110008 0.923909 0.103254 0.230178 0.898325 0.0166236 0.344931 0.308282 0.720877 0.9124 0.459183 0.102694 0.947884 0.901315 0.94285 0.537922 0.468474 0.0921117 0.909627 0.73842 0.246275 0.831752 0.946605 0.25165 0.736735 0.179958 0.493244 0.0608099 0.406904 0.421155 0.328113 0.875842 0.783572 0.262382 0.320563 0.463931 0.157673 0.195556 0.95293 0.438401 0.00487054 0.157665 0.926699 0.945194 0.54455 0.545652 0.958108 0.201406 0.790292 0.171816 0.826171 0.313589 0.532347 0.833314 0.971627 0.612493 0.453268 0.22769 0.856363 0.160429 
0.102126 0.68718 0.00543401 0.321615 0.819425 0.537263 0.479504 0.915001 0.0581794 0.375532 0.97135 0.51485 0.287935 0.886895 0.465314 0.709849 0.280032 0.0379155 0.595387 0.0621435 0.431666 0.570509 0.51412 0.17234 0.452844 0.016456 0.815821 0.211639 0.941501 0.604839 0.770653 0.77003 0.79011 0.723247 0.33492 0.826937 0.0920403 0.468956 0.0986769 0.314264 0.366704 0.24405 0.847382 0.0650027 0.419421 0.756459 0.326945 0.94803 0.608749 0.93879 0.422038 0.844674 0.0597754 0.496011 0.738198 0.600759 0.598593 0.716263 0.944899 0.263422 0.212246 0.066548 0.207492 0.698223 
0.693785 0.780519 0.304186 0.43085 0.207931 0.755053 0.642555 0.559664 0.376233 0.214507 0.0187492 0.707657 0.113617 0.423509 0.59747 0.790932 0.611468 0.832844 0.968897 0.379711 0.672427 0.598387 0.57476 0.703624 0.65545 0.0254173 0.880705 0.652331 0.456123 0.120741 0.109425 0.870405 0.231692 0.060503 0.25612 0.42568 0.42071 0.863265 0.523784 0.2824 0.937637 0.213619 0.107327 0.485755 0.165357 0.840265 0.201754 0.0803893 0.00294712 0.573539 0.982888 0.462277 0.0331741 0.248936 0.0131539 0.944966 0.801757 0.978124 0.350478 0.722252 0.507554 0.165849 0.901628 0.179959 
0.0520654 0.478973 0.0979094 0.958173 0.109721 0.993375 0.487635 0.991558 0.546984 0.721485 0.703544 0.489731 0.422024 0.365774 0.589597 0.322253 0.845754 0.100825 0.755778 0.545429 0.443855 0.514338 0.753451 0.300248 0.898444 0.6923 0.134369 0.886269 0.0530729 0.116133 0.691546 0.31052 0.0976709 0.545599 0.469712 0.0334059 0.890504 0.796689 0.930462 0.310243 0.527867 0.494635 0.0780899 0.967852 0.533377 0.154261 0.149757 0.53545 0.962572 0.0418636 0.562912 0.301869 0.367465 0.769924 0.126434 0.125533 0.606398 0.290197 0.745448 0.110165 0.833355 0.975636 0.0539989 0.741001 
0.014958 0.221026 0.0802494 0.712223 0.53808 0.737125 0.311423 0.692168 0.829723 0.404638 0.863308 0.0455602 0.763887 0.190316 0.987077 0.81853 0.109338 0.85466 0.0779407 0.170356 0.864188 0.841729 0.571825 0.785003 0.0154679 0.588457 0.534369 0.740284 0.135312 0.274623 0.163324 0.750217 0.0811154 0.13839 0.976578 0.483856 0.816844 0.400391 0.140286 0.380668 0.914483 0.903351 0.436052 0.644292 0.403772 0.407563 0.291039 0.669984 0.184395 0.0117607 0.609028 0.843774 0.357191 0.019268 0.104803 0.00414893 0.344484 0.924356 0.0368521 0.0137075 0.009208 0.291453 0.247041 0.398531 
0.42804 0.220487 0.722034 0.71363 0.488564 0.443078 0.141737 0.783702 0.873942 0.354155 0.0806082 0.462359 0.150398 0.528805 0.514388 0.371487 0.905841 0.619745 0.629968 0.898055 0.183514 0.724018 0.648479 0.774528 0.212859 0.679652 0.906072 0.0168445 0.825494 0.242411 0.642901 0.257698 0.32787 0.893107 0.411849 0.94982 0.179533 0.11061 0.342792 0.573983 0.236531 0.730757 0.344274 0.732162 0.624287 0.519416 0.0655896 0.498822 0.88971 0.996621 0.679953 0.742469 0.960106 0.163595 0.910538 0.371019 0.426676 0.306775 0.751408 0.475343 0.803994 0.431011 0.411132 0.622611 
0.0129369 0.0493054 0.609296 0.692405 0.999916 0.21104 0.791055 0.763075 0.12923 0.387632 0.747276 0.0261983 0.862732 0.603928 0.874219 0.43771 0.792924 0.592613 0.894461 0.649356 0.159244 0.693472 0.195113 0.855027 0.451815 0.833197 0.855202 0.42061 0.559601 0.836405 0.190469 0.935338 0.94344 0.530258 0.76879 0.117513 0.880921 0.767587 0.92943 0.312061 0.15737 0.692275 0.19793 0.224702 0.241627 0.336857 0.709075 0.346994 0.77353 0.135574 0.232693 0.116136 0.32811 0.591707 0.328472 0.447906 0.859811 0.0427688 0.213262 0.688752 0.819751 0.221211 0.0512736 0.226612 
0.535457 0.856107 0.499824 0.262835 0.568548 0.784236 0.454833 0.013054 0.606979 0.685721 0.603293 0.83223 0.547438 0.925072 0.633582 0.272375 0.634444 0.671419 0.0445492 0.534686 0.234961 0.645591 0.883465 0.088287 0.0867459 0.632368 0.694037 0.871037 0.256314 0.647181 0.561204 0.405808 0.871559 0.662311 0.0995895 0.00876937 0.750081 0.107446 0.551901 0.439083 0.614023 0.146143 0.193548 0.431406 0.767737 0.73902 0.245915 0.181332 0.587612 0.62147 0.619092 0.390142 0.782473 0.655157 0.33661 0.134129 0.174864 0.922571 0.922401 0.787131 0.0610843 0.723095 0.148687 0.93231 
0.629322 0.513464 0.666771 0.983229 0.400629 0.855281 0.0460276 0.731256 0.597309 0.250841 0.108794 0.388662 0.138132 0.0962196 0.178642 0.784303 0.996519 0.825041 0.348446 0.507855 0.600813 0.212593 0.442647 0.726909 0.772898 0.488774 0.575738 0.762576 0.34993 0.548468 0.752561 0.757478 0.980986 0.792315 0.264572 0.671249 0.261825 0.689824 0.752605 0.492032 0.619274 0.515735 0.554437 0.174054 0.441249 0.621897 0.609958 0.686824 0.460248 0.0476579 0.836486 0.171214 0.130885 0.42436 0.165554 0.00992466 0.999647 0.00154471 0.110195 0.871191 0.189239 0.0812615 0.560907 0.718486 
