19.6865 1111111101001010010111111111100001101010110000001100010111110000010101011111011011101000101100000100
77.5954 1001000000011101001110001010111100000100110001011101101010111111101010010101001011110000110000110000
0.696066 0.433249 0.0988242 0.180825 0.150618 0.259178 0.620909 0.175191 0.271555 0.761255 0.946506 0.0187299 0.53194 0.406806 0.607912 0.659345 0.36206 0.30577 0.907128 0.256587 0.231515 0.943247 0.477546 0.631773 0.849676 0.311328 0.605659 0.458004 0.639784 0.800121 0.149444 0.230676 0.608453 0.502368 0.719858 0.61555 0.896776 0.616711 0.151921 0.903585 0.471378 0.957203 0.510903 0.640485 0.758042 0.666186 0.0727579 0.0530809 0.969691 0.666196 0.859675 0.577135 0.121505 0.750906 0.40892 0.5931 0.451866 0.408136 0.0222273 0.399743 0.528463 0.013318 0.4585 0.0479295 
0.210908 0.844187 0.662077 0.650652 0.857754 0.0196892 0.990475 0.137572 0.725973 0.273491 0.660684 0.36767 0.215531 0.265331 0.310728 0.203425 0.259216 0.314952 0.0567266 0.279409 0.918062 0.649222 0.253354 0.715312 0.305104 0.331425 0.616904 0.493244 0.725031 0.649725 0.367213 0.507171 0.77505 0.126974 0.341068 0.923763 0.323302 0.345075 0.410529 0.353804 0.842302 0.177006 0.0231972 0.790401 0.0555884 0.996436 0.456585 0.779376 0.913471 0.564767 0.637238 0.44678 0.0234748 0.499209 0.0851101 0.753879 0.195665 0.710081 0.501382 0.973815 0.75286 0.328739 0.306047 0.229976 
0.732001 0.695486 0.914655 0.0696539 0.74897 0.843881 0.373169 0.77329 0.135204 0.922309 0.182287 0.439237 0.273518 0.662595 0.320565 0.700104 0.792942 0.0563749 0.402874 0.533424 0.302739 0.294517 0.531991 0.962904 0.872838 0.122938 0.0835272 0.0454534 0.078683 0.319409 0.17071 0.23641 0.4348 0.0732348 0.299572 0.491213 0.677574 0.841312 0.802837 0.467229 0.512355 0.595421 0.863509 0.699837 0.149255 0.561912 0.152078 0.294241 0.485395 0.250935 0.470685 0.688526 0.318085 0.855992 0.745219 0.0861284 0.447813 0.922923 0.895914 0.958319 0.564019 0.326756 0.297554 0.28584 
0.41249 0.832769 0.873582 0.493801 0.533438 0.664334 0.697491 0.656055 0.234731 0.155933 0.83373 0.65494 0.149437 0.729253 0.0839586 0.22641 0.268776 0.380651 0.571137 0.048174 0.575888 0.385879 0.752382 0.180961 0.675474 0.469217 0.471157 0.512708 0.99483 0.97406 0.782794 0.289092 0.615089 0.727576 0.0911499 0.138968 0.427112 0.949902 0.764506 0.638067 0.78826 0.425008 0.34189 0.171352 0.773111 0.899505 0.7713 0.147896 0.17482 0.205891 0.927978 0.244909 0.763283 0.297344 0.942859 0.329565 0.979193 0.67887 0.123444 0.875288 0.721816 0.960032 0.408746 0.714254 
0.939521 0.472683 0.667084 0.599256 0.620548 0.979265 0.551545 0.918198 0.968687 0.41458 0.464697 0.11409 0.0653637 0.568737 0.31726 0.246203 0.481728 0.455595 0.71182 0.0308214 0.377617 0.709042 0.458183 0.0693022 0.562556 0.04551 0.985676 0.441461 0.359083 0.831245 0.664308 0.718552 0.602232 0.371838 0.42943 0.418554 0.463282 0.918321 0.629602 0.0319558 0.4716 0.547968 0.065145 0.991745 0.562263 0.669177 0.894999 0.155997 0.151958 0.893572 0.375492 0.832751 0.00481537 0.627659 0.148168 0.410531 0.567721 0.429658 0.763257 0.297234 0.960925 0.204079 0.607178 0.131829 
0.912501 0.665685 0.835983 0.0703736 0.412525 0.0909898 0.767645 0.0243246 0.573847 0.202617 0.00331742 0.179526 0.124165 0.803012 0.611413 0.789398 0.596364 0.0572838 0.648949 0.542709 0.797478 0.283065 0.945474 0.951472 0.232414 0.0520629 0.432059 0.805434 0.141741 0.121596 0.00616555 0.258299 0.296111 0.965726 0.160928 0.880387 0.861726 0.0532414 0.082186 0.41819 0.390479 0.284579 0.421282 0.82732 0.809832 0.176323 0.731704 0.720007 0.926542 0.764372 0.25863 0.156633 0.966581 0.327489 0.68222 0.122886 0.150788 0.973421 0.53641 0.099427 0.0936984 0.404731 0.515536 0.367831 
0.259203 0.551355 0.292426 0.811993 0.443171 0.676401 0.419809 0.919556 0.291733 0.145452 0.204591 0.325938 0.51158 0.447171 0.553335 0.310897 0.625448 0.970038 0.711443 0.193961 0.459736 0.875855 0.76909 0.910771 0.485287 0.913407 0.574949 0.187301 0.764884 0.869552 0.476883 0.115062 0.741692 0.652182 0.168236 0.0373626 0.539863 0.551892 0.444351 0.58654 0.477103 0.207419 0.869877 0.0228705 0.649153 0.840499 0.00570682 0.545824 0.142143 0.684942 0.470629 0.836941 0.342841 0.772012 0.284053 0.30417 0.576192 0.702319 0.815721 0.968486 0.212406 0.957851 0.0444333 0.792301 
0.651421 0.913404 0.556486 0.797627 0.0944198 0.427667 0.290387 0.210024 0.510424 0.482809 0.102796 0.143423 0.73746 0.544887 0.464331 0.0725965 0.98233 0.0908465 0.320422 0.673112 0.609685 0.341273 0.749646 0.310242 0.927531 0.661733 0.898374 0.260172 0.457954 0.985729 0.700874 0.834305 0.217439 0.980597 0.2185 0.5088 0.323908 0.590732 0.357584 0.752537 0.685283 0.0519881 0.65405 0.548347 0.344769 0.896556 0.102713 0.013475 0.592575 0.830235 0.241259 0.350523 0.21997 0.943713 0.670018 0.31377 0.56151 0.250841 0.633411 0.207905 0.292485 0.811923 0.0794661 0.730037 
0.596574 0.573865 0.763213 0.708205 0.214664 0.318564 0.122139 0.835918 0.0324613 0.3779 0.90072 0.331958 0.26171 0.901816 0.724406 0.949018 0.0608246 0.630626 0.0659654 0.195842 0.688884 0.0729821 0.122173 0.568142 0.999935 0.599885 0.256403 0.695855 0.376572 0.795704 0.241567 0.122573 0.393359 0.385358 0.185935 0.698929 0.204437 0.463862 0.274028 0.550379 0.182387 0.407414 0.946216 0.34365 0.3895 0.345657 0.451112 0.194504 0.0354906 0.623401 0.895233 0.357981 0.502711 0.0392173 0.260836 0.747869 0.538797 0.0171052 0.892824 0.298603 0.703297 0.637931 0.674206 0.202788 
0.463004 0.979943 0.129274 0.93961 0.25713 0.0700615 0.459877 0.266237 0.832597 0.269838 0.618367 0.0566885 0.376385 0.843268 0.734249 0.313236 0.427646 0.102561 0.617252 0.760487 0.628927 0.579892 0.519616 0.312298 0.784787 0.597515 0.5897 0.791496 0.251544 0.930228 0.23841 0.613499 0.221722 0.71346 0.169795 0.724645 0.634824 0.0926637 0.0312332 0.868856 0.395767 0.337086 0.792434 0.211138 0.314328 0.352075 0.173943 0.687323 0.142593 0.487851 0.788245 0.696998 0.173152 0.128917 0.116943 0.662123 0.75904 0.467119 0.360065 0.539469 0.244796 0.835187 0.475206 0.799741 
0.180073 0.336307 0.58903 0.0647136 0.33372 0.306731 0.377715 0.455118 0.0628608 0.917436 0.417719 0.729262 0.685558 0.108514 0.297733 0.878458 0.792873 0.376521 0.932549 0.461352 0.724503 0.952633 0.636167 0.589307 0.115744 0.646106 0.327018 0.6863 0.771292 0.778619 0.558881 0.207434 0.447779 0.895141 0.584526 0.776873 0.40158 0.375921 0.600088 0.621055 0.802319 0.731404 0.81767 0.855292 0.783126 0.503402 0.497628 0.562419 0.28398 0.411115 0.39276 0.267329 0.659452 0.18421 0.174974 0.665219 0.991717 0.396665 0.890504 0.648856 0.943671 0.340707 0.741006 0.755253 
0.800653 0.770151 0.590275 0.0827878 0.582248 0.532048 0.157461 0.588983 0.514033 0.364852 0.0324272 0.839524 0.794742 0.345547 0.879678 0.648297 0.670459 0.463331 0.076202 0.611531 0.119518 0.155335 0.0752077 0.453994 0.0951556 0.679887 0.890559 0.995477 0.809966 0.69906 0.488418 0.247812 0.295795 0.251116 0.582259 0.283451 0.684807 0.400435 0.359814 0.620999 0.43573 0.155116 0.451384 0.802316 0.398919 0.0581736 0.582652 0.712117 0.711575 0.70191 0.720852 0.0582443 0.108912 0.805999 0.201339 0.79226 0.500337 0.753462 0.963096 0.563601 0.12225 0.61709 0.539291 0.142712 
0.754095 0.614347 0.0563686 0.549042 0.267285 0.797683 0.169149 0.693166 0.32515 0.107886 0.87224 0.996409 0.373072 0.551163 0.779942 0.806965 0.23428 0.263007 0.676898 0.669527 0.355909 0.0402873 0.25606 0.0644488 0.489848 0.243597 0.551361 0.395574 0.607197 0.759418 0.880941 0.778143 0.694385 0.52285 0.793973 0.78492 0.280853 0.591935 0.688068 0.699801 0.346217 0.472023 0.13717 0.275418 0.269788 0.744725 0.828044 0.0439375 0.428697 0.323297 0.399518 0.020129 0.11715 0.259956 0.133273 0.92045 0.924677 0.4242 0.964622 0.30124 0.283418 0.838797 0.0199625 0.388679 
0.115082 0.546597 0.0542748 0.0430352 0.790065 0.965523 0.76867 0.0410462 0.754892 0.806514 0.460423 0.811284 0.774341 0.369927 0.928056 0.800993 0.838507 0.473293 0.168603 0.775175 0.100367 0.798361 0.456429 0.0108675 0.160345 0.921945 0.351058 0.815873 0.670336 0.331919 0.444265 0.600078 0.311267 0.500122 0.267051 0.54911 0.424973 0.801344 0.808796 0.453491 0.750139 0.868348 0.279212 0.205292 0.139027 0.550258 0.799494 0.116512 0.445395 0.604684 0.281497 0.151096 0.0347128 0.457087 0.483713 0.878365 0.342972 0.326853 0.422371 0.951942 0.78788 0.340291 0.401359 0.304652 
0.647677 0.667231 0.33717 0.135586 0.720346 0.921401 0.099502 0.237763 0.139412 0.421912 0.72728 0.780554 0.97358 0.622049 0.0464642 0.254027 0.771306 0.373814 0.151639 0.544482 0.0421153 0.0417262 0.0613619 0.78868 0.806883 0.224122 0.849428 0.315731 0.709834 0.363095 0.914901 0.183384 0.695876 0.141066 0.0188095 0.0316211 0.96332 0.0625797 0.768178 0.158014 0.199004 0.980971 0.351425 0.155354 0.632938 0.724691 0.571055 0.780755 0.623238 0.522738 0.934616 0.837901 0.369666 0.100485 0.447081 0.558583 0.0903 0.100007 0.718373 0.0636803 0.112411 0.438887 0.471493 0.600996 
0.483588 0.675542 0.231369 0.382561 0.877608 0.672116 0.612037 0.796226 0.321787 0.793521 0.232823 0.123369 0.0977228 0.0505521 0.709849 0.0478968 0.132352 0.147781 0.373203 0.659632 0.808595 0.436696 0.331191 0.381419 0.111162 0.913274 0.618412 0.86496 0.605213 0.97768 0.376816 0.612291 0.571394 0.65823 0.937832 0.606063 0.231017 0.74795 0.519319 0.958744 0.202596 0.257646 0.920544 0.596849 0.838201 0.913736 0.971958 0.36529 0.444036 0.983385 0.950259 0.561593 0.473889 0.0886181 0.903901 0.546321 0.0857977 0.358497 0.55041 0.707393 0.547081 0.225652 0.305971 0.710211 
0.126946 0.950655 0.785526 0.878714 0.557597 0.802278 0.389961 0.742409 0.879198 0.0236231 0.973794 0.18468 0.252149 0.401979 0.98319 0.87488 0.293925 0.242033 0.591841 0.936442 0.156628 0.0290595 0.953222 0.0858355 0.662748 0.0898247 0.850692 0.418065 0.348908 0.436108 0.478856 0.701731 0.450431 0.591965 0.933044 0.795253 0.385159 0.694777 0.0823412 0.42344 0.317679 0.254024 0.790391 0.337226 0.570256 0.968938 0.0374442 0.39228 0.321577 0.823448 0.28132 0.479803 0.231443 0.539701 0.270578 0.4906 0.103771 0.778237 0.478656 0.410644 0.839114 0.723156 0.222676 0.559662 
0.965608 0.175846 0.469263 0.459762 0.252492 0.459604 0.827154 0.899057 0.0225831 0.31792 0.300919 0.434245 0.40243 0.64024 0.113142 0.984226 0.521452 0.712513 0.85286 0.609782 0.83973 0.739529 0.955637 0.697397 0.617926 0.963333 0.422423 0.552068 0.777697 0.842595 0.131269 0.522079 0.504287 0.766156 0.97402 0.697548 0.694922 0.642792 0.0833776 0.0789169 0.192352 0.667608 0.311537 0.479532 0.312235 0.832857 0.792264 0.728406 0.0783545 0.296626 0.0425874 0.361144 0.240648 0.537133 0.280616 0.52722 0.249764 0.301438 0.266049 0.436537 0.5012 0.708888 0.435824 0.81325 
0.911858 0.00789673 0.433724 0.671888 0.752833 0.315298 0.363128 0.629095 0.437529 0.015866 0.572022 0.107405 0.338643 0.299424 0.436847 0.0203408 0.402524 0.973986 0.987763 0.339423 0.361655 0.404641 0.0959738 0.631889 0.970262 0.106833 0.381046 0.183894 0.758931 0.247213 0.928938 0.0121323 0.188293 0.427438 0.961652 0.290754 0.207557 0.222076 0.437799 0.00892598 0.538731 0.259514 0.316578 0.272275 0.68502 0.307764 0.828477 0.247422 0.604095 0.567046 0.643594 0.967867 0.265988 0.448484 0.37436 0.971334 0.943141 0.481208 0.252989 0.759203 0.915608 0.463155 0.167625 0.0410095 
0.680809 0.0992396 0.11125 0.468847 0.00668798 0.0258445 0.412154 0.78105 0.818597 0.933772 0.154695 0.18657 0.931926 0.567063 0.450622 0.159966 0.279357 0.859059 0.293356 0.38261 0.451742 0.817394 0.0140479 0.251296 0.0744154 0.291391 0.797374 0.549066 0.843089 0.733373 0.530387 0.0923033 0.243614 0.444473 0.280408 0.27016 0.865535 0.208618 0.44017 0.999282 0.440467 0.548356 0.510179 0.215424 0.594699 0.817926 0.592081 0.851123 0.205316 0.593352 0.432043 0.819507 0.750695 0.202 0.815279 0.179634 0.951245 0.722205 0.551268 0.324377 0.691863 0.889536 0.523976 0.0316574 
0.228473 0.974325 0.120126 0.731162 0.340649 0.564839 0.0989417 0.342552 0.971991 0.743364 0.597129 0.754739 0.399533 0.371827 0.990525 0.491594 0.89665 0.319834 0.269123 0.818908 0.438454 0.854697 0.962545 0.0855546 0.0885188 0.251476 0.617646 0.585632 0.739871 0.0515869 0.092774 0.037707 0.287522 0.544195 0.737052 0.726066 0.400612 0.731772 0.514747 0.140916 0.672517 0.129746 0.620721 0.561598 0.110662 0.501665 0.315852 0.96195 0.940112 0.862715 0.50993 0.145768 0.447459 0.619786 0.02785 0.987025 0.183975 0.257917 0.0811128 0.0102653 0.128886 0.384012 0.782263 0.0555168 
0.504126 0.0238629 0.505462 0.279169 0.119776 0.967344 0.566573 0.738135 0.834907 0.80414 0.943984 0.599278 0.449846 0.601811 0.941053 0.892404 0.368227 0.460992 0.455124 0.648752 0.464581 0.673089 0.750582 0.274351 0.641715 0.0172128 0.666596 0.948521 0.824481 0.520979 0.62851 0.528703 0.73046 0.875812 0.442167 0.353619 0.0811271 0.203674 0.224695 0.156938 0.324099 0.272453 0.458657 0.123398 0.63879 0.634276 0.515131 0.97806 0.71563 0.294277 0.747752 0.0669887 0.325759 0.695639 0.981645 1.84546e-05 0.926899 0.136287 0.0297697 0.910353 0.41299 0.865037 0.000174958 0.441228 
0.446541 0.840541 0.596144 0.13175 0.950133 0.836019 0.23062 0.741328 0.216651 0.558118 0.725133 0.623761 0.465562 0.276715 0.73349 0.266111 0.591092 0.559742 0.567483 0.581345 0.405904 0.681866 0.553417 0.766468 0.662638 0.894806 0.69279 0.529782 0.266905 0.0171013 0.21423 0.855835 0.650834 0.101343 0.56547 0.808727 0.23536 0.936532 0.937425 0.134498 0.136871 0.687001 0.0958142 0.134494 0.269895 0.828535 0.029035 0.576815 0.730937 0.562937 0.404915 0.453152 0.87767 0.91539 0.208316 0.084217 0.21003 0.262851 0.229175 0.142218 0.919805 0.782516 0.328485 0.434174 
0.516525 0.256201 0.00539794 0.101364 0.67231 0.701429 0.693006 0.576434 0.824573 0.562414 0.269158 0.717142 0.547584 0.99695 0.800565 0.189534 0.884836 0.494237 0.344788 0.936679 0.348449 0.905358 0.992277 0.593378 0.445125 0.733918 0.520297 0.814218 0.980702 0.0197494 0.489577 0.975989 0.571633 0.0890464 0.652113 0.54523 0.172673 0.703344 0.223906 0.0391605 0.781844 0.855089 0.519099 0.236292 0.856998 0.521468 0.630198 0.562823 0.900785 0.754546 0.351252 0.891069 0.513098 0.211915 0.424385 0.871965 0.109292 0.507219 0.84288 0.334951 0.88874 0.865536 0.342428 0.0654114 
0.962592 0.614792 0.644929 0.167398 0.0718156 0.2892 0.0585016 0.713609 0.206041 0.921356 0.177355 0.680614 0.744244 0.911502 0.375531 0.0788716 0.158386 0.870326 0.643236 0.275185 0.632369 0.0349264 0.498298 0.171075 0.618 0.584676 0.703773 0.661355 0.951103 0.456714 0.400631 0.287345 0.672194 0.966881 0.440631 0.028542 0.328109 0.381667 0.415675 0.249528 0.77802 0.536723 0.554953 0.514455 0.545918 0.282875 0.437027 0.724822 0.207808 0.0281234 0.491097 0.711651 0.151206 0.556927 0.1221 0.175083 0.0761603 0.244863 0.0209239 0.852875 0.54736 0.446969 0.305871 0.740227 
0.904398 0.0762403 0.168726 0.200318 0.620487 0.544076 0.0955877 0.354319 0.554918 0.16264 0.130354 0.511548 0.53756 0.51509 0.406721 0.194391 0.0303113 0.845543 0.692217 0.269685 0.369795 0.0591702 0.545529 0.790097 0.918001 0.212528 0.93866 0.891857 0.914268 0.850949 0.824121 0.989357 0.89734 0.457423 0.498081 0.446969 0.241634 0.710814 0.316874 0.0759307 0.983185 0.129693 0.982285 0.764132 0.40287 0.145313 0.41057 0.0629188 0.206574 0.981967 0.653918 0.357054 0.745185 0.693185 0.87447 0.301874 0.324119 0.484648 0.741968 0.774216 0.48183 0.260953 0.12532 0.136578 
0.516866 0.876887 0.15624 0.221463 0.724577 0.416711 0.461281 0.72542 0.123559 0.724121 0.181278 0.463565 0.694758 0.638236 0.711184 0.157602 0.784848 0.861902 0.879013 0.0306995 0.415797 0.0451899 0.413299 0.587432 0.759416 0.697187 0.246467 0.456154 0.267909 0.237409 0.350153 0.952193 0.260267 0.72516 0.467348 0.477534 0.26597 0.723463 0.272361 0.0969697 0.347284 0.509655 0.834112 0.559745 0.982446 0.194821 0.898354 0.0940554 0.487506 0.668582 0.231647 0.793358 0.894701 0.373181 0.81556 0.0250124 0.47832 0.694714 0.447109 0.349969 0.650534 0.767842 0.850893 0.201649 
0.478585 0.217436 0.0536748 0.0639425 0.718758 0.310387 0.601075 0.505474 0.0376512 0.311205 0.672982 0.436178 0.497733 0.227698 0.280485 0.808136 0.37064 0.597052 0.690102 0.133349 0.711339 0.853739 0.537703 0.864573 0.969371 0.509762 0.592281 0.826757 0.916139 0.249437 0.936409 0.366193 0.39129 0.307097 0.535168 0.333955 0.0692865 0.951611 0.17675 0.167106 0.880683 0.684881 0.845915 0.0566816 0.262997 0.704781 0.440935 0.276494 0.00456173 0.930329 0.552119 0.0523588 0.568622 0.207569 0.938978 0.339602 0.83174 0.0119013 0.490313 0.921698 0.862707 0.00185017 0.624741 0.766786 
0.764458 0.4263 0.361064 0.835543 0.246252 0.338594 0.5988 0.889803 0.616346 0.15206 0.641649 0.116115 0.351499 0.920967 0.980593 0.584483 0.542312 0.866479 0.828462 0.85877 0.418433 0.619169 0.928641 0.513501 0.85577 0.888479 0.188629 0.4223 0.474334 0.218187 0.818187 0.926063 0.907972 0.175662 0.510514 0.930635 0.291718 0.448434 0.399747 0.579583 0.305664 0.534027 0.311007 0.521146 0.480877 0.883922 0.626288 0.720347 0.723756 0.610237 0.417169 0.0330458 0.529864 0.432473 0.222518 0.13795 0.430648 0.278353 0.901864 0.909114 0.874385 0.00132769 0.445506 0.44228 
0.166003 0.265476 0.901405 0.104465 0.394483 0.442662 0.804104 0.557453 0.435744 0.592204 0.759058 0.271047 0.348558 0.703179 0.358509 0.526625 0.736134 0.76564 0.452896 0.388374 0.954243 0.886479 0.629459 0.421266 0.616776 0.888227 0.03653 0.513551 0.337026 0.0335696 0.543493 0.207342 0.272178 0.088065 0.281361 0.117406 0.418272 0.882311 0.0424988 0.629343 0.69012 0.697529 0.378593 0.663888 0.0711314 0.108996 0.209118 0.805931 0.450459 0.581997 0.518527 0.0592281 0.321738 0.740129 0.593871 0.914265 0.941802 0.163127 0.701174 0.359518 0.329986 0.0518133 0.185643 0.0530712 
0.980622 0.0146353 0.345148 0.854673 0.849725 0.961326 0.0225116 0.753746 0.73529 0.309169 0.107382 0.223089 0.624744 0.328216 0.388566 0.261057 0.577586 0.0190807 0.537307 0.866642 0.0304154 0.144446 0.804295 0.568314 0.696872 0.851505 0.960051 0.621366 0.54797 0.386663 0.339136 0.950999 0.0185404 0.537051 0.793719 0.264216 0.752114 0.333143 0.239692 0.0605161 0.329227 0.035287 0.264823 0.154432 0.34005 0.204837 0.158215 0.574555 0.921522 0.701382 0.898266 0.205518 0.380198 0.653831 0.75815 0.0037415 0.393461 0.625596 0.450227 0.22012 0.456959 0.065505 0.832435 0.148341 
0.0953214 0.409829 0.789681 0.837686 0.906203 0.816391 0.223735 0.090986 0.383163 0.939409 0.666012 0.292612 0.473948 0.116503 0.134726 0.787975 0.553849 0.180892 0.873997 0.661055 0.588893 0.647732 0.419258 0.97222 0.981379 0.0691983 0.661824 0.238322 0.395363 0.104707 0.843871 0.654124 0.971208 0.866126 0.52107 0.277695 0.53593 0.64607 0.532039 0.819935 0.207869 0.536828 0.964785 0.173753 0.80074 0.456215 0.382766 0.0372091 0.212392 0.153761 0.030678 0.947714 0.945416 0.889357 0.0126464 0.59387 0.386106 0.138657 0.125943 0.144818 0.543644 0.406444 0.135311 0.171509 
0.0199902 0.354178 0.534011 0.781197 0.252721 0.693289 0.826332 0.849366 0.564758 0.176254 0.737468 0.779006 0.506039 0.994643 0.938 0.131128 0.973962 0.922434 0.296527 0.596591 0.926918 0.367485 0.0557742 0.418075 0.257295 0.987211 0.021105 0.252492 0.836494 0.814178 0.304527 0.168982 0.0982124 0.44708 0.934401 0.262509 0.545731 0.220872 0.393779 0.128088 0.443322 0.172546 0.809147 0.941061 0.55534 0.37276 0.262979 0.983266 0.595678 0.654557 0.231135 0.964181 0.584425 0.394234 0.42179 0.70086 0.200637 0.970168 0.918577 0.747747 0.231621 0.311027 0.801594 0.407374 
0.201012 0.183746 0.836044 0.789374 0.544131 0.602868 0.518991 0.453875 0.856234 0.880791 0.40516 0.935161 0.183787 0.016405 0.578931 0.802958 0.155179 0.601632 0.26339 0.952381 0.998894 0.74545 0.0212447 0.89694 0.265266 0.820282 0.860675 0.580993 0.155594 0.358078 0.64004 0.448376 0.466091 0.957441 0.344881 0.7558 0.632511 0.84275 0.170982 0.217064 0.0228166 0.350022 0.296445 0.545562 0.951605 0.175133 0.783502 0.0107898 0.331608 0.359788 0.15399 0.890069 0.924763 0.333839 0.180319 0.0780274 0.194834 0.553632 0.458177 0.193152 0.0183263 0.513615 0.741205 0.0359457 
0.9732 0.513873 0.452414 0.168219 0.930559 0.983465 0.925986 0.401049 0.164343 0.228164 0.743312 0.211414 0.5414 0.694126 0.601526 0.637042 0.602486 0.80122 0.665042 0.0824262 0.455418 0.592828 0.692618 0.229164 0.0349411 0.628851 0.233957 0.984505 0.278499 0.808307 0.522248 0.506423 0.511929 0.985242 0.120503 0.633381 0.874547 0.259569 0.296718 0.390969 0.802147 0.276305 0.189074 0.792121 0.188696 0.503615 0.654965 0.193135 0.304055 0.484693 0.454971 0.343886 0.407915 0.688 0.352981 0.561305 0.454129 0.969287 0.209307 0.914827 0.385519 0.892158 0.776905 0.336195 
0.175819 0.480375 0.993702 0.692333 0.894268 0.552242 0.968766 0.261208 0.511007 0.998648 0.900832 0.983376 0.49674 0.357428 0.8667 0.108977 0.0818524 0.16383 0.437541 0.943535 0.00593004 0.149268 0.0252325 0.492297 0.696282 0.335453 0.310226 0.955634 0.956615 0.149511 0.41216 0.630424 0.997918 0.191163 0.32936 0.353421 0.319875 0.771189 0.0519762 0.671524 0.609708 0.510012 0.622064 0.154336 0.612259 0.263801 0.54204 0.14701 0.155803 0.38475 0.883439 0.512163 0.142179 0.388906 0.715614 0.570191 0.514511 0.0636049 0.372414 0.0079098 0.153255 0.636037 0.690762 0.866528 
0.455577 0.013589 0.8851 0.885497 0.231483 0.778084 0.206401 0.50555 0.655423 0.230704 0.478239 0.236841 0.25948 0.719774 0.893527 0.0381702 0.662571 0.260849 0.31674 0.658015 0.443005 0.353125 0.498176 0.122778 0.745573 0.112238 0.998478 0.206106 0.629853 0.123314 0.188746 0.298697 0.285868 0.406025 0.268033 0.886901 0.34781 0.446475 0.450754 0.230301 0.674961 0.91489 0.856577 0.107035 0.183719 0.234887 0.0473569 0.474504 0.328822 0.608405 0.348255 0.957046 0.972667 0.742971 0.551037 0.270672 0.114207 0.568017 0.32094 0.346198 0.24782 0.634794 0.148233 0.867221 
0.932345 0.882878 0.872085 0.150587 0.388509 0.731454 0.954001 0.12975 0.49375 0.910789 0.90322 0.120096 0.829577 0.502186 0.259719 0.83507 0.824836 0.592353 0.988201 0.997818 0.566308 0.0582476 0.224482 0.399753 0.0340901 0.474254 0.682633 0.233859 0.0842873 0.282781 0.661671 0.868878 0.97257 0.179611 0.88435 0.136606 0.846694 0.267148 0.66306 0.300618 0.83099 0.460477 0.877777 0.550599 0.234989 0.0367595 0.116381 0.219661 0.650905 0.515716 0.957828 0.267345 0.146681 0.109485 0.437689 0.829985 0.226187 0.360025 0.88951 0.493418 0.30249 0.00440431 0.498075 0.0157282 
0.616213 0.905607 0.661937 0.897301 0.0743375 0.281746 0.452359 0.432809 0.00255393 0.595292 0.925267 0.702042 0.972634 0.524143 0.126496 0.757264 0.0833682 0.898531 0.859358 0.715564 0.578073 0.991946 0.126244 0.512983 0.683573 0.257075 0.315058 0.997647 0.157572 0.741189 0.129243 0.097912 0.102916 0.262046 0.344256 0.973634 0.17046 0.0195681 0.484192 0.652163 0.594234 0.170408 0.75112 0.638137 0.0292868 0.415289 0.361546 0.209573 0.410686 0.300632 0.501221 0.604261 0.207953 0.911044 0.558873 0.820089 0.236978 0.624743 0.630811 0.845235 0.487887 0.671415 0.0551057 0.673457 
0.738228 0.0584631 0.472672 0.197248 0.0580294 0.182055 0.738899 0.0330092 0.657795 0.916687 0.931285 0.284507 0.636985 0.126063 0.0867862 0.0463266 0.826784 0.434597 0.730809 0.0657634 0.709038 0.847619 0.330717 0.596876 0.381307 0.43848 0.597549 0.35701 0.78655 0.553248 0.589078 0.07329 0.084238 0.841653 0.173689 0.0792503 0.834555 0.308815 0.342103 0.549579 0.204786 0.394062 0.637301 0.608256 0.786705 0.929004 0.823518 0.395837 0.669521 0.70646 0.343958 0.929672 0.130265 0.0726745 0.696499 0.821085 0.589179 0.830041 0.859862 0.455744 0.447438 0.300387 0.923653 0.923831 
0.292394 0.827898 0.0918377 0.823567 0.986595 0.576515 0.885977 0.507838 0.0212131 0.531114 0.357237 0.289211 0.321764 0.59065 0.189048 0.518373 0.62012 0.0604404 0.453677 0.715503 0.616796 0.392711 0.214484 0.584945 0.842473 0.905319 0.126867 0.26139 0.231486 0.831311 0.150379 0.513663 0.570273 0.68203 0.392314 0.608235 0.599625 0.31059 0.378525 0.605436 0.225062 0.764724 0.12002 0.914524 0.277316 0.934303 0.669663 0.341082 0.0917591 0.983017 0.0476732 0.292125 0.635977 0.28831 0.628629 0.775591 0.212624 0.393052 0.475126 0.385549 0.961232 0.632543 0.0108776 0.157914 
0.709122 0.686754 0.223393 0.609859 0.261124 0.125797 0.543726 0.719552 0.634839 0.745698 0.314215 0.137918 0.052067 0.0455526 0.606959 0.127998 0.34784 0.307142 0.698956 0.330169 0.719906 0.8807 0.79464 0.388576 0.195187 0.321743 0.386774 0.604219 0.491144 0.0177029 0.102297 0.678751 0.491289 0.85795 0.901659 0.317506 0.991065 0.388418 0.840099 0.537697 0.66645 0.24372 0.297287 0.342835 0.727538 0.25039 0.80648 0.927713 0.126626 0.49412 0.332939 0.776327 0.873173 0.683877 0.708644 0.182728 0.222285 0.379961 0.89345 0.0688536 0.746601 0.881267 0.484708 0.751269 
0.13173 0.247681 0.0468259 0.158935 0.0169993 0.929719 0.693385 0.395926 0.468751 0.311413 0.939346 0.872557 0.0222078 0.689007 0.619452 0.606447 0.61779 0.270601 0.0670433 0.386048 0.378383 0.950236 0.833417 0.708991 0.22319 0.160976 0.773597 0.822083 0.693309 0.103666 0.119628 0.648716 0.935469 0.514488 0.664476 0.855829 0.801333 0.724371 0.670268 0.482665 0.496601 0.717527 0.974144 0.645601 0.250452 0.815402 0.86645 0.691419 0.368687 0.98879 0.445936 0.724985 0.640594 0.711089 0.331284 0.509325 0.305187 0.221681 0.604319 0.478881 0.773982 0.341521 0.248581 0.870315 
0.0926459 0.0950107 0.366869 0.545788 0.938106 0.912512 0.958828 0.199727 0.318771 0.00576867 0.162886 0.824492 0.314967 0.653111 0.681756 0.714399 0.0267284 0.416064 0.993702 0.464485 0.579876 0.397499 0.780522 0.620619 0.921428 0.629483 0.332341 0.592792 0.915837 0.831071 0.136874 0.933529 0.869661 0.243711 0.440597 0.36303 0.149396 0.0881527 0.876719 0.0144623 0.0943974 0.0100878 0.995319 0.225437 0.952958 0.878795 0.32956 0.744115 0.55391 0.948525 0.0197441 0.848453 0.865318 0.592127 0.0769704 0.147216 0.814299 0.11934 0.495595 0.751162 0.5883 0.239495 0.121779 0.262667 
0.952498 0.292445 0.554269 0.297151 0.598597 0.416098 0.850763 0.942173 0.180577 0.240462 0.285309 0.939055 0.76075 0.0822175 0.0456932 0.458928 0.496401 0.90983 0.426749 0.31175 0.439908 0.646523 0.614578 0.700299 0.505652 0.16912 0.341825 0.455067 0.965295 0.298339 0.211045 0.313248 0.444692 0.113955 0.700639 0.0300511 0.742138 0.334705 0.708051 0.778474 0.38732 0.59529 0.39978 0.0415992 0.801076 0.763008 0.719544 0.983486 0.18584 0.111306 0.987353 0.985138 0.728269 0.999253 0.0689102 0.675294 0.73121 0.307015 0.588068 0.837145 0.416113 0.535584 0.423005 0.521553 
0.729628 0.016942 0.447349 0.520498 0.0522187 0.061733 0.0911455 0.50858 0.873876 0.380275 0.383017 0.847665 0.687303 0.161289 0.533855 0.807751 0.197492 0.516142 0.215897 0.784163 0.135415 0.546417 0.131995 0.977585 0.159644 0.073822 0.0473323 0.975615 0.474604 0.987993 0.42787 0.466389 0.0434378 0.592765 0.493803 0.592865 0.348081 0.34178 0.802357 0.286839 0.83814 0.974922 0.947107 0.958566 0.429298 0.409426 0.950761 0.165531 0.363696 0.785844 0.787434 0.310915 0.223987 0.539229 0.931165 0.0168018 0.493723 0.92465 0.293522 0.255846 0.728635 0.625434 0.839636 0.993941 
0.601695 0.746531 0.196785 0.0203608 0.263463 0.941888 0.912861 0.786588 0.257912 0.443841 0.922151 0.129635 0.714892 0.0375694 0.443571 0.466074 0.80072 0.4042 0.856105 0.947703 0.636758 0.4402 0.711827 0.577745 0.425516 0.925675 0.395729 0.307476 0.292239 0.706567 0.837872 0.386233 0.00116615 0.484042 0.228457 0.282075 0.716651 0.78918 0.991614 0.355272 0.873373 0.865302 0.627174 0.342387 0.494926 0.450075 0.759579 0.487971 0.294276 0.938281 0.690257 0.357887 0.730857 0.865585 0.519312 0.332611 0.708806 0.0559603 0.444208 0.77489 0.481296 0.889527 0.848006 0.758889 
0.226515 0.423557 0.829919 0.002274 0.942703 0.754206 0.0118714 0.606059 0.215923 0.565956 0.997555 0.687975 0.424413 0.575431 0.35737 0.545362 0.31565 0.365703 0.465245 0.885661 0.774187 0.270916 0.178029 0.550308 0.0202616 0.479413 0.301752 0.250993 0.13561 0.585632 0.678912 0.629939 0.974164 0.914926 0.699501 0.423594 0.376128 0.365496 0.617035 0.590309 0.16071 0.374944 0.096107 0.596027 0.657317 0.0970907 0.900509 0.943407 0.276678 0.0716699 0.698266 0.103844 0.978052 0.67676 0.751985 0.525682 0.748482 0.754752 0.106651 0.101015 0.0183896 0.0872811 0.920093 0.12929 
0.481493 0.202796 0.65943 0.368755 0.0274573 0.0570837 0.225632 0.718186 0.201757 0.628909 0.616729 0.110978 0.853356 0.732744 0.35268 0.840557 0.476276 0.998311 0.439969 0.345871 0.22508 0.782586 0.594388 0.118386 0.058526 0.220593 0.425232 0.370567 0.80194 0.488267 0.0488732 0.909023 0.783681 0.297501 0.879396 0.491189 0.435335 0.38499 0.200519 0.950038 0.110557 0.465529 0.633126 0.103739 0.691454 0.245497 0.899496 0.429849 0.601624 0.146105 0.0274751 0.430035 0.679356 0.0963144 0.610239 0.399804 0.505093 0.414075 0.269033 0.642548 0.635683 0.187657 0.523791 0.0388556 
0.943949 0.573461 0.325891 0.196739 0.899729 0.576073 0.0624665 0.932223 0.796306 0.73302 0.208882 0.378814 0.45325 0.282414 0.414393 0.611902 0.213457 0.190233 0.926873 0.588955 0.756792 0.903843 0.535457 0.698184 0.941516 0.596135 0.855459 0.403108 0.578955 0.30764 0.51773 0.0959487 0.886456 0.437941 0.22909 0.899569 0.296167 0.0456116 0.414645 0.6434 0.609454 0.0914343 0.177408 0.888149 0.779597 0.892363 0.880188 0.991657 0.323413 0.963591 0.188884 0.437075 0.527772 0.987732 0.389079 0.145999 0.0363536 0.345238 0.68812 0.607592 0.675712 0.485878 0.652472 0.640725 
0.780805 0.840935 0.334274 0.803033 0.101025 0.0948776 0.086135 0.244813 0.886954 0.774337 0.851816 0.487351 0.642487 0.610106 0.172767 0.39905 0.888268 0.71549 0.237339 0.780313 0.0814159 0.658614 0.971588 0.874028 0.615572 0.0450557 0.999081 0.0716582 0.937062 0.0971565 0.649711 0.903362 0.0675246 0.316633 0.144548 0.374744 0.460379 0.428044 0.728729 0.13402 0.846183 0.631279 0.045201 0.624682 0.843081 0.667311 0.870109 0.147001 0.623168 0.730647 0.501661 0.928212 0.117809 0.636145 0.174568 0.851868 0.818432 0.94982 0.130105 0.395143 0.737792 0.556529 0.190877 0.687942 
0.422317 0.579655 0.602925 0.796646 0.479017 0.301454 0.801954 0.972183 0.545809 0.178877 0.339768 0.00849071 0.900908 0.982317 0.299814 0.525905 0.85477 0.0601903 0.674098 0.910994 0.561379 0.510753 0.568959 0.907642 0.751185 0.847651 0.667026 0.718921 0.993801 0.283917 0.0927368 0.236715 0.871423 0.233519 0.656203 0.750813 0.864859 0.103186 0.0255528 0.690776 0.375825 0.178654 0.74038 0.122079 0.416626 0.806401 0.467191 0.592211 0.53103 0.868817 0.815274 0.461257 0.920117 0.931305 0.326235 0.525798 0.681453 0.410497 0.500337 0.508315 0.266364 0.978313 0.429026 0.761593 
0.662361 0.64595 0.558787 0.492326 0.465002 0.970611 0.625389 0.0499685 0.563815 0.760584 0.573607 0.885863 0.0196466 0.955874 0.0368837 0.921106 0.76859 0.646285 0.421565 0.669045 0.325993 0.0911979 0.564344 0.0631968 0.472991 0.864749 0.650493 0.856371 0.811145 0.89443 0.248394 0.914611 0.572024 0.0913237 0.214207 0.572695 0.815838 0.0515371 0.68075 0.81673 0.922837 0.0865693 0.913362 0.904989 0.077518 0.629979 0.0643971 0.822414 0.653127 0.195919 0.657922 0.975666 0.16147 0.66003 0.243751 0.0306292 0.0729778 0.340677 0.838196 0.320385 0.237484 0.499036 0.332621 0.898855 
0.851415 0.28877 0.186737 0.0710109 0.910402 0.453937 0.651879 0.698512 0.537464 0.0323661 0.0514731 0.724994 0.85483 0.607715 0.433962 0.348694 0.301646 0.29442 0.903039 0.445146 0.327844 0.777034 0.247121 0.432808 0.630083 0.23334 0.396419 0.535627 0.731401 0.927061 0.556621 0.279787 0.898092 0.451823 0.280905 0.0773462 0.591014 0.629663 0.825931 0.192013 0.0498109 0.596242 0.125299 0.979351 0.271578 0.541834 0.158335 0.266335 0.94711 0.602835 0.867662 0.52301 0.0273203 0.727767 0.879785 0.113188 0.499598 0.245969 0.24596 0.21551 0.0700874 0.649844 0.774572 0.706777 
0.369259 0.807425 0.995056 0.83827 0.58868 0.372406 0.299188 0.265606 0.811229 0.522816 0.76785 0.675424 0.503711 0.676482 0.0606391 0.846016 0.85331 0.872101 0.547286 0.226325 0.147271 0.12596 0.871521 0.491996 0.446592 0.71942 0.0564758 0.74508 0.927537 0.347675 0.173476 0.118344 0.56804 0.647501 0.419858 0.481599 0.785672 0.551264 0.665272 0.294371 0.575188 0.273894 0.636588 0.588256 0.776283 0.935359 0.690514 0.0509167 0.900578 0.403538 0.370515 0.0965252 0.808737 0.314649 0.760748 0.827264 0.289116 0.958261 0.00157539 0.494832 0.913329 0.931378 0.799825 0.660964 
0.367344 0.99166 0.533199 0.356507 0.274384 0.225343 0.498369 0.645647 0.903739 0.598407 0.269225 0.836552 0.367357 0.599444 0.460045 0.219774 0.471088 0.0904456 0.483966 0.36142 0.195074 0.381739 0.0179463 0.874231 0.220054 0.266934 0.334639 0.603584 0.407862 0.224093 0.97425 0.155249 0.523135 0.549294 0.254761 0.311563 0.99431 0.428161 0.782886 0.767074 0.792211 0.575179 0.35987 0.259821 0.688969 0.59357 0.0587641 0.894597 0.944875 0.804709 0.309581 0.166842 0.425746 0.906708 0.3005 0.0165558 0.95515 0.0521494 0.542178 0.811711 0.542183 0.558174 0.0484184 0.972397 
0.937681 0.462073 0.706116 0.661957 0.127202 0.699908 0.528643 0.0380653 0.0449878 0.932863 0.584261 0.997518 0.916141 0.125097 0.256271 0.658388 0.91124 0.630393 0.0610317 0.389225 0.754917 0.925767 0.706791 0.4385 0.812503 0.786421 0.0277159 0.444793 0.677102 0.492703 0.733897 0.226673 0.59415 0.252732 0.903753 0.268332 0.391113 0.549494 0.334967 0.166712 0.563745 0.337716 0.87212 0.519801 0.47895 0.734968 0.185862 0.874568 0.637034 0.763292 0.856951 0.461263 0.499424 0.41305 0.208747 0.492828 0.0767068 0.422667 0.409582 0.964331 0.390663 0.0696608 0.428636 0.415935 
0.866069 0.684702 0.417147 0.72992 0.349961 0.986917 0.0137171 0.335175 0.707212 0.716794 0.30503 0.0432989 0.174927 0.480804 0.896849 0.663329 0.383158 0.0714414 0.207412 0.344023 0.189588 0.17818 0.378125 0.997926 0.163693 0.954927 0.520024 0.690609 0.193951 0.0163916 0.309676 0.932746 0.198124 0.0348906 0.375165 0.0472253 0.278787 0.717335 0.599695 0.845081 0.0400308 0.679036 0.215133 0.715202 0.469364 0.969602 0.646486 0.678976 0.299138 0.495857 0.567979 0.330771 0.920645 0.851738 0.599836 0.808051 0.0299214 0.591426 0.841882 0.192194 0.370488 0.312347 0.750622 0.998749 
0.187512 0.899494 0.0726882 0.630686 0.533028 0.24543 0.65073 0.052834 0.913642 0.511386 0.168445 0.416558 0.0861189 0.955926 0.132503 0.511668 0.741096 0.0256567 0.434881 0.621137 0.318204 0.338692 0.361368 0.189698 0.656312 0.785779 0.792392 0.468371 0.0195971 0.691271 0.219489 0.361536 0.763414 0.15621 0.255724 0.85083 0.267614 0.255059 0.594599 0.984989 0.311206 0.463555 0.00383865 0.689152 0.0114913 0.943493 0.362171 0.536907 0.19489 0.40861 0.410033 0.224755 0.305486 0.00973151 0.380555 0.306761 0.263815 0.0294633 0.738216 0.91474 0.468824 0.569706 0.493717 0.303967 
0.612546 0.818009 0.329855 0.286577 0.850133 0.533425 0.587637 0.82201 0.283041 0.66674 0.853411 0.0184309 0.101094 0.569251 0.82785 0.859512 0.0250851 0.202241 0.975735 0.587639 0.683242 0.849527 0.574493 0.550752 0.000106086 0.465346 0.0473357 0.929597 0.393003 0.106288 0.109862 0.163098 0.578746 0.446427 0.59094 0.522049 0.194108 0.222897 0.667683 0.625251 0.178473 0.636743 0.0308989 0.496435 0.708747 0.585511 0.685173 0.145437 0.883457 0.561539 0.0371364 0.146294 0.35435 0.671223 0.716661 0.151177 0.370946 0.731035 0.501284 0.504791 0.824302 0.982216 0.599591 0.902789 
0.211594 0.053625 0.00415711 0.359374 0.103445 0.81367 0.590101 0.264628 0.0725452 0.239976 0.921461 0.423197 0.95156 0.772555 0.210018 0.933033 0.509207 0.122127 0.732565 0.467806 0.0808217 0.614098 0.925101 0.279324 0.161275 0.985944 0.21659 0.311463 0.28053 0.956075 0.742116 0.0742273 0.0369778 0.747544 0.576459 0.313625 0.958129 0.188598 0.385421 0.528374 0.537496 0.11529 0.00438944 0.455428 0.13712 0.322658 0.205853 0.700784 0.646709 0.710226 0.523331 0.0870182 0.0226169 0.561751 0.543466 0.844577 0.938858 0.783503 0.589067 0.973588 0.0984677 0.673586 0.776464 0.601064 
0.437796 0.271198 0.0980022 0.954017 0.619347 0.572937 0.893849 0.717653 0.0527232 0.0703885 0.28566 0.893435 0.142193 0.154703 0.419705 0.0672999 0.461854 0.974318 0.025994 0.334214 0.512927 0.741508 0.361009 0.586544 0.155446 0.111784 0.433581 0.0416261 0.588462 0.22075 0.347835 0.259959 0.850349 0.742596 0.0709771 0.929719 0.0833023 0.240416 0.673901 0.428738 0.237013 0.727181 0.850141 0.169449 0.739907 0.780161 0.194765 0.625913 0.194448 0.09401 0.866172 0.622677 0.0623606 0.872768 0.259183 0.0185175 0.108912 0.319321 0.284453 0.138073 0.0394705 0.762938 0.144902 0.890358 
0.99497 0.842189 0.232825 0.238113 0.418685 0.0456211 0.445009 0.462306 0.177194 0.451124 0.662636 0.468927 0.804432 0.356407 0.789166 0.891524 0.4596 0.903771 0.107886 0.159014 0.803213 0.259104 0.103593 0.327073 0.641474 0.528582 0.0453091 0.235629 0.192706 0.979255 0.297417 0.535056 0.814556 0.809455 0.688282 0.684362 0.214643 0.26423 0.837417 0.81539 0.165093 0.369893 0.452348 0.263474 0.819859 0.89797 0.536012 0.376886 0.403704 0.0159372 0.599213 0.533692 0.94562 0.973105 0.696633 0.628307 0.242591 0.344396 0.904766 0.808855 0.421702 0.545048 0.717367 0.65366 
0.11658 0.707996 0.0366187 0.644746 0.347651 0.43215 0.790122 0.182419 0.282003 0.729835 0.017352 0.973649 0.876727 0.825347 0.256489 0.453614 0.78109 0.233114 0.763121 0.61605 0.832071 0.979549 0.696454 0.876129 0.0402971 0.328169 0.77105 0.248932 0.64647 0.163966 0.97179 0.130355 0.077342 0.632046 0.0586531 0.180929 0.268534 0.606245 0.940631 0.355214 0.0328927 0.638894 0.502135 0.2127 0.239515 0.335426 0.0323176 0.106124 0.723987 0.847211 0.880905 0.174041 0.690791 0.978254 0.363066 0.510105 0.831606 0.983705 0.104564 0.93798 0.199303 0.515978 0.454244 0.762482 
0.778484 0.471955 0.956978 0.670077 0.0280762 0.136089 0.501252 0.654198 0.21076 0.752972 0.467274 0.261092 0.940333 0.67673 0.493322 0.600783 0.364256 0.137375 0.524309 0.715459 0.288661 0.153995 0.857244 0.432946 0.661264 0.704214 0.494422 0.998279 0.309214 0.832343 0.659587 0.468966 0.079572 0.10429 0.852886 0.856466 0.697805 0.30938 0.841667 0.0411287 0.729493 0.0227262 0.810911 0.0301997 0.126226 0.371586 0.465983 0.206742 0.674254 0.971611 0.259548 0.820311 0.649547 0.0903214 0.538092 0.517439 0.318093 0.227256 0.239107 0.937682 0.0758219 0.758688 0.405351 0.870619 
0.534381 0.40444 0.187587 0.841235 0.644965 0.564047 0.529746 0.82577 0.818748 0.332444 0.400804 0.190961 0.202769 0.366977 0.497364 0.244266 0.523725 0.204383 0.997619 0.368841 0.784367 0.143723 0.963865 0.485821 0.0446311 0.73994 0.595837 0.379405 0.00523145 0.12241 0.375158 0.381739 0.262712 0.0470334 0.0785828 0.604699 0.240713 0.677638 0.066604 0.794727 0.224838 0.479889 0.501939 0.290403 0.524335 0.951501 0.808548 0.282672 0.6597 0.355728 0.62038 0.994753 0.42758 0.368544 0.348988 0.787555 0.814464 0.441679 0.000554085 0.901969 0.0913253 0.428613 0.949975 0.852026 
0.224707 0.121333 0.608905 0.823385 0.077432 0.950332 0.0518697 0.973308 0.868936 0.427664 0.404337 0.00742617 0.63279 0.251384 0.198331 0.324303 0.812383 0.358401 0.748051 0.21595 0.587214 0.494686 0.57577 0.667118 0.153869 0.548886 0.216591 0.262469 0.999504 0.860301 0.683497 0.760669 0.415759 0.943586 0.169901 0.125476 0.0783378 0.402814 0.5092 0.432117 0.623858 0.782019 0.288159 0.749151 0.571795 0.234743 0.667862 0.198131 0.694765 0.394875 0.603636 0.866275 0.0354076 0.794496 0.647569 0.890113 0.564103 0.518648 0.917406 0.0534239 0.477738 0.315759 0.607606 0.256348 
0.284138 0.527579 0.265535 0.307286 0.850216 0.907081 0.319238 0.134442 0.110921 0.908122 0.266642 0.719097 0.279006 0.851486 0.0605063 0.245283 0.79365 0.396237 0.989775 0.998983 0.314678 0.299666 0.552262 0.332948 0.0137166 0.829001 0.145509 0.250475 0.616848 0.344076 0.415811 0.967467 0.410047 0.218464 0.307734 0.124233 0.172807 0.387966 0.200125 0.479243 0.917998 0.014081 0.163473 0.0136499 0.0020384 0.859551 0.76912 0.325896 0.879249 0.200591 0.179056 0.874384 0.444698 0.670773 0.0763605 0.884942 0.87185 0.930273 0.298004 0.258633 0.50289 0.479725 0.361437 0.284659 
0.0804382 0.726599 0.922552 0.369365 0.90385 0.53999 0.239132 0.795419 0.871986 0.690709 0.631863 0.669941 0.784619 0.452461 0.643889 0.487466 0.835654 0.818433 0.423321 0.154373 0.175072 0.4923 0.105763 0.277405 0.74362 0.106586 0.163979 0.733218 0.837454 0.640295 0.207568 0.976797 0.604279 0.670113 0.910902 0.307626 0.289028 0.536801 0.160289 0.705917 0.784058 0.946866 0.442185 0.889692 0.583415 0.591036 0.351326 0.244622 0.367931 0.638694 0.290549 0.151691 0.534347 0.218057 0.74472 0.540571 0.871658 0.520299 0.259364 0.758575 0.231072 0.60465 0.913448 0.589677 
0.365355 0.782833 0.807343 0.842714 0.631296 0.892483 0.026621 0.915852 0.985918 0.0859903 0.564895 0.385946 0.966459 0.538287 0.0150398 0.69237 0.944837 0.712156 0.142706 0.802507 0.826931 0.647262 0.735778 0.803712 0.881156 0.866155 0.538658 0.872279 0.320217 0.799987 0.185681 0.451548 0.789801 0.255243 0.524731 0.390384 0.61945 0.509853 0.93172 0.100247 0.981506 0.70013 0.963777 0.676119 0.200069 0.00305353 0.296486 0.168822 0.176478 0.344705 0.404336 0.769285 0.795131 0.284899 0.168871 0.394494 0.16482 0.928869 0.461588 0.200183 0.749715 0.293855 0.790525 0.634023 
0.734689 0.89537 0.45118 0.174947 0.360264 0.468597 0.11783 0.604069 0.989114 0.810839 0.573445 0.0290208 0.0586677 0.254067 0.433643 0.157689 0.0996816 0.303587 0.712166 0.578296 0.383876 0.849976 0.406105 0.917306 0.50626 0.506042 0.576692 0.980191 0.89854 0.163733 0.894606 0.0860311 0.825426 0.863336 0.684987 0.0472954 0.836045 0.732496 0.274835 0.841853 0.700913 0.586367 0.677305 0.707507 0.946722 0.76775 0.99979 0.61036 0.0714943 0.110164 0.461948 0.634045 0.753033 0.959056 0.736398 0.823381 0.610691 0.927354 0.306962 0.955554 0.655027 0.320801 0.657283 0.4861 
0.254797 0.530835 0.102468 0.26424 0.963626 0.788797 0.554922 0.983576 0.542617 0.958163 0.505661 0.395284 0.79003 0.498787 0.959298 0.301225 0.0669218 0.0604683 0.839631 0.283723 0.7551 0.205411 0.521319 0.407991 0.0557943 0.267219 0.606117 0.301995 0.826572 0.601831 0.616688 0.93439 0.404283 0.486359 0.796859 0.58001 0.438803 0.402747 0.172887 0.483867 0.461665 0.513855 0.931987 0.870938 0.0632638 0.0169177 0.427653 0.01842 0.441373 0.954653 0.837087 0.944253 0.792403 0.171609 0.423397 0.295509 0.123026 0.455978 0.846901 0.318495 0.0212773 0.760797 0.107986 0.713703 
0.89251 0.144076 0.622432 0.538477 0.827999 0.2774 0.217745 0.722852 0.216662 0.579583 0.676573 0.124137 0.167521 0.713689 0.126979 0.145994 0.686328 0.742428 0.756831 0.410307 0.863167 0.00722993 0.314921 0.241131 0.861044 0.414368 0.302852 0.841215 0.130495 0.370039 0.0806594 0.430569 0.0337505 0.12335 0.193274 0.884824 0.106239 0.466886 0.315439 0.330685 0.618859 0.166981 0.876058 0.213132 0.30989 0.878925 0.913096 0.891175 0.724463 0.88663 0.305455 0.179029 0.671058 0.756084 0.725588 0.951564 0.713911 0.569537 0.847417 0.0113921 0.189691 0.0628973 0.753593 0.11385 
0.602787 0.710823 0.460344 0.0875754 0.333651 0.146135 0.272639 0.127114 0.612275 0.386633 0.911601 0.777884 0.380485 0.845085 0.157449 0.396244 0.146869 0.390005 0.27632 0.670451 0.754109 0.341299 0.690132 0.574529 0.277413 0.409429 0.666279 0.761183 0.604039 0.7598 0.649203 0.000548023 0.0197048 0.866893 0.635683 0.388474 0.523054 0.427215 0.884051 0.545191 0.730919 0.885704 0.0752434 0.110513 0.0512087 0.223273 0.53949 0.0318592 0.65362 0.908678 0.712199 0.134261 0.899802 0.787608 0.295043 0.805211 0.797809 0.787431 0.495993 0.335686 0.489941 0.240757 0.0499931 0.424312 
0.949751 0.420346 0.650319 0.32526 0.482273 0.300772 0.303869 0.981686 0.792744 0.76667 0.905039 0.189095 0.248689 0.758821 0.528022 0.688833 0.19405 0.271595 0.856461 0.220408 0.254081 0.814034 0.565339 0.422465 0.897074 0.650751 0.474013 0.921118 0.923524 0.111457 0.0182197 0.485897 0.119535 0.671537 0.397605 0.0975595 0.390852 0.222051 0.38108 0.675 0.0929056 0.874894 0.139723 0.889125 0.542421 0.0124348 0.312022 0.224573 0.757734 0.723602 0.117181 0.767402 0.150517 0.811196 0.14688 0.189617 0.802313 0.801658 0.526185 0.52746 0.139263 0.191539 0.329107 0.429716 
0.618756 0.865767 0.381043 0.635033 0.668278 0.904549 0.394117 0.757693 0.0894106 0.718099 0.0194671 0.491651 0.698412 0.51405 0.0702668 0.964216 0.654713 0.448378 0.226125 0.127496 0.459403 0.625651 0.924535 0.851625 0.533615 0.888558 0.163696 0.520233 0.114103 0.673859 0.972505 0.674288 0.582125 0.978695 0.49059 0.107354 0.491025 0.305631 0.924099 0.195101 0.526648 0.0534033 0.552125 0.265605 0.716987 0.112876 0.0310427 0.990026 0.690333 0.4463 0.712193 0.22008 0.236749 0.1941 0.519677 0.635807 0.430024 0.671374 0.546271 0.912976 0.527024 0.750515 0.732967 0.80055 
0.912374 0.602545 0.0615645 0.72224 0.943647 0.711802 0.998188 0.842173 0.324343 0.250276 0.285009 0.8749 0.102961 0.594462 0.865088 0.981508 0.933613 0.571015 0.951464 0.0693992 0.791775 0.9818 0.901725 0.311532 0.842848 0.649837 0.276932 0.29833 0.256753 0.784414 0.238975 0.672527 0.318942 0.517598 0.0949482 0.831241 0.714814 0.75836 0.592651 0.220096 0.217032 0.169074 0.184887 0.114962 0.489397 0.116093 0.375612 0.23316 0.954334 0.100255 0.659343 0.106106 0.524955 0.13572 0.821489 0.699926 0.272685 0.696437 0.0568858 0.659009 0.561015 0.293868 0.110278 0.849745 
0.620613 0.746999 0.777238 0.0758362 0.315718 0.512076 0.959358 0.191918 0.470583 0.00357519 0.509365 0.753567 0.244151 0.0295806 0.315951 0.0513332 0.762769 0.829296 0.253267 0.845583 0.287816 0.981718 0.510872 0.974389 0.863385 0.715986 0.295076 0.268299 0.0196353 0.124395 0.83214 0.738079 0.292881 0.785042 0.340898 0.142486 0.826601 0.411139 0.104646 0.512935 0.177322 0.506644 0.0562193 0.217921 0.84027 0.603565 0.765354 0.643811 0.387072 0.789103 0.0178995 0.980596 0.969138 0.91201 0.848209 0.134293 0.298869 0.775958 0.457103 0.879449 0.784653 0.39103 0.399944 0.0184819 
0.679419 0.227665 0.441118 0.23194 0.57002 0.918225 0.0966295 0.216169 0.223417 0.747156 0.387844 0.184039 0.581529 0.216112 0.311346 0.326291 0.721194 0.0158591 0.0719906 0.813243 0.853024 0.290702 0.855362 0.65155 0.402886 0.222052 0.479727 0.505848 0.902992 0.78872 0.840804 0.735805 0.756332 0.842361 0.816429 0.759601 0.308967 0.470325 0.717156 0.0630166 0.596344 0.828695 0.501296 0.836811 0.832349 0.0511576 0.0114077 0.959021 0.468749 0.459885 0.330518 0.0433671 0.372712 0.00820392 0.877777 0.243498 0.338532 0.638137 0.536993 0.136115 0.9292 0.914128 0.134601 0.642484 
0.992534 0.846777 0.489631 0.0778415 0.290955 0.0780213 0.748312 0.600623 0.663933 0.0900293 0.597251 0.887956 0.982919 0.437238 0.859282 0.259304 0.329519 0.49437 0.962274 0.842719 0.297712 0.618538 0.263779 0.681733 0.603868 0.866936 0.700606 0.912122 0.169419 0.302563 0.872748 0.288113 0.268295 0.234173 0.926566 0.257031 0.769988 0.470515 0.13644 0.58752 0.940162 0.49798 0.640234 0.610966 0.566802 0.684556 0.815704 0.903591 0.437439 0.889051 0.617101 0.780636 0.0386522 0.328528 0.916939 0.996632 0.547681 0.267545 0.211211 0.0117519 0.999258 0.466065 0.928885 0.662606 
0.631319 0.524457 0.696109 0.269853 0.772031 0.343373 0.388458 0.903565 0.708547 0.581867 0.322564 0.121221 0.905915 0.111957 0.591169 0.419934 0.673657 0.846297 0.845156 0.534928 0.725889 0.194632 0.210731 0.473336 0.701168 0.381155 0.354643 0.435595 0.959091 0.0948273 0.638733 0.137802 0.979274 0.694307 0.316112 0.83326 0.955031 0.46447 0.244398 0.252814 0.633442 0.334874 0.968126 0.679302 0.425261 0.602769 0.804245 0.290652 0.199188 0.2023 0.305243 0.293624 0.582127 0.651214 0.68527 0.768891 0.959369 0.584567 0.138114 0.156081 0.722207 0.794244 0.814512 0.6826 
0.644677 0.944538 0.966941 0.800666 0.375943 0.944942 0.275538 0.252416 0.00916601 0.103697 0.390196 0.823503 0.131704 0.573708 0.0780673 0.768595 0.36571 0.278488 0.105565 0.0128658 0.939689 0.840923 0.0334519 0.955029 0.680931 0.609773 0.298253 0.611562 0.0254957 0.420979 0.990482 0.975168 0.337522 0.482851 0.610748 0.110511 0.683383 0.973145 0.408207 0.900126 0.0587786 0.484272 0.505232 0.450754 0.565877 0.495908 0.614988 0.691115 0.720487 0.0985793 0.171309 0.365269 0.286055 0.248263 0.574223 0.719834 0.518882 0.73344 0.276899 0.555393 0.785356 0.88534 0.493557 0.23461 
0.0870304 0.617319 0.154764 0.317231 0.240576 0.606739 0.437525 0.95179 0.459635 0.29809 0.457682 0.168739 0.0192191 0.365906 0.00597896 0.586284 0.146989 0.800975 0.661661 0.200129 0.338595 0.875882 0.820516 0.517831 0.162585 0.679465 0.379833 0.881925 0.500022 0.0194712 0.270209 0.391674 0.702713 0.69117 0.263845 0.607012 0.262601 0.463336 0.231618 0.101225 0.0130145 0.211599 0.800339 0.358959 0.494553 0.468957 0.231135 0.21857 0.963518 0.127222 0.591987 0.990791 0.19534 0.8393 0.285147 0.548317 0.574209 0.443312 0.594438 0.775842 0.50125 0.780412 0.507935 0.482645 
0.92797 0.940689 0.703846 0.512277 0.394122 0.257156 0.101357 0.379688 0.253261 0.946637 0.979844 0.56995 0.683471 0.130251 0.923052 0.269943 0.995403 0.253423 0.533552 0.716979 0.684027 0.0415791 0.0652177 0.0855855 0.71508 0.0889539 0.295559 0.881997 0.0999616 0.496276 0.565551 0.92667 0.689609 0.662893 0.674686 0.369448 0.368955 0.53587 0.258184 0.886381 0.589969 0.158115 0.30131 0.388589 0.0641193 0.72422 0.360286 0.602625 0.474457 0.163967 0.934206 0.0780324 0.116414 0.100548 0.234037 0.926672 0.989443 0.895544 0.37392 0.519561 0.00677576 0.594903 0.82715 0.112817 
0.405695 0.538844 0.00580406 0.685825 0.581966 0.179034 0.691482 0.0708995 0.221907 0.421611 0.697489 0.149346 0.0311828 0.0301646 0.975366 0.574808 0.28365 0.0949717 0.107434 0.362085 0.708851 0.799077 0.0488168 0.670183 0.0207872 0.27543 0.888411 0.757105 0.829136 0.586411 0.807418 0.181851 0.40986 0.207199 0.678571 0.707512 0.552217 0.297481 0.162748 0.994312 0.607235 0.00293638 0.220282 0.0221876 0.250043 0.0410109 0.0951272 0.251221 0.736933 0.428111 0.281289 0.12985 0.0368052 0.767771 0.801163 0.0934979 0.0634135 0.597913 0.568061 0.483537 0.439099 0.850478 0.882419 0.126826 
0.745519 0.00278084 0.518127 0.624755 0.153294 0.015912 0.755318 0.40805 0.379568 0.651479 0.447767 0.466285 0.258214 0.381537 0.689231 0.0697015 0.389434 0.88207 0.613579 0.568225 0.107796 0.0253694 0.676575 0.200824 0.936251 0.426704 0.661304 0.188051 0.491738 0.68595 0.236324 0.450356 0.772745 0.27337 0.274525 0.472899 0.331692 0.615904 0.0477945 0.956903 0.759124 0.792852 0.530094 0.186313 0.0863135 0.0232553 0.689167 0.693783 0.509245 0.779816 0.913942 0.413676 0.278995 0.873529 0.0391923 0.848042 0.51845 0.490008 0.134052 0.888216 0.329817 0.298363 0.702413 0.880244 
0.539661 0.681771 0.603826 0.309563 0.436393 0.896282 0.502232 0.0163879 0.500586 0.0973143 0.715234 0.517337 0.923259 0.0209993 0.896517 0.965939 0.129682 0.667206 0.628792 0.152229 0.786809 0.971002 0.367562 0.659903 0.213056 0.420026 0.682467 0.4145 0.274314 0.933908 0.829748 0.881443 0.565529 0.646285 0.172431 0.483952 0.162401 0.307945 0.505235 0.709221 0.425074 0.883498 0.144173 0.762657 0.192354 0.184883 0.011302 0.563704 0.453801 0.706404 0.409684 0.377155 0.257908 0.176991 0.693269 0.188767 0.690266 0.390871 0.17077 0.450148 0.12616 0.744824 0.432448 0.219662 
0.412659 0.451681 0.685896 0.786048 0.722824 0.934897 0.75632 0.175143 0.110128 0.585227 0.760423 0.365547 0.406515 0.44462 0.723908 0.774932 0.610539 0.111144 0.976332 0.781646 0.213363 0.600738 0.0652621 0.970188 0.803974 0.719393 0.225601 0.674022 0.353292 0.425242 0.768357 0.480332 0.387578 0.752992 0.63 0.836489 0.753345 0.671124 0.182647 0.203124 0.82829 0.289763 0.430337 0.321073 0.706646 0.123132 0.996158 0.189104 0.210942 0.390121 0.123696 0.767708 0.57799 0.849195 0.290568 0.0626534 0.909358 0.1439 0.235546 0.612941 0.111818 0.432985 0.191787 0.0799964 
0.864757 0.262759 0.813798 0.417101 0.963107 0.553601 0.268709 0.862391 0.99695 0.0874201 0.700123 0.382685 0.610167 0.833301 0.585736 0.681948 0.920868 0.261344 0.633235 0.691233 0.794099 0.863599 0.343656 0.180341 0.183086 0.290383 0.998902 0.923467 0.393097 0.174713 0.309053 0.936753 0.892494 0.0497809 0.247158 0.902875 0.036657 0.0222541 0.803494 0.518882 0.282478 0.158366 0.910733 0.702568 0.0165974 0.895003 0.898948 0.440601 0.778866 0.620429 0.469901 0.392024 0.0904765 0.643007 0.22226 0.980563 0.810232 0.765847 0.667226 0.582623 0.337189 0.599314 0.530428 0.81832 
0.502398 0.861399 0.944491 0.025735 0.226164 0.690013 0.531697 0.52589 0.606192 0.0848462 0.918804 0.810538 0.499504 0.0953718 0.317995 0.589348 0.234836 0.177438 0.499701 0.974324 0.804846 0.0868087 0.285238 0.137007 0.0794276 0.165798 0.0970485 0.410723 0.416545 0.54349 0.0761332 0.881205 0.881073 0.747171 0.0820113 0.586355 0.760164 0.922855 0.815729 0.427633 0.310237 0.391168 0.686135 0.545951 0.140721 0.376551 0.813528 0.9957 0.972972 0.0887317 0.562452 0.631211 0.0696844 0.838962 0.520517 0.34653 0.0703235 0.147032 0.817363 0.789618 0.140924 0.545274 0.769828 0.599505 
0.962642 0.809026 0.107893 0.78223 0.864711 0.360145 0.314066 0.524843 0.68718 0.762527 0.250752 0.102782 0.0099675 0.228194 0.395207 0.84461 0.281252 0.885397 0.215918 0.215781 0.705125 0.538971 0.462958 0.823185 0.151787 0.020079 0.809345 0.692547 0.0412474 0.101481 0.450954 0.68232 0.383892 0.458086 0.550709 0.131695 0.812151 0.648816 0.193539 0.0600209 0.0949863 0.795256 0.393018 0.468215 0.585873 0.179979 0.489312 0.794943 0.0665851 0.950006 0.237165 0.749809 0.8183 0.466021 0.483346 0.6318 0.372619 0.274023 0.865697 0.973251 0.541219 0.0800642 0.958863 0.0575764 
0.401579 0.218178 0.624297 0.394544 0.363637 0.441468 0.64837 0.596157 0.430679 0.863477 0.234943 0.968471 0.0767168 0.198316 0.746033 0.317038 0.715906 0.917984 0.134478 0.423417 0.553673 0.355329 0.0582545 0.305294 0.617147 0.0852221 0.0287895 0.245218 0.256516 0.995229 0.291992 0.761869 0.151894 0.660968 0.700975 0.398277 0.312792 0.149276 0.346945 0.936354 0.608641 0.0350971 0.187039 0.201728 0.118795 0.525575 0.780314 0.586984 0.082462 0.78709 0.62351 0.714671 0.931995 0.221442 0.218397 0.268586 0.701385 0.0339386 0.689152 0.0211191 0.711944 0.358178 0.425953 0.240858 
0.965457 0.0174586 0.797187 0.123692 0.174825 0.526727 0.410977 0.387327 0.517279 0.582809 0.762822 0.132986 0.432341 0.147434 0.157184 0.946321 0.887853 0.239201 0.00391583 0.801162 0.803344 0.383804 0.803381 0.802039 0.660497 0.453465 0.852579 0.862664 0.489927 0.815502 0.557797 0.533107 0.874812 0.52115 0.313497 0.309852 0.746729 0.109159 0.590145 0.756177 0.674023 0.0229863 0.80893 0.60168 0.559223 0.419835 0.303752 0.328516 0.462515 0.197652 0.0745417 0.200149 0.772345 0.509643 0.731404 0.536863 0.546326 0.59697 0.974351 0.957166 0.235489 0.466175 0.643871 0.446461 
0.946731 0.534297 0.203219 0.992371 0.346376 0.646757 0.562123 0.850495 0.835209 0.635099 0.0297545 0.00371878 0.315276 0.279701 0.598491 0.149735 0.668122 0.697602 0.556701 0.0191687 0.173839 0.467327 0.971057 0.845896 0.944682 0.367456 0.358628 0.339026 0.19265 0.119173 0.114821 0.724516 0.675395 0.246518 0.38245 0.831103 0.657137 0.0688081 0.965347 0.00858408 0.493803 0.400085 0.418035 0.974752 0.912213 0.0332925 0.708858 0.68938 0.56684 0.941081 0.47571 0.413747 0.184288 0.784308 0.843102 0.879268 0.169655 0.00871318 0.423335 0.368358 0.153532 0.108399 0.954167 0.481655 
0.813993 0.90282 0.407937 0.628787 0.204825 0.710482 0.152861 0.450675 0.254839 0.641561 0.109264 0.282071 0.345694 0.572561 0.478906 0.95236 0.31218 0.802537 0.457275 0.936337 0.541662 0.977205 0.758288 0.890493 0.917941 0.468107 0.101144 0.179703 0.478897 0.0781428 0.547416 0.875185 0.697843 0.209263 0.206051 0.376602 0.80052 0.887791 0.637896 0.483355 0.0269582 0.253196 0.691864 0.627501 0.721209 0.541872 0.124564 0.0745689 0.946433 0.243485 0.346528 0.234586 0.385706 0.375034 0.43648 0.301272 0.157334 0.274551 0.32286 0.0270868 0.136837 0.605459 0.0368105 0.169669 
0.126681 0.0603451 0.737096 0.864076 0.227481 0.899593 0.919313 0.712419 0.0089404 0.240753 0.781038 0.810544 0.164592 0.785101 0.946677 0.602121 0.0985643 0.412454 0.7364 0.345255 0.715928 0.876979 0.409453 0.0412995 0.553686 0.346619 0.448041 0.345176 0.214901 0.187238 0.66419 0.116989 0.72655 0.735767 0.9311 0.0417864 0.756686 0.97638 0.490804 0.702582 0.268671 0.784236 0.506209 0.407673 0.659325 0.70781 0.837794 0.407936 0.345018 0.0321073 0.380914 0.419585 0.43614 0.833687 0.674591 0.548529 0.403813 0.0147001 0.494053 0.946689 0.971915 0.468391 0.555831 0.557927 
0.898855 0.533045 0.911242 0.287515 0.477685 0.0660624 0.00918554 0.617119 0.355113 0.973579 0.422665 0.222888 0.607604 0.635288 0.974975 0.228066 0.895897 0.699406 0.677538 0.0557231 0.48586 0.340702 0.246073 0.260961 0.300173 0.811256 0.419498 0.595391 0.374661 0.559225 0.553009 0.906565 0.0453085 0.54177 0.428754 0.175035 0.349024 0.0892556 0.951699 0.0752502 0.318114 0.0491572 0.15619 0.252178 0.383893 0.274075 0.819019 0.122421 0.332115 0.061045 0.275277 0.224974 0.734131 0.631274 0.638547 0.878835 0.604397 0.895224 0.243851 0.698295 0.317354 0.809855 0.582705 0.260616 
0.32256 0.0827114 0.250689 0.275962 0.882883 0.746381 0.211828 0.356221 0.200863 0.947222 0.132972 0.330867 0.500743 0.558185 0.40771 0.940496 0.151311 0.102839 0.122277 0.286641 0.292545 0.783591 0.13196 0.958753 0.698613 0.903369 0.0963314 0.72096 0.180679 0.643011 0.177492 0.0717447 0.182036 0.884891 0.982917 0.811845 0.608467 0.699181 0.565277 0.266424 0.520344 0.448619 0.203459 0.961265 0.993977 0.600322 0.791391 0.680935 0.378719 0.486164 0.0489547 0.393239 0.148645 0.444419 0.733805 0.877611 0.0828703 0.568026 0.947337 0.954264 0.423039 0.276245 0.0773595 0.191871 
0.564653 0.280314 0.302978 0.583128 0.492403 0.0297714 0.753793 0.192024 0.2061 0.603553 0.0455306 0.46773 0.0739716 0.0154766 0.537654 0.0359019 0.769247 0.977401 0.603869 0.458626 0.803503 0.137892 0.857432 0.898893 0.340596 0.156019 0.530491 0.719437 0.768489 0.401694 0.603585 0.543248 0.907697 0.401938 0.142277 0.763403 0.00712307 0.0765555 0.558293 0.300173 0.856857 0.903684 0.938124 0.189535 0.147721 0.0154856 0.488212 0.755636 0.451291 0.183541 0.11866 0.408427 0.824139 0.360101 0.306838 0.619474 0.0684022 0.0759674 0.918826 0.499753 0.760926 0.323105 0.662087 0.0755803 
0.104808 0.176163 0.934709 0.10344 0.224546 0.0507087 0.470457 0.502762 0.309225 0.170449 0.841827 0.429795 0.370225 0.323217 0.250254 0.311857 0.382353 0.958264 0.680352 0.278844 0.351184 0.570997 0.50361 0.0144615 0.113332 0.103241 0.115842 0.570083 0.741282 0.787997 0.835054 0.243949 0.519181 0.572522 0.828098 0.537807 0.430554 0.662786 0.726416 0.867253 0.316853 0.515941 0.710161 0.421708 0.287366 0.14662 0.10802 0.132442 0.461044 0.234226 0.542137 0.489812 0.625637 0.805483 0.793181 0.194828 0.163789 0.0137132 0.558575 0.633337 0.378142 0.553186 0.621636 0.305397 
