20.8815 1101001100011100000101010010111110010111011001000001010110001000100001100101101000011101000101110000
78.5091 0101000011011000100011000011010001101111110000111111100001011110000111011010111001101111101101000001
0.947476 0.209406 0.0642546 0.370109 0.985029 0.0994717 0.608474 0.530396 0.482833 0.825209 0.755013 0.389976 0.239814 0.155615 0.724329 0.914195 0.473026 0.678504 0.801721 0.458185 0.673835 0.147845 0.357095 0.616477 0.442511 0.575952 0.0848413 0.223284 0.21789 0.825592 0.460241 0.545692 0.78761 0.739861 0.720098 0.797826 0.881896 0.821605 0.305941 0.745375 0.388219 0.469668 0.710044 0.365127 0.92725 0.732187 0.243837 0.679664 0.0595789 0.856288 0.491198 0.532595 0.151656 0.804582 0.613809 0.249227 0.395723 0.560076 0.555833 0.552143 0.462361 0.670656 0.883679 0.479704 
0.4161 0.251388 0.946254 0.98309 0.551855 0.549876 0.463911 0.385484 0.407507 0.28515 0.000852481 0.434612 0.587337 0.522782 0.681185 0.0881994 0.629008 0.779468 0.196662 0.481846 0.376312 0.0476826 0.316277 0.649174 0.256411 0.453257 0.130403 0.879967 0.991132 0.0953497 0.78054 0.318601 0.435789 0.661891 0.322649 0.0245115 0.701992 0.796805 0.122742 0.850894 0.907071 0.197922 0.0870999 0.867761 0.814738 0.303883 0.0256564 0.759539 0.638787 0.564431 0.909496 0.676697 0.283606 0.449996 0.992282 0.253107 0.884984 0.344674 0.282535 0.701635 0.351903 0.0464738 0.385511 0.790077 
0.908505 0.0689548 0.945943 0.279971 0.81872 0.0308624 0.822721 0.710391 0.85105 0.0436217 0.506851 0.207365 0.731154 0.644795 0.784164 0.428721 0.630222 0.353419 0.953645 0.616232 0.490604 0.256383 0.236872 0.521616 0.670093 0.549709 0.381386 0.643987 0.897777 0.517809 0.881222 0.193668 0.824001 0.323998 0.693124 0.702269 0.790115 0.210577 0.656976 0.913782 0.23007 0.0574331 0.290401 0.444196 0.00792102 0.771694 0.228749 0.697456 0.828434 0.545269 0.503178 0.146093 0.693651 0.244591 0.426576 0.636883 0.122388 0.953574 0.421481 0.449475 0.222068 0.144723 0.744696 0.851896 
0.441238 0.260501 0.0971542 0.0616621 0.131769 0.954548 0.786849 0.321265 0.430635 0.525136 0.564755 0.793249 0.110133 0.451581 0.553669 0.913233 0.924018 0.478959 0.111267 0.701991 0.505392 0.105607 0.881981 0.0671322 0.436463 0.691733 0.218705 0.131597 0.828829 0.553527 0.224482 0.561518 0.82635 0.902984 0.62783 0.794288 0.698159 0.415643 0.244096 0.54738 0.924859 0.589604 0.456947 0.567892 0.430273 0.261343 0.080194 0.933907 0.229548 0.0134748 0.421013 0.0658638 0.522571 0.386249 0.234275 0.563632 0.214579 0.157109 0.63483 0.302039 0.895047 0.650918 0.89885 0.232959 
0.259042 0.767403 0.263168 0.636758 0.638832 0.50506 0.737582 0.838264 0.797651 0.562702 0.945424 0.166861 0.273807 0.0679698 0.680523 0.161696 0.348675 0.165204 0.355055 0.341874 0.2619 0.959129 0.849502 0.570489 0.0105019 0.555249 0.989849 0.85471 0.291273 0.483808 0.414336 0.437632 0.0458191 0.395072 0.443589 0.156906 0.179042 0.856044 0.245454 0.538593 0.236478 0.0504287 0.96456 0.910714 0.355887 0.114384 0.419548 0.182843 0.642365 0.771148 0.761268 0.0650163 0.622272 0.475601 0.605242 0.430534 0.899533 0.172836 0.257905 0.204458 0.739055 0.177008 0.384133 0.311489 
0.76996 0.000519164 0.751394 0.890849 0.406716 0.631498 0.844612 0.329038 0.751533 0.322252 0.217837 0.75091 0.581003 0.0122687 0.515402 0.98335 0.618269 0.197294 0.809436 0.7124 0.00723377 0.721016 0.690129 0.772894 0.255121 0.0819861 0.802184 0.239142 0.242697 0.261455 0.19154 0.46663 0.256649 0.979993 0.23783 0.560029 0.73874 0.915586 0.595959 0.0969582 0.545569 0.809501 0.896883 0.700978 0.156766 0.0503002 0.653553 0.585767 0.505895 0.0438943 0.450339 0.584272 0.187832 0.653988 0.358229 0.104337 0.232129 0.00824843 0.413923 0.0295691 0.62001 0.698002 0.399427 0.971574 
0.596108 0.812478 0.163755 0.651581 0.0604114 0.0545469 0.365685 0.748622 0.295214 0.850313 0.0866944 0.78833 0.303717 0.959586 0.717632 0.671608 0.348191 0.156835 0.731802 0.983628 0.070042 0.889519 0.40115 0.899702 0.0245964 0.542264 0.633862 0.321215 0.30394 0.848162 0.63451 0.0819983 0.735287 0.131851 0.889116 0.729767 0.153925 0.323501 0.171021 0.822889 0.94868 0.00808934 0.0814849 0.457439 0.529419 0.852862 0.349848 0.185775 0.281853 0.0300417 0.287328 0.675305 0.572031 0.634356 0.967748 0.429234 0.215457 0.0226266 0.676186 0.0153313 0.146857 0.492151 0.13907 0.591108 
0.213063 0.790301 0.0853345 0.423185 0.0738894 0.436452 0.730975 0.227561 0.122299 0.972609 0.469153 0.944011 0.619727 0.0954983 0.0228956 0.889856 0.600454 0.516503 0.982022 0.941627 0.745195 0.23271 0.935122 0.461967 0.668683 0.461601 0.1167 0.13678 0.797669 0.980893 0.32094 0.660771 0.502881 0.566465 0.906697 0.0472898 0.316005 0.820006 0.405391 0.926695 0.606888 0.37017 0.560078 0.397222 0.942208 0.890358 0.823982 0.702438 0.794671 0.15357 0.196259 0.168948 0.727474 0.0467571 0.65391 0.537932 0.994189 0.0390127 0.328479 0.24099 0.381052 0.874437 0.214989 0.0635163 
0.473676 0.777069 0.952644 0.820796 0.0429858 0.924417 0.635197 0.399466 0.981825 0.0981393 0.449884 0.07914 0.272929 0.914728 0.998455 0.170636 0.283435 0.709882 0.0694457 0.397966 0.991035 0.960392 0.712041 0.901974 0.412876 0.605529 0.757409 0.914398 0.00227114 0.984596 0.165028 0.821635 0.452892 0.677659 0.0764737 0.260995 0.458918 0.851065 0.908307 0.275974 0.0687629 0.318312 0.378958 0.587278 0.192193 0.480463 0.423663 0.797575 0.112408 0.0467228 0.698127 0.484441 0.290668 0.878265 0.869127 0.087319 0.462367 0.661435 0.474976 0.0933598 0.711238 0.819131 0.954224 0.0871144 
0.433788 0.112369 0.231134 0.391054 0.122272 0.169519 0.43153 0.496975 0.809574 0.744646 0.279753 0.972219 0.799152 0.905387 0.461049 0.731675 0.763239 0.324166 0.406485 0.987938 0.366556 0.214252 0.337311 0.553654 0.74386 0.523866 0.120276 0.644686 0.838133 0.553559 0.223438 0.624684 0.928475 0.591146 0.361357 0.456516 0.592995 0.12836 0.806993 0.868085 0.134502 0.1753 0.205747 0.580134 0.740568 0.606164 0.585286 0.569556 0.910691 0.113933 0.529775 0.053634 0.169509 0.788047 0.103518 0.550381 0.513164 0.924343 0.250579 0.588795 0.854097 0.0912716 0.660048 0.408058 
0.18551 0.628008 0.850953 0.835215 0.777177 0.374264 0.720556 0.179244 0.810242 0.950655 0.202976 0.250034 0.0818373 0.698845 0.482508 0.250693 0.17823 0.456119 0.327959 0.23582 0.567212 0.687793 0.163918 0.292467 0.985985 0.95963 0.915761 0.368191 0.200454 0.192294 0.154238 0.720909 0.826315 0.74647 0.251228 0.728527 0.6869 0.499585 0.379826 0.838186 0.102842 0.188885 0.862524 0.791868 0.818331 0.656338 0.987543 0.192576 0.436316 0.758341 0.538195 0.601999 0.939871 0.399514 0.835902 0.122004 0.480441 0.726091 0.872166 0.692695 0.386321 0.355241 0.294849 0.588782 
0.598017 0.615298 0.777421 0.449792 0.33373 0.0964436 0.984461 0.384029 0.419008 0.745336 0.263006 0.672918 0.983916 0.267389 0.284751 0.438634 0.823018 0.287758 0.644504 0.180486 0.839752 0.292534 0.968544 0.0906647 0.556217 0.399038 0.212512 0.121699 0.0458016 0.32506 0.695933 0.556759 0.230267 0.554929 0.97764 0.930202 0.745252 0.846415 0.569219 0.0235497 0.123704 0.80833 0.878412 0.722079 0.217781 0.217103 0.4881 0.384283 0.165694 0.686528 0.184598 0.530161 0.664133 0.636345 0.608974 0.756939 0.0582112 0.454122 0.954578 0.715327 0.0791597 0.124989 0.956338 0.534595 
0.963815 0.92636 0.769789 0.524449 0.853845 0.381405 0.89296 0.305176 0.114658 0.432611 0.307651 0.0497452 0.717127 0.196748 0.431978 0.10173 0.229784 0.6542 0.148069 0.120178 0.913196 0.121504 0.0622884 0.584574 0.283221 0.301699 0.864209 0.820648 0.896063 0.917567 0.0239065 0.250894 0.0416535 0.545358 0.698725 0.937501 0.910507 0.329668 0.976017 0.472261 0.732753 0.0926224 0.303244 0.172337 0.332184 0.458224 0.438831 0.920983 0.0566036 0.108652 0.422426 0.791522 0.863246 0.988868 0.835337 0.0160376 0.88513 0.385241 0.346111 0.106157 0.259827 0.680795 0.46084 0.039231 
0.34869 0.585566 0.775512 0.640294 0.873635 0.630532 0.764094 0.588144 0.282165 0.89288 0.318805 0.862225 0.515998 0.984453 0.347 0.925746 0.374448 0.4822 0.773589 0.0612834 0.754431 0.704106 0.936414 0.616465 0.910578 0.069084 0.762131 0.108845 0.0848011 0.144124 0.0588614 0.923278 0.264024 0.16022 0.14956 0.730293 0.0577207 0.68606 0.933617 0.663966 0.335648 0.387595 0.792137 0.145133 0.198967 0.932546 0.535695 0.48017 0.0792367 0.381719 0.605133 0.0778326 0.272626 0.868988 0.329318 0.232068 0.370825 0.0295487 0.549533 0.891568 0.00313488 0.621902 0.0260357 0.563319 
0.865721 0.706033 0.99089 0.247897 0.397863 0.452546 0.168058 0.0584924 0.857045 0.829251 0.274368 0.889257 0.806466 0.943015 0.311738 0.396408 0.946949 0.0840705 0.437178 0.22286 0.0807835 0.173646 0.991586 0.0816528 0.894628 0.890827 0.968054 0.161486 0.225593 0.354895 0.831647 0.250297 0.440059 0.543747 0.0160465 0.469993 0.420774 0.0810888 0.761036 0.638978 0.552914 0.226566 0.546086 0.670234 0.592408 0.193417 0.452883 0.389951 0.518036 0.779103 0.682855 0.349989 0.0777094 0.354176 0.57087 0.653129 0.522765 0.130893 0.410228 0.111026 0.580646 0.16785 0.0690699 0.863181 
0.863661 0.384828 0.161565 0.0487874 0.33503 0.881871 0.885539 0.387479 0.573195 0.88703 0.282362 0.364561 0.12736 0.504023 0.549468 0.964997 0.567425 0.898293 0.819827 0.303626 0.496056 0.321715 0.591662 0.140889 0.869449 0.759772 0.805668 0.819946 0.779353 0.0763331 0.591282 0.815542 0.979852 0.570332 0.783654 0.743449 0.294727 0.622731 0.105379 0.200566 0.385342 0.786066 0.62332 0.0254827 0.759094 0.174307 0.0808762 0.870656 0.0300777 0.632113 0.56802 0.409975 0.659676 0.562344 0.541801 0.204075 0.312319 0.809996 0.323439 0.889554 0.593535 0.155648 0.331208 0.499769 
0.845611 0.558586 0.508441 0.490945 0.952915 0.339994 0.194134 0.675054 0.896691 0.458443 0.479676 0.575919 0.966765 0.186017 0.922682 0.11087 0.88362 0.364252 0.576753 0.417578 0.74249 0.692955 0.0116691 0.384165 0.877852 0.746219 0.182986 0.498753 0.896798 0.286961 0.635376 0.8887 0.944259 0.403274 0.316611 0.707351 0.623683 0.628764 0.896897 0.812448 0.417825 0.621964 0.365334 0.550855 0.571479 0.762909 0.818984 0.240045 0.0377415 0.119594 0.54218 0.474969 0.19668 0.475594 0.711405 0.434459 0.331329 0.900875 0.737336 0.688086 0.60482 0.830068 0.729578 0.429715 
0.154841 0.193653 0.54739 0.24112 0.442551 0.756835 0.499669 0.819994 0.999985 0.24526 0.407945 0.381929 0.603972 0.150657 0.837754 0.769636 0.664062 0.00311146 0.406924 0.900536 0.922947 0.999497 0.15232 0.162396 0.274547 0.991521 0.763397 0.59856 0.972078 0.848245 0.491205 0.712944 0.884147 0.79467 0.3765 0.219402 0.225237 0.0196261 0.128103 0.334642 0.786732 0.931677 0.549809 0.962629 0.206272 0.909934 0.792385 0.866337 0.790922 0.820347 0.184685 0.433079 0.151678 0.391845 0.467886 0.580367 0.980736 0.827464 0.449896 0.168759 0.991776 0.537393 0.895 0.644009 
0.825119 0.0980672 0.565107 0.490284 0.0100188 0.977482 0.148793 0.993846 0.260754 0.314383 0.594234 0.377417 0.782181 0.443989 0.973619 0.0173383 0.603729 0.856998 0.24715 0.893256 0.673948 0.0614403 0.360135 0.618498 0.750379 0.716122 0.299891 0.376509 0.735427 0.345527 0.730095 0.677494 0.0894911 0.720305 0.0576185 0.244531 0.854169 0.995921 0.858288 0.754744 0.270315 0.109811 0.286229 0.152927 0.629772 0.104261 0.46052 0.601917 0.541759 0.49745 0.709829 0.149649 0.465555 0.986825 0.619865 0.54586 0.741631 0.668114 0.521983 0.309392 0.320229 0.635297 0.555403 0.537474 
0.676553 0.0345826 0.25292 0.147702 0.743729 0.679487 0.484743 0.470338 0.513013 0.272569 0.189997 0.0502912 0.0594721 0.992866 0.836478 0.644098 0.330079 0.969358 0.228389 0.940684 0.606363 0.0438498 0.518574 0.44244 0.812946 0.582849 0.726678 0.913138 0.79762 0.454104 0.83738 0.223031 0.804245 0.222433 0.143257 0.4046 0.717342 0.871989 0.389495 0.689313 0.838746 0.254196 0.0624909 0.510002 0.469247 0.0398519 0.036285 0.373854 0.657439 0.808537 0.515995 0.265572 0.841831 0.166205 0.272099 0.965357 0.657788 0.369422 0.827001 0.316282 0.881359 0.403599 0.646743 0.76527 
0.718134 0.341399 0.555403 0.555875 0.389242 0.85908 0.681857 0.123435 0.53799 0.279049 0.807899 0.930718 0.824018 0.555075 0.0501513 0.840969 0.95732 0.0565497 0.952585 0.23179 0.0407109 0.0763652 0.0365679 0.0391735 0.943372 0.561144 0.488142 0.185583 0.6519 0.890815 0.738503 0.425324 0.41414 0.00820145 0.405045 0.0707426 0.677184 0.626226 0.749901 0.317678 0.963031 0.584246 0.0621893 0.788283 0.372226 0.289716 0.399552 0.843286 0.827046 0.569784 0.0977854 0.00307207 0.230782 0.947975 0.343094 0.881055 0.682221 0.290152 0.504321 0.517989 0.714389 0.0447093 0.982643 0.173699 
0.281889 0.525195 0.357534 0.190692 0.271881 0.337233 0.481652 0.453428 0.480601 0.962233 0.403815 0.395436 0.968607 0.510834 0.7357 0.267015 0.584671 0.98447 0.912846 0.490804 0.41741 0.234067 0.248441 0.228601 0.553221 0.426436 0.00993348 0.505637 0.72113 0.968688 0.229149 0.757415 0.714216 0.931085 0.271417 0.795197 0.773682 0.387825 0.0169904 0.79509 0.666616 0.0139135 0.617605 0.720068 0.314448 0.943174 0.626875 0.175839 0.340784 0.586997 0.596794 0.873106 0.270092 0.795339 0.497444 0.921941 0.906358 0.278948 0.29957 0.135815 0.855859 0.453789 0.533625 0.273084 
0.79801 0.693871 0.82828 0.960848 0.591165 0.269966 0.341548 0.913148 0.417786 0.342424 0.523815 0.194428 0.920101 0.590115 0.515784 0.156434 0.520631 0.0741411 0.330898 0.130283 0.0285444 0.879509 0.659744 0.0332322 0.647904 0.946653 0.303445 0.912007 0.493465 0.921893 0.730668 0.0576544 0.921324 0.685318 0.206282 0.46164 0.190711 0.870743 0.294274 0.0594379 0.722401 0.0124195 0.794627 0.329444 0.873711 0.278625 0.955594 0.777355 0.072628 0.719506 0.974244 0.0472027 0.025948 0.0527095 0.788315 0.665421 0.385671 0.434829 0.902997 0.944134 0.0898688 0.813965 0.811451 0.998379 
0.506654 0.582793 0.73719 0.647942 0.00761518 0.0426904 0.704886 0.114445 0.851966 0.200488 0.551343 0.689815 0.134364 0.391698 0.0712213 0.766387 0.229075 0.361111 0.972764 0.406748 0.171586 0.644745 0.350562 0.933938 0.467444 0.899915 0.838245 0.947777 0.381606 0.0906392 0.346986 0.308992 0.448868 0.56719 0.723467 0.694593 0.406646 0.339799 0.259454 0.0546372 0.412806 0.544058 0.0397012 0.238767 0.215081 0.190575 0.492334 0.216177 0.78388 0.116879 0.620613 0.143293 0.931824 0.405424 0.131913 0.0557139 0.323887 0.725401 0.271505 0.588897 0.370411 0.314003 0.0181572 0.396368 
0.352531 0.266653 0.497994 0.121602 0.548208 0.410473 0.10598 0.077 0.898164 0.68673 0.0171908 0.28175 0.191339 0.882632 0.719948 0.811851 0.768369 0.88002 0.923508 0.0579844 0.724354 0.878773 0.702418 0.715944 0.385586 0.908771 0.699547 0.706353 0.559859 0.826232 0.0122601 0.578364 0.283528 0.534007 0.292906 0.23882 0.881236 0.605145 0.141772 0.0302318 0.178073 0.862207 0.359412 0.726799 0.284505 0.362733 0.821238 0.32989 0.665145 0.970941 0.75806 0.436994 0.473925 0.222229 0.659632 0.652564 0.264721 0.508934 0.367297 0.844739 0.0605585 0.257351 0.308942 0.456141 
0.833669 0.0291374 0.810824 0.307934 0.97153 0.100762 0.868165 0.454898 0.594019 0.774663 0.138143 0.228044 0.950773 0.854902 0.801083 0.527057 0.530594 0.765061 0.603943 0.40517 0.112214 0.523365 0.0964993 0.0911185 0.457581 0.364629 0.772283 0.266923 0.09689 0.264351 0.846092 0.645132 0.968155 0.839375 0.67388 0.459082 0.691948 0.904526 0.776045 0.923969 0.238944 0.789908 0.407701 0.749333 0.843625 0.533223 0.804436 0.673552 0.990364 0.575262 0.902936 0.732973 0.275376 0.492956 0.984323 0.498091 0.310687 0.659047 0.214648 0.828719 0.0990749 0.128532 0.823809 0.914733 
0.770336 0.0383095 0.8146 0.89689 0.19712 0.67268 0.326964 0.649042 0.903443 0.729702 0.424841 0.342904 0.440089 0.999832 0.997912 0.296377 0.886817 0.342963 0.589194 0.775646 0.625814 0.930651 0.978798 0.769296 0.907127 0.459725 0.468313 0.41176 0.30447 0.774115 0.573902 0.613556 0.50478 0.68261 0.7379 0.901008 0.852346 0.83299 0.761427 0.417195 0.105956 0.350948 0.814478 0.873462 0.0297265 0.592407 0.349013 0.356043 0.807242 0.206504 0.480271 0.898987 0.970699 0.786118 0.0912086 0.299096 0.599278 0.470916 0.810144 0.344556 0.0911465 0.531058 0.316076 0.579128 
0.476201 0.707873 0.0185532 0.179796 0.954789 0.705428 0.994464 0.381948 0.712645 0.584569 0.590561 0.614701 0.38843 0.77794 0.836356 0.523684 0.297623 0.588931 0.832227 0.912029 0.624221 0.649509 0.482888 0.749515 0.872562 0.819347 0.6989 0.0170567 0.044955 0.349071 0.900484 0.221488 0.529999 0.0957428 0.722033 0.381262 0.955453 0.783285 0.55003 0.576006 0.672768 0.633328 0.925209 0.103705 0.249559 0.742246 0.394747 0.999594 0.528085 0.333426 0.44964 0.981647 0.973715 0.781679 0.469355 0.918067 0.527207 0.0800545 0.308647 0.479603 0.901054 0.703286 0.411289 0.872376 
0.159951 0.756651 0.182285 0.591134 0.38108 0.103463 0.708382 0.369288 0.20461 0.501478 0.479853 0.510581 0.430606 0.0758772 0.122843 0.963109 0.800893 0.709273 0.373329 0.250903 0.263242 0.587269 0.584206 0.495479 0.469932 0.279827 0.870775 0.62922 0.356854 0.213918 0.682275 0.136066 0.252267 0.97679 0.0834648 0.331933 0.832737 0.379063 0.801031 0.753281 0.793302 0.9781 0.822145 0.701253 0.87854 0.694661 0.698709 0.30877 0.822785 0.230774 0.995294 0.0138735 0.853439 0.760518 0.875523 0.743025 0.130211 0.217542 0.94433 0.595082 0.0479205 0.8149 0.124496 0.539225 
0.37535 0.793695 0.00481983 0.252327 0.462019 0.575148 0.272458 0.345124 0.115528 0.0652713 0.320888 0.371182 0.634151 0.797761 0.441335 0.454353 0.492091 0.138809 0.113231 0.804539 0.762319 0.593174 0.600013 0.590247 0.668398 0.784924 0.100783 0.0549743 0.778845 0.62218 0.352035 0.646941 0.00402646 0.250996 0.228652 0.839295 0.79429 0.756879 0.615234 0.797789 0.512739 0.332294 0.666809 0.527788 0.615088 0.919824 0.573353 0.464303 0.325691 0.65241 0.569417 0.711821 0.945937 0.21209 0.553463 0.0902426 0.275633 0.193055 0.757494 0.631978 0.26832 0.744069 0.768437 0.470887 
0.69339 0.195571 0.179707 0.469947 0.192071 0.835251 0.810801 0.457292 0.742677 0.641096 0.106706 0.952887 0.282235 0.184719 0.266435 0.712995 0.550711 0.0557421 0.0446712 0.848409 0.521715 0.835923 0.830727 0.436591 0.350055 0.990955 0.0153491 0.845215 0.300318 0.264393 0.701226 0.0547437 0.661357 0.24497 0.984169 0.417853 0.733257 0.128193 0.685951 0.759053 0.358918 0.609161 0.277496 0.556795 0.706774 0.629191 0.639502 0.291737 0.570505 0.907932 0.787971 0.953675 0.148033 0.476182 0.214185 0.753976 0.0421285 0.0470354 0.842882 0.937382 0.0579744 0.1172 0.0818078 0.269439 
0.330962 0.0562478 0.769856 0.484089 0.721139 0.833768 0.51224 0.663173 0.678483 0.442734 0.0687463 0.218881 0.490864 0.779757 0.577979 0.121089 0.488619 0.508944 0.908868 0.201602 0.450918 0.133763 0.618763 0.119566 0.522483 0.740961 0.384862 0.892974 0.628497 0.0288287 0.945931 0.404848 0.453216 0.843903 0.158571 0.10342 0.482497 0.277963 0.577368 0.105566 0.120501 0.0312348 0.796698 0.288016 0.481 0.149548 0.966568 0.61512 0.0499084 0.0495705 0.0278198 0.604724 0.876805 0.151084 0.971651 0.581962 0.76318 0.591346 0.677831 0.859676 0.271111 0.331888 0.751141 0.0666057 
0.59794 0.959854 0.524086 0.0973205 0.698908 0.425544 0.431659 0.856583 0.618833 0.0195806 0.292408 0.273202 0.0379505 0.684472 0.334971 0.416706 0.745582 0.657549 0.80011 0.613495 0.464999 0.73933 0.287524 0.735972 0.293084 0.440943 0.131992 0.900723 0.83584 0.67477 0.571875 0.516987 0.529322 0.298454 0.887009 0.964747 0.731038 0.206894 0.319417 0.0925715 0.129561 0.353001 0.789617 0.976475 0.499103 0.429466 0.675542 0.501791 0.627616 0.272477 0.398012 0.00645741 0.839896 0.136504 0.0772042 0.59654 0.00496785 0.883988 0.605817 0.337737 0.376327 0.780036 0.418856 0.451561 
0.0155506 0.834813 0.39312 0.99569 0.981509 0.826951 0.835654 0.408282 0.811561 0.975447 0.181288 0.181679 0.520344 0.995893 0.272295 0.894308 0.0694194 0.466721 0.444857 0.234499 0.566594 0.310437 0.26694 0.601316 0.734766 0.19073 0.525997 0.629193 0.253195 0.244823 0.174377 0.742289 0.915895 0.236368 0.47098 0.903221 0.771015 0.151936 0.461695 0.680637 0.996384 0.553646 0.331477 0.944702 0.813758 0.189597 0.742671 0.448491 0.330867 0.72503 0.937382 0.162034 0.103511 0.490456 0.300612 0.989411 0.351945 0.0619891 0.862433 0.714198 0.517768 0.239897 0.804406 0.726761 
0.680382 0.640526 0.68609 0.797615 0.00232409 0.581419 0.926977 0.504342 0.582249 0.208417 0.688019 0.542569 0.761853 0.459575 0.156795 0.191954 0.928323 0.408874 0.846649 0.432832 0.573041 0.376824 0.742627 0.390566 0.656381 0.952445 0.215813 0.916157 0.471838 0.583028 0.826271 0.730993 0.806561 0.415228 0.107854 0.612218 0.734664 0.604876 0.228416 0.964098 0.618685 0.438516 0.696546 0.369484 0.585852 0.13409 0.0412977 0.906981 0.781964 0.438919 0.963034 0.00379341 0.019751 0.900258 0.904352 0.98074 0.648696 0.0346501 0.662137 0.641068 0.69268 0.262369 0.00816533 0.456242 
0.855461 0.112281 0.456973 0.754052 0.0101124 0.946978 0.184372 0.335467 0.768264 0.412571 0.68317 0.475551 0.205565 0.475358 0.760045 0.828742 0.564956 0.411052 0.61543 0.500728 0.739805 0.0253878 0.151899 0.0240087 0.161429 0.267348 0.445931 0.361054 0.0463501 0.030145 0.00865122 0.600796 0.582484 0.878314 0.313436 0.108382 0.706062 0.6982 0.300061 0.429573 0.57642 0.917883 0.398404 0.883147 0.391471 0.0777765 0.149142 0.50984 0.154508 0.518088 0.782073 0.138977 0.161837 0.330646 0.254109 0.296619 0.132495 0.974668 0.210284 0.0678965 0.780077 0.272807 0.513635 0.117178 
0.876585 0.581607 0.867854 0.104639 0.496996 0.592811 0.288585 0.110751 0.0622707 0.96559 0.639339 0.31144 0.556534 0.0208195 0.802515 0.462866 0.310776 0.149893 0.092026 0.450394 0.561958 0.22634 0.930303 0.196998 0.33724 0.622847 0.777565 0.551231 0.413838 0.068104 0.173887 0.26805 0.998992 0.191707 0.508535 0.77851 0.84485 0.516285 0.117193 0.383173 0.652862 0.696863 0.390111 0.930323 0.404343 0.681768 0.922439 0.0259196 0.968701 0.889592 0.83372 0.993344 0.67564 0.731473 0.476364 0.611838 0.63135 0.100149 0.0853 0.795508 0.24816 0.871433 0.504873 0.529259 
0.40515 0.842209 0.889378 0.775476 0.638238 0.00332665 0.740212 0.480835 0.543263 0.587525 0.225874 0.450407 0.520672 0.980955 0.948926 0.659375 0.812392 0.564761 0.662556 0.0869799 0.6369 0.359186 0.960166 0.653667 0.467819 0.852694 0.0902238 0.954914 0.976174 0.716963 0.478898 0.0241048 0.285816 0.0221872 0.339896 0.53795 0.80727 0.131933 0.209431 0.495617 0.658913 0.648717 0.0256329 0.864759 0.554608 0.492295 0.990315 0.223764 0.185377 0.189516 0.519592 0.9823 0.484937 0.0557547 0.310115 0.171679 0.2418 0.377415 0.467074 0.234661 0.464153 0.97617 0.729882 0.467699 
0.30081 0.087916 0.0906151 0.579341 0.0852067 0.55496 0.912189 0.00925085 0.150459 0.975978 0.928826 0.593702 0.222391 0.266255 0.887179 0.304866 0.747501 0.555519 0.550534 0.784234 0.822795 0.161569 0.00048455 0.346123 0.742037 0.120463 0.904695 0.260311 0.988468 0.474541 0.572586 0.200512 0.184656 0.0250127 0.22015 0.178621 0.777502 0.740492 0.115854 0.991604 0.986836 0.684578 0.167293 0.232788 0.429175 0.515136 0.665487 0.122381 0.901495 0.397332 0.647572 0.181769 0.960101 0.164751 0.0324725 0.345899 0.176502 0.685494 0.140836 0.019856 0.755762 0.0998012 0.339539 0.799351 
0.865026 0.311044 0.525855 0.185585 0.757804 0.542662 0.135462 0.368868 0.285659 0.288391 0.997341 0.945733 0.0395037 0.169085 0.12282 0.261194 0.597466 0.375798 0.722971 0.300666 0.458667 0.23923 0.85864 0.639019 0.477523 0.0633863 0.683788 0.0181638 0.669822 0.301314 0.0834674 0.821071 0.298328 0.12723 0.762462 0.934586 0.561148 0.989801 0.977564 0.522967 0.371113 0.0134526 0.00427595 0.622836 0.0914321 0.547648 0.523872 0.196274 0.991154 0.366337 0.807915 0.637311 0.270326 0.587128 0.345316 0.476207 0.869197 0.829061 0.69476 0.52585 0.721215 0.273593 0.0281624 0.7293 
0.696509 0.188457 0.715311 0.362272 0.094734 0.596602 0.440354 0.302303 0.5243 0.330073 0.456361 0.150474 0.689188 0.669324 0.561159 0.487357 0.876664 0.441083 0.0746142 0.597621 0.26293 0.246771 0.311172 0.655326 0.143403 0.524552 0.306271 0.644378 0.142675 0.322837 0.468172 0.781783 0.421555 0.201151 0.502454 0.942921 0.572948 0.340157 0.138767 0.0309186 0.0862068 0.284625 0.567683 0.681936 0.724063 0.719705 0.312653 0.639347 0.875085 0.570481 0.795403 0.379776 0.264114 0.837005 0.698503 0.714715 0.153158 0.978976 0.964361 0.0474084 0.83525 0.389125 0.750755 0.587075 
0.112111 0.591252 0.26992 0.639656 0.626804 0.30453 0.834662 0.717755 0.251808 0.533076 0.431587 0.827294 0.420935 0.437108 0.123446 0.25569 0.541594 0.704676 0.732091 0.574045 0.283612 0.901031 0.648628 0.17204 0.822667 0.439448 0.44163 0.96487 0.965944 0.44343 0.593996 0.7689 0.426927 0.567933 0.329462 0.872332 0.583933 0.231767 0.773028 0.481562 0.547249 0.0574267 0.480059 0.753097 0.7505 0.197717 0.926487 0.514471 0.574486 0.886118 0.26104 0.477713 0.87363 0.843301 0.946099 0.333121 0.223896 0.435143 0.0501275 0.194925 0.820185 0.615805 0.903188 0.997469 
0.91558 0.480094 0.996204 0.855849 0.3349 0.81253 0.263516 0.205713 0.00366619 0.203691 0.851124 0.117871 0.265634 0.181591 0.810494 0.847502 0.608031 0.330924 0.317362 0.469939 0.112183 0.658986 0.240929 0.341666 0.492741 0.397023 0.126641 0.943097 0.0120685 0.794676 0.645305 0.0709832 0.495809 0.154108 0.202014 0.246352 0.495539 0.284819 0.476653 0.082298 0.383889 0.540984 0.936765 0.436293 0.00942189 0.615471 0.249473 0.237624 0.919179 0.82322 0.633477 0.970768 0.469812 0.0618317 0.0652677 0.664811 0.100693 0.115515 0.405485 0.364557 0.0482279 0.490348 0.634072 0.313966 
0.519561 0.99602 0.269556 0.9405 0.748263 0.986858 0.0233552 0.924113 0.286004 0.292678 0.830411 0.638129 0.565593 0.494013 0.532304 0.0628368 0.454585 0.522018 0.506021 0.171212 0.131978 0.756217 0.12575 0.0641492 0.188526 0.179266 0.344519 0.211671 0.756845 0.673746 0.603859 0.419588 0.0198876 0.480873 0.0381142 0.184504 0.686992 0.950934 0.0702106 0.149809 0.530007 0.204453 0.409611 0.240272 0.00804965 0.655126 0.41415 0.42204 0.90689 0.492147 0.568134 0.814003 0.588968 0.796834 0.806111 0.941418 0.811935 0.0699887 0.252684 0.926972 0.163118 0.100074 0.267276 0.738484 
0.409268 0.243839 0.642688 0.282737 0.24114 0.666736 0.122771 0.731668 0.711996 0.47031 0.774871 0.805501 0.77255 0.958288 0.733427 0.90958 0.124592 0.274422 0.127176 0.483961 0.278514 0.712161 0.708665 0.422469 0.170035 0.669321 0.524356 0.905759 0.529104 0.039855 0.394131 0.035747 0.684888 0.560544 0.0835547 0.86664 0.178129 0.67562 0.206856 0.304533 0.909091 0.929716 0.838566 0.39276 0.28796 0.831242 0.5864 0.511526 0.606998 0.141364 0.208823 0.452003 0.181819 0.98176 0.220767 0.88353 0.274282 0.453013 0.903073 0.669729 0.567075 0.0743059 0.963874 0.990562 
0.379731 0.172705 0.293116 0.546746 0.891795 0.943391 0.381952 0.208591 0.605901 0.508612 0.689279 0.635387 0.994988 0.0848938 0.811017 0.189015 0.382477 0.966683 0.742198 0.954725 0.622003 0.085745 0.987253 0.514953 0.876745 0.761299 0.226129 0.187959 0.925833 0.400355 0.736097 0.993416 0.235035 0.0798693 0.359547 0.618461 0.984071 0.136201 0.523573 0.442922 0.441394 0.103513 0.892674 0.529127 0.55555 0.931826 0.158257 0.82856 0.994092 0.0964409 0.132346 0.324417 0.299513 0.279172 0.583768 0.105357 0.306822 0.670205 0.548438 0.256177 0.255567 0.562298 0.842714 0.958398 
0.0918253 0.327115 0.506326 0.474701 0.315129 0.0714595 0.178291 0.796143 0.570575 0.702556 0.827966 0.0509991 0.88734 0.846499 0.90138 0.946216 0.771977 0.13779 0.520123 0.955442 0.54168 0.00545096 0.442101 0.85006 0.276285 0.110125 0.763477 0.474423 0.338304 0.0343736 0.138685 0.364953 0.397177 0.703971 0.682771 0.418616 0.815743 0.152272 0.565583 0.571029 0.220414 0.968253 0.128162 0.492818 0.390491 0.625851 0.0755178 0.477214 0.949936 0.569837 0.0703083 0.254006 0.226422 0.721801 0.906302 0.702308 0.81736 0.820441 0.935677 0.975484 0.147049 0.18377 0.528325 0.954703 
0.800662 0.923402 0.0740247 0.0537107 0.34456 0.665889 0.245682 0.645326 0.236904 0.0337507 0.791955 0.347302 0.160982 0.774668 0.0124752 0.443003 0.297442 0.969945 0.454046 0.807156 0.330464 0.370432 0.196638 0.935233 0.559175 0.966872 0.977966 0.674607 0.70826 0.429724 0.287915 0.399139 0.471846 0.615203 0.97981 0.405955 0.0882737 0.396148 0.35691 0.610483 0.0604875 0.0787506 0.329225 0.861844 0.474894 0.231731 0.526792 0.28256 0.34976 0.532809 0.569449 0.422079 0.873433 0.372083 0.449101 0.49087 0.828167 0.743267 0.554816 0.33511 0.23034 0.153421 0.168013 0.972062 
0.804959 0.294906 0.466599 0.185822 0.0154581 0.162872 0.944962 0.677933 0.453685 0.591434 0.860114 0.822536 0.60448 0.458108 0.441163 0.146271 0.556408 0.486764 0.397955 0.534747 0.338522 0.249566 0.126549 0.0535583 0.350815 0.913059 0.434202 0.894629 0.628363 0.658406 0.192495 0.194598 0.17244 0.0296987 0.951529 0.140713 0.36882 0.403631 0.221135 0.906394 0.227701 0.32175 0.974973 0.502638 0.265893 0.656254 0.377134 0.0656605 0.0499945 0.506402 0.474261 0.958118 0.144837 0.122333 0.807099 0.835598 0.453069 0.848796 0.872865 0.692827 0.602095 0.686656 0.531369 0.0209651 
0.260359 0.857424 0.292373 0.0966419 0.681942 0.379371 0.177738 0.545679 0.0577512 0.799848 0.103464 0.24498 0.88878 0.189642 0.161757 0.305496 0.86264 0.300025 0.572895 0.969083 0.438312 0.323624 0.0040643 0.166678 0.329445 0.0193739 0.720548 0.382223 0.0399406 0.857074 0.687427 0.710727 0.0630184 0.136167 0.821006 0.147683 0.406771 0.534743 0.444855 0.862164 0.012846 0.459219 0.517694 0.41735 0.0396581 0.296048 0.479966 0.562247 0.364967 0.448556 0.369204 0.863718 0.75746 0.800984 0.494645 0.555362 0.298749 0.677363 0.284736 0.896658 0.831469 0.247637 0.952437 0.196404 
0.123032 0.1524 0.274288 0.533598 0.461556 0.61494 0.913857 0.29095 0.252778 0.910586 0.706472 0.646576 0.418695 0.995772 0.84683 0.55906 0.0182773 0.583831 0.296734 0.770216 0.949889 0.217906 0.0914653 0.720642 0.145871 0.730104 0.340222 0.724367 0.0922274 0.462256 0.950636 0.29705 0.522269 0.332056 0.468578 0.692902 0.223156 0.106854 0.771376 0.94236 0.35267 0.225575 0.625809 0.169017 0.599926 0.757557 0.921467 0.399508 0.282948 0.876414 0.649728 0.345584 0.782847 0.146425 0.00347793 0.713263 0.642699 0.155453 0.842683 0.121909 0.732078 0.0675013 0.622989 0.603604 
0.930591 0.977672 0.642123 0.556357 0.74968 0.242738 0.317231 0.00122843 0.469292 0.952033 0.492605 0.910885 0.218526 0.896605 0.0087208 0.42992 0.488684 0.826915 0.842518 0.214318 0.909137 0.373974 0.703616 0.278393 0.229537 0.704229 0.144517 0.0274827 0.683896 0.0778122 0.886748 0.762906 0.314704 0.961273 0.150259 0.583536 0.0738085 0.391757 0.160889 0.0635234 0.347741 0.614144 0.569858 0.400895 0.881846 0.56919 0.040444 0.828539 0.416539 0.58562 0.191654 0.670186 0.215078 0.878086 0.0965538 0.448293 0.318891 0.940963 0.679163 0.726655 0.583767 0.901144 0.103381 0.568162 
0.0959459 0.904804 0.969154 0.583281 0.28661 0.480948 0.483671 0.659032 0.223567 0.836771 0.201327 0.447725 0.361004 0.268034 0.632965 0.313035 0.276948 0.261029 0.635025 0.102513 0.856211 0.959632 0.334679 0.178504 0.146035 0.247739 0.452925 0.275254 0.133614 0.829069 0.789826 0.45076 0.770295 0.993529 0.318072 0.0602993 0.740395 0.598454 0.200452 0.0841688 0.630696 0.188134 0.793797 0.366356 0.47195 0.74756 0.486761 0.0452551 0.136477 0.929919 0.733119 0.0400595 0.975978 0.495374 0.38524 0.97766 0.0178944 0.70482 0.831609 0.606085 0.377641 0.353468 0.0184032 0.0207693 
0.505344 0.681027 0.717431 0.534192 0.0232288 0.869777 0.346055 0.526983 0.633868 0.668719 0.66166 0.630569 0.384113 0.456135 0.0773986 0.281335 0.663864 0.425151 0.934479 0.332676 0.166886 0.907365 0.573722 0.714059 0.259971 0.100445 0.0501918 0.278858 0.904383 0.598902 0.884627 0.0659736 0.273515 0.0697037 0.161491 0.117049 0.363226 0.779209 0.179928 0.905968 0.775746 0.540503 0.849198 0.691641 0.0762382 0.428897 0.777651 0.782193 0.900134 0.366001 0.107853 0.499532 0.446851 0.261754 0.729561 0.986411 0.759084 0.0288199 0.656687 0.315695 0.0344842 0.157984 0.66408 0.225246 
0.789226 0.0308168 0.29427 0.27719 0.789164 0.957064 0.716758 0.182934 0.275661 0.904082 0.167239 0.208314 0.582525 0.91152 0.831978 0.241252 0.984194 0.432268 0.956579 0.651445 0.42999 0.808021 0.349515 0.950324 0.0549572 0.620035 0.830746 0.269104 0.562698 0.0228423 0.385806 0.0607115 0.0936513 0.819277 0.63579 0.536371 0.561303 0.840208 0.628066 0.286777 0.867528 0.696922 0.168737 0.921937 0.98407 0.914233 0.934852 0.447976 0.233971 0.124544 0.397293 0.745669 0.357186 0.872791 0.394251 0.556106 0.463894 0.795522 0.436717 0.780806 0.859735 0.725331 0.830897 0.69227 
0.506696 0.0602408 0.367329 0.488873 0.584892 0.636733 0.22389 0.216179 0.344172 0.135508 0.205014 0.911503 0.624198 0.505269 0.587751 0.445653 0.857521 0.59647 0.226315 0.766235 0.443245 0.943203 0.434234 0.728063 0.329216 0.831346 0.243149 0.886411 0.105534 0.96996 0.729201 0.127492 0.343867 0.276747 0.211394 0.281328 0.250592 0.181052 0.32567 0.120368 0.854048 0.263218 0.740985 0.493916 0.581987 0.100944 0.986648 0.78584 0.533822 0.0768598 0.442759 0.44838 0.0878876 0.514343 0.6683 0.25354 0.328513 0.665937 0.61844 0.58869 0.30034 0.976977 0.994601 0.492326 
0.972084 0.478845 0.728745 0.248536 0.192925 0.735458 0.464725 0.88122 0.898632 0.298943 0.768937 0.708386 0.0786765 0.249696 0.802314 0.580048 0.122061 0.875805 0.599631 0.18923 0.521055 0.0484851 0.723318 0.991823 0.159245 0.883426 0.829299 0.951844 0.962787 0.158458 0.452349 0.951137 0.0951959 0.411799 0.219937 0.71107 0.0346951 0.756116 0.569475 0.971713 0.711268 0.673967 0.348173 0.319673 0.070121 0.987814 0.194262 0.0194838 0.089693 0.187022 0.416732 0.665034 0.503748 0.916165 0.90745 0.918496 0.979232 0.605705 0.0409411 0.246622 0.532122 0.071987 0.575648 0.291814 
0.954394 0.0388567 0.5773 0.0841722 0.287246 0.317701 0.839727 0.162096 0.743003 0.727517 0.104069 0.397151 0.660277 0.90844 0.679853 0.34265 0.579 0.775898 0.645376 0.387811 0.0617144 0.274493 0.230072 0.958246 0.320453 0.978208 0.520864 0.863086 0.199133 0.32922 0.38809 0.809459 0.780285 0.915195 0.109183 0.776237 0.380485 0.889041 0.947002 0.357937 0.945559 0.0628602 0.000189061 0.174229 0.823369 0.00821702 0.574711 0.810832 0.158681 0.447816 0.277006 0.538526 0.311522 0.504751 0.40921 0.558228 0.903945 0.0515146 0.690964 0.873411 0.209879 0.636078 0.218218 0.252607 
0.839054 0.15182 0.157837 0.728039 0.856411 0.659785 0.812148 0.59187 0.176598 0.658925 0.300123 0.772236 0.342162 0.492246 0.997834 0.165031 0.407868 0.171087 0.96666 0.586897 0.985235 0.132439 0.911506 0.195204 0.408701 0.114982 0.514375 0.932984 0.913994 0.575697 0.619437 0.462562 0.710788 0.308511 0.35926 0.724061 0.769315 0.566276 0.239863 0.069983 0.237609 0.448784 0.830305 0.254972 0.0177507 0.190691 0.867574 0.157393 0.951432 0.538241 0.869816 0.744557 0.152131 0.0757492 0.239204 0.945145 0.558615 0.857448 0.995871 0.903642 0.522093 0.90676 0.322453 0.254222 
0.362426 0.766451 0.47415 0.555524 0.444778 0.794506 0.876681 0.239079 0.584133 0.550627 0.242401 0.38169 0.928653 0.103704 0.841221 0.81389 0.21774 0.0738036 0.622993 0.811506 0.0231879 0.869508 0.6252 0.308695 0.415582 0.850434 0.804344 0.35667 0.993156 0.778706 0.0392987 0.618784 0.504155 0.162466 0.609482 0.744895 0.379608 0.284172 0.343128 0.242609 0.745053 0.402607 0.982751 0.804017 0.332716 0.304643 0.844166 0.224108 0.998372 0.465697 0.157852 0.530714 0.137979 0.896679 0.413181 0.0850689 0.982901 0.695496 0.668374 0.882436 0.917085 0.682527 0.37914 0.902181 
0.857249 0.179658 0.764493 0.978548 0.464578 0.377408 0.764643 0.258812 0.447494 0.389165 0.334217 0.86333 0.929021 0.809499 0.222206 0.386623 0.26896 0.475486 0.931073 0.120485 0.0558942 0.470223 0.776336 0.602189 0.726431 0.112586 0.366494 0.694707 0.497253 0.870733 0.687428 0.508347 0.896286 0.99299 0.128026 0.968939 0.571209 0.871934 0.550006 0.90594 0.868982 0.587862 0.769733 0.866321 0.266141 0.610959 0.904505 0.0251291 0.164798 0.613759 0.48022 0.377941 0.887018 0.10666 0.620454 0.692407 0.892403 0.455699 0.589621 0.475326 0.707659 0.0937059 0.179223 0.455271 
0.723982 0.664195 0.397723 0.550821 0.465126 0.0518637 0.273402 0.545497 0.583072 0.579477 0.518819 0.165912 0.0451 0.436731 0.881527 0.882054 0.942554 0.454983 0.889268 0.767211 0.178915 0.177425 0.184862 0.210462 0.23156 0.786229 0.115169 0.95052 0.671801 0.117524 0.663378 0.481362 0.370315 0.275001 0.82467 0.635093 0.361694 0.943693 0.651942 0.0918786 0.118415 0.769624 0.441784 0.210026 0.883534 0.385417 0.769315 0.890472 0.794341 0.216755 0.00597951 0.392347 0.519264 0.521982 0.25366 0.0178457 0.567948 0.17389 0.337477 0.318291 0.15622 0.864336 0.0432695 0.817472 
0.216887 0.517824 0.587602 0.206875 0.0425151 0.016728 0.0869095 0.550723 0.462066 0.0403148 0.451277 0.225323 0.00403198 0.396215 0.313817 0.339101 0.359677 0.432898 0.610396 0.958105 0.391022 0.305544 0.141348 0.737605 0.745271 0.870877 0.424838 0.090428 0.313683 0.258282 0.144415 0.587727 0.999892 0.771336 0.638021 0.789435 0.68585 0.876149 0.270443 0.779296 0.028408 0.128918 0.812583 0.0592054 0.738183 0.0178514 0.848161 0.138884 0.060962 0.175741 0.424813 0.300813 0.742109 0.311802 0.508436 0.913095 0.75269 0.137602 0.680061 0.447873 0.633584 0.69561 0.759558 0.515538 
0.00449083 0.321428 0.204419 0.948807 0.387165 0.51247 0.242195 0.428116 0.414369 0.0219163 0.397494 0.144383 0.637508 0.375421 0.169366 0.784473 0.370953 0.597282 0.851409 0.967015 0.83883 0.956781 0.064608 0.979529 0.683435 0.0926084 0.500771 0.956645 0.498145 0.999924 0.826876 0.290438 0.691411 0.911564 0.762219 0.904199 0.472993 0.851962 0.166759 0.497003 0.727541 0.959508 0.249873 0.0910541 0.237812 0.751914 0.874468 0.399476 0.346497 0.35511 0.608508 0.108469 0.782868 0.219794 0.508083 0.73449 0.0330296 0.387414 0.627468 0.65009 0.922044 0.56308 0.428127 0.0959548 
0.0695082 0.42591 0.468092 0.389263 0.899029 0.654366 0.0879082 0.171013 0.238038 0.199958 0.740037 0.0835005 0.300828 0.626931 0.0146353 0.93242 0.639616 0.641074 0.866011 0.809017 0.571493 0.311345 0.632841 0.312171 0.630074 0.546426 0.365431 0.480227 0.680882 0.135879 0.477791 0.478636 0.588817 0.217034 0.0401475 0.337029 0.814811 0.375546 0.285795 0.835501 0.862035 0.729923 0.145412 0.76278 0.772612 0.542223 0.808654 0.276318 0.300483 0.941063 0.763107 0.468002 0.541931 0.505672 0.412772 0.4412 0.449788 0.939834 0.565803 0.671905 0.946663 0.199926 0.848031 0.565944 
0.568465 0.6818 0.663491 0.0864273 0.30372 0.997989 0.365513 0.265227 0.912277 0.52321 0.253227 0.633008 0.63323 0.842375 0.902639 0.314577 0.673712 0.240659 0.223192 0.621025 0.255897 0.833563 0.285341 0.705113 0.181001 0.828428 0.68553 0.845621 0.439335 0.391365 0.0750985 0.702554 0.115729 0.703006 0.980539 0.552508 0.124585 0.18178 0.886129 0.762671 0.443724 0.448103 0.722934 0.846088 0.907255 0.654149 0.630554 0.981464 0.0479187 0.627566 0.203065 0.955434 0.214214 0.0870755 0.117391 0.14461 0.219576 0.231341 0.690682 0.922002 0.700543 0.241763 0.582252 0.874828 
0.386256 0.9579 0.612103 0.189552 0.55537 0.0981317 0.06073 0.645322 0.0213655 0.837827 0.970575 0.21327 0.657838 0.919571 0.42525 0.42561 0.961929 0.0831762 0.278694 0.0805856 0.557906 0.397332 0.99412 0.831957 0.690303 0.704128 0.0376501 0.921544 0.689554 0.896456 0.847443 0.7486 0.206683 0.209686 0.537029 0.471977 0.518061 0.0483006 0.263112 0.94114 0.949634 0.106944 0.403568 0.048207 0.126842 0.93698 0.0632608 0.911055 0.21886 0.159667 0.380104 0.829744 0.341594 0.658976 0.300833 0.00749057 0.489267 0.409628 0.788544 0.360388 0.186415 0.947495 0.48661 0.711906 
0.435954 0.202093 0.669112 0.835537 0.623375 0.430829 0.322885 0.266763 0.892484 0.913553 0.106721 0.0288991 0.182476 0.748664 0.00296604 0.118702 0.548793 0.801751 0.632438 0.468834 0.0112551 0.536106 0.463349 0.475055 0.183121 0.141572 0.477347 0.113726 0.812727 0.317455 0.977329 0.462996 0.364381 0.756421 0.118589 0.275043 0.168577 0.900981 0.572438 0.707854 0.303541 0.0720776 0.320191 0.212276 0.895627 0.379192 0.24892 0.0696082 0.310918 0.210185 0.748728 0.791069 0.131888 0.473138 0.3209 0.798885 0.991724 0.918408 0.271449 0.658481 0.129583 0.7007 0.0549276 0.00408869 
0.354552 0.198987 0.83179 0.178137 0.204562 0.69976 0.512578 0.21963 0.24743 0.0658191 0.352749 0.227498 0.163898 0.0601953 0.316214 0.933234 0.991296 0.597384 0.152516 0.763522 0.0574558 0.401393 0.141752 0.643954 0.545788 0.0751012 0.746108 0.759879 0.00544517 0.0822833 0.80356 0.234171 0.0127236 0.0990099 0.72777 0.998561 0.940386 0.484614 0.197682 0.37467 0.901508 0.225732 0.691781 0.544017 0.548638 0.857502 0.924277 0.98685 0.332758 0.00156132 0.417823 0.425371 0.0279563 0.62493 0.903222 0.377102 0.140864 0.636406 0.783723 0.914663 0.285849 0.744029 0.572892 0.58888 
0.165588 0.687085 0.669075 0.00910257 0.464218 0.668863 0.869507 0.0044163 0.716129 0.64159 0.28287 0.450911 0.698507 0.738676 0.139317 0.0896801 0.437271 0.312269 0.198797 0.267257 0.289331 0.266992 0.399149 0.566603 0.620342 0.150031 0.317015 0.719528 0.914835 0.0857233 0.396232 0.223543 0.558982 0.343061 0.00985909 0.736968 0.688173 0.229552 0.803491 0.0919078 0.00858563 0.557488 0.648645 0.947508 0.0246577 0.927481 0.0359184 0.036816 0.283619 0.536583 0.119186 0.488506 0.340225 0.696086 0.891331 0.26507 0.242471 0.389382 0.948229 0.685046 0.197755 0.610224 0.240598 0.0374946 
0.191594 0.14489 0.107161 0.0796003 0.407467 0.280498 0.622849 0.066579 0.772211 0.852655 0.389583 0.560525 0.865937 0.209697 0.0614363 0.723548 0.527697 0.504012 0.515047 0.580855 0.13497 0.0399529 0.190385 0.151276 0.889849 0.160656 0.582628 0.918588 0.838573 0.95149 0.611982 0.365299 0.481909 0.978088 0.686031 0.625404 0.336294 0.00523441 0.818334 0.358924 0.144771 0.95179 0.103693 0.542856 0.763307 0.531464 0.973307 0.988899 0.458725 0.352195 0.388155 0.181817 0.606342 0.808588 0.633699 0.22636 0.0840734 0.0460097 0.179302 0.594274 0.345652 0.471421 0.891892 0.395991 
0.425386 0.892405 0.899073 0.494603 0.18184 0.186528 0.386998 0.422185 0.396688 0.329659 0.865614 0.256706 0.643926 0.977988 0.849487 0.679939 0.332453 0.0546275 0.800589 0.426619 0.560726 0.0330311 0.844292 0.822496 0.069437 0.810657 0.398025 0.0186274 0.376794 0.455926 0.368686 0.420687 0.76151 0.0897644 0.265905 0.531308 0.405136 0.861447 0.696297 0.26884 0.396912 0.304825 0.0913508 0.0972181 0.145944 0.928269 0.132336 0.0981801 0.351637 0.0798403 0.526021 0.628876 0.449986 0.0782089 0.111016 0.385713 0.59232 0.815272 0.819519 0.129618 0.110212 0.176941 0.0482179 0.237579 
0.741675 0.518111 0.241759 0.172044 0.302658 0.630954 0.553091 0.0029618 0.735389 0.251989 0.528292 0.00592102 0.973184 0.784604 0.665546 0.600245 0.821183 0.642531 0.235909 0.340312 0.572527 0.987578 0.0687999 0.547842 0.374645 0.0111905 0.884399 0.130269 0.97639 0.282787 0.288554 0.268969 0.317335 0.0542884 0.0844985 0.481827 0.783743 0.173476 0.557546 0.579871 0.744185 0.151748 0.0662326 0.920216 0.487239 0.668053 0.257544 0.194118 0.0734833 0.619179 0.992644 0.899297 0.945834 0.6007 0.191676 0.176347 0.741255 0.668185 0.138973 0.226021 0.680678 0.421082 0.848899 0.194005 
0.987432 0.971473 0.389452 0.370506 0.773015 0.383819 0.714393 0.17777 0.272288 0.446402 0.531278 0.172766 0.606039 0.623433 0.85523 0.600752 0.0521634 0.243944 0.403415 0.704005 0.770182 0.731415 0.832752 0.911882 0.992145 0.0549239 0.428245 0.31715 0.0918466 0.0251968 0.0193257 0.200254 0.570931 0.966002 0.101372 0.649009 0.744486 0.849795 0.858546 0.5868 0.249115 0.841102 0.993351 0.807618 0.487396 0.103882 0.909551 0.310778 0.132086 0.216167 0.762948 0.107836 0.0693281 0.10906 0.499921 0.665674 0.14879 0.951388 0.717772 0.0462086 0.516177 0.460154 0.470545 0.909681 
0.295808 0.871776 0.211808 0.242626 0.45501 0.261978 0.576628 0.0934508 0.405745 0.568214 0.440502 0.243655 0.349312 0.743057 0.254369 0.851885 0.408024 0.260206 0.807842 0.655344 0.178507 0.610095 0.326905 0.592807 0.674943 0.616504 0.295233 0.591466 0.906321 0.0185143 0.430195 0.473448 0.961991 0.782828 0.670783 0.475774 0.794038 0.384664 0.467695 0.318501 0.0783343 0.645839 0.122675 0.796918 0.703472 0.9375 0.620135 0.330322 0.90087 0.668032 0.819419 0.954841 0.718848 0.163938 0.913513 0.416271 0.476821 0.811088 0.425838 0.85913 0.320125 0.684259 0.925226 0.476465 
0.936288 0.782106 0.0163395 0.354705 0.897311 0.680281 0.859784 0.946964 0.7188 0.792151 0.356103 0.213063 0.173594 0.892293 0.467014 0.238941 0.308929 0.176781 0.200936 0.826609 0.253524 0.931776 0.286797 0.936311 0.329439 0.150113 0.513148 0.0868307 0.931621 0.217064 0.233005 0.539913 0.818088 0.944781 0.723203 0.013648 0.242144 0.46281 0.748905 0.0223293 0.352068 0.700592 0.290715 0.616173 0.963665 0.906054 0.701356 0.321512 0.424534 0.521947 0.287034 0.83343 0.0780605 0.523727 0.0320029 0.453057 0.514733 0.0680767 0.479071 0.228893 0.585613 0.55675 0.00153222 0.180338 
0.415099 0.0413625 0.149761 0.45684 0.178489 0.397306 0.672194 0.103852 0.618118 0.47898 0.784918 0.914013 0.320854 0.875446 0.869358 0.653744 0.748802 0.232396 0.977978 0.217437 0.398833 0.844535 0.801676 0.956881 0.510225 0.465446 0.0400863 0.225944 0.770643 0.410242 0.039289 0.238137 0.709584 0.841143 0.502536 0.307145 0.824536 0.65326 0.734157 0.899871 0.293598 0.504069 0.14385 0.817622 0.827469 0.880479 0.542221 0.037842 0.207488 0.234548 0.711352 0.422632 0.428248 0.1895 0.13861 0.79107 0.386509 0.943073 0.375986 0.982457 0.238705 0.322719 0.190374 0.904016 
0.0751057 0.774535 0.930417 0.368116 0.40714 0.859619 0.961241 0.889107 0.306603 0.0855 0.386581 0.915212 0.716561 0.512238 0.652858 0.331803 0.321968 0.943877 0.95879 0.158116 0.185037 0.482024 0.311206 0.311249 0.72773 0.305917 0.0614299 0.833615 0.314802 0.717802 0.132534 0.422127 0.814215 0.518859 0.479991 0.462877 0.487303 0.096696 0.0190938 0.220592 0.0157562 0.913735 0.218204 0.201868 0.0190983 0.493512 0.761501 0.548002 0.187834 0.597761 0.525351 0.42991 0.447984 0.215638 0.564849 0.37015 0.229164 0.85848 0.505248 0.355445 0.728979 0.538506 0.20484 0.712639 
0.0411263 0.244885 0.159012 0.589402 0.886795 0.100791 0.2333 0.976264 0.125464 0.763234 0.278951 0.105771 0.031195 0.479617 0.606894 0.353033 0.92181 0.150471 0.041987 0.860759 0.0749328 0.180199 0.513071 0.726465 0.285255 0.126281 0.649445 0.318016 0.79494 0.560436 0.991999 0.378224 0.703553 0.191716 0.830054 0.886437 0.222568 0.300373 0.733343 0.145164 0.286911 0.711099 0.620617 0.0563668 0.234775 0.872272 0.976889 0.497567 0.619373 0.932737 0.592702 0.464229 0.271999 0.777252 0.523684 0.480212 0.613767 0.715101 0.00905261 0.60084 0.151724 0.690128 0.323723 0.377371 
0.673372 0.33906 0.308077 0.089569 0.950654 0.682998 0.191689 0.669806 0.662972 0.501988 0.887716 0.75501 0.840622 0.876574 0.541028 0.231622 0.213665 0.432998 0.975221 0.00452152 0.835486 0.309032 0.499155 0.397296 0.147868 0.969472 0.197894 0.82342 0.031906 0.271359 0.609779 0.37388 0.765997 0.75546 0.948901 0.308133 0.298569 0.821836 0.321156 0.854696 0.597482 0.334905 0.807762 0.551864 0.710193 0.170009 0.902899 0.672551 0.0354215 0.287271 0.537658 0.857507 0.901502 0.86509 0.750562 0.686721 0.385291 0.988873 0.846426 0.174055 0.780658 0.644504 0.398418 0.304672 
0.913678 0.683837 0.31309 0.608056 0.397777 0.674358 0.261434 0.0432609 0.929187 0.673733 0.852479 0.698154 0.133593 0.272312 0.754016 0.154516 0.566329 0.539986 0.788718 0.620225 0.107923 0.848793 0.77661 0.288857 0.259183 0.740257 0.562171 0.951034 0.51079 0.0912394 0.498521 0.0769288 0.507679 0.116971 0.525707 0.799459 0.747324 0.780806 0.212859 0.501026 0.109903 0.0961328 0.538603 0.480899 0.584907 0.573838 0.435818 0.697903 0.386031 0.279254 0.955322 0.808811 0.622694 0.371924 0.545975 0.557311 0.0463984 0.514125 0.834944 0.453834 0.00856519 0.555116 0.385584 0.40523 
0.501612 0.866621 0.601667 0.20396 0.845842 0.106604 0.912342 0.28706 0.801299 0.925893 0.65304 0.779149 0.267217 0.969926 0.197699 0.293885 0.227341 0.170149 0.275264 0.946899 0.347376 0.624486 0.668953 0.0484513 0.236363 0.442841 0.392879 0.514693 0.907559 0.636362 0.943078 0.625141 0.047728 0.138045 0.594754 0.825347 0.320462 0.0403944 0.799053 0.168853 0.884177 0.38136 0.433974 0.900351 0.322642 0.374426 0.00808287 0.0395231 0.761585 0.415743 0.804933 0.473906 0.317651 0.767605 0.711028 0.83591 0.862484 0.89875 0.0500955 0.976345 0.884127 0.739472 0.645719 0.691294 
0.971906 0.249084 0.211371 0.970235 0.881471 0.140625 0.141684 0.101914 0.823595 0.138953 0.400767 0.100213 0.494908 0.299348 0.240334 0.757857 0.0793873 0.382394 0.0326348 0.0451181 0.253076 0.0964202 0.068747 0.499741 0.267645 0.286299 0.585008 0.588259 0.0388271 0.422918 0.687073 0.503886 0.217876 0.126625 0.243464 0.958043 0.632008 0.827583 0.636025 0.541961 0.440301 0.342318 0.0352097 0.594318 0.588849 0.149927 0.488863 0.904962 0.165219 0.512418 0.178353 0.222205 0.601798 0.0309933 0.228257 0.205733 0.894795 0.282927 0.250631 0.455031 0.348818 0.273566 0.942075 0.943809 
0.434075 0.220358 0.462351 0.729504 0.0198163 0.195435 0.382993 0.185845 0.454173 0.0554215 0.589284 0.561513 0.610584 0.491294 0.760923 0.746042 0.0836498 0.860297 0.00550336 0.964801 0.560706 0.188246 0.653309 0.205382 0.615987 0.449177 0.104982 0.555895 0.466152 0.13737 0.038627 0.778948 0.962045 0.0966881 0.374491 0.149231 0.793192 0.379674 0.604854 0.333701 0.116201 0.371746 0.488108 0.514766 0.634167 0.281217 0.257903 0.238909 0.253778 0.654189 0.364309 0.446517 0.498345 0.443331 0.374206 0.223609 0.596293 0.929201 0.100201 0.850112 0.244051 0.769027 0.332017 0.143514 
0.625304 0.330694 0.417906 0.715976 0.764347 0.0469862 0.399295 0.879231 0.254535 0.893037 0.933988 0.32495 0.851019 0.381447 0.46333 0.988204 0.703229 0.71131 0.166178 0.859978 0.785608 0.359435 0.179412 0.637009 0.0258502 0.365763 0.675386 0.0835708 0.0709818 0.471243 0.434828 0.532076 0.123736 0.632634 0.516349 0.116304 0.0730484 0.46798 0.16153 0.0162103 0.93879 0.286895 0.345534 0.920461 0.446432 0.137976 0.776488 0.209938 0.827017 0.230561 0.671728 0.752325 0.088988 0.803867 0.120172 0.748434 0.311347 0.632083 0.674708 0.576261 0.134376 0.110176 0.987995 0.792308 
0.988356 0.398786 0.574762 0.496522 0.183564 0.414596 0.747593 0.310852 0.845766 0.804309 0.469205 0.825792 0.560551 0.250965 0.536645 0.113922 0.0130058 0.626204 0.0685831 0.278912 0.563109 0.81773 0.143641 0.433327 0.915553 0.725894 0.599732 0.443014 0.194828 0.705874 0.304015 0.876101 0.573201 0.943525 0.231983 0.902659 0.518824 0.327093 0.534098 0.441431 0.214773 0.656372 0.979576 0.478071 0.120211 0.436648 0.785554 0.711786 0.764612 0.214012 0.140501 0.45372 0.0785734 0.0387717 0.791041 0.317024 0.62571 0.0876845 0.848611 0.500524 0.77593 0.583718 0.864613 0.592639 
0.276979 0.438974 0.973958 0.987452 0.59097 0.486172 0.0290864 0.635267 0.839106 0.802458 0.215092 0.518315 0.525866 0.735437 0.0497198 0.712502 0.316567 0.195689 0.904454 0.998768 0.367839 0.566038 0.167755 0.251878 0.8297 0.643187 0.194985 0.648797 0.867665 0.313028 0.221374 0.640838 0.283909 0.186649 0.754491 0.998609 0.687282 0.174771 0.941345 0.754091 0.743231 0.817139 0.593706 0.172852 0.549074 0.540494 0.520358 0.109128 0.331822 0.503401 0.733684 0.928265 0.276916 0.981456 0.967372 0.285171 0.266546 0.455223 0.173595 0.955864 0.248735 0.576818 0.25082 0.19665 
0.112991 0.84557 0.184197 0.192296 0.106334 0.659504 0.000780975 0.0299147 0.709371 0.249347 0.0708593 0.441558 0.873313 0.522261 0.111891 0.95345 0.140537 0.643352 0.0211104 0.526567 0.38746 0.238461 0.607428 0.103896 0.675769 0.307411 0.7242 0.718881 0.170793 0.784283 0.727615 0.429779 0.320755 0.0906156 0.144652 0.75994 0.26543 0.143281 0.269753 0.331536 0.357071 0.0471162 0.266936 0.630307 0.269785 0.421001 0.626369 0.579343 0.847185 0.337103 0.0181596 0.540666 0.0397044 0.704337 0.836506 0.461349 0.689881 0.412841 0.327531 0.764589 0.576824 0.296591 0.593422 0.0759721 
0.937262 0.327798 0.0366056 0.368363 0.306417 0.199721 0.552105 0.481988 0.82407 0.216165 0.229796 0.307838 0.329667 0.591613 0.935338 0.32742 0.818487 0.871516 0.699417 0.425174 0.0160881 0.552759 0.954198 0.851329 0.329261 0.806714 0.246577 0.957944 0.258274 0.406811 0.506645 0.00210503 0.542976 0.0557792 0.363945 0.0873172 0.728689 0.565015 0.961852 0.275081 0.985267 0.981505 0.315566 0.962911 0.0585145 0.979798 0.991231 0.120517 0.875938 0.102168 0.394306 0.27401 0.104526 0.523288 0.678829 0.856603 0.123259 0.0343546 0.20401 0.671935 0.128831 0.0382442 0.0357751 0.560572 
0.658967 0.47956 0.965887 0.360035 0.844108 0.820354 0.755106 0.537542 0.357798 0.022889 0.629037 0.105175 0.169057 0.653091 0.944744 0.949017 0.417989 0.345367 0.361054 0.303916 0.724918 0.549984 0.870596 0.200532 0.51801 0.98754 0.710657 0.361514 0.341821 0.71777 0.80587 0.930612 0.198308 0.390256 0.589276 0.340683 0.37765 0.0259862 0.442518 0.0716388 0.656468 0.815786 0.17989 0.60593 0.408552 0.458107 0.64096 0.810358 0.410925 0.750144 0.818877 0.458778 0.526472 0.784962 0.227228 0.133818 0.866237 0.144734 0.783501 0.255655 0.688971 0.484235 0.383368 0.864649 
0.760888 0.665097 0.73664 0.94577 0.0832924 0.519706 0.837352 0.500718 0.966167 0.67588 0.462164 0.925957 0.311199 0.249799 0.967546 0.831689 0.06355 0.401637 0.595858 0.510278 0.46873 0.379795 0.610107 0.129124 0.116291 0.702379 0.277446 0.439406 0.599993 0.339337 0.386436 0.541348 0.463077 0.313631 0.89432 0.994267 0.471594 0.747288 0.359007 0.205231 0.907615 0.678801 0.493774 0.724167 0.897534 0.126743 0.142356 0.164889 0.239787 0.341569 0.966968 0.1948 0.815711 0.833439 0.663929 0.292025 0.943476 0.93535 0.799122 0.352792 0.718664 0.846107 0.89451 0.264934 
0.260263 0.809099 0.163821 0.93127 0.909781 0.420442 0.627956 0.819059 0.0499224 0.499087 0.422606 0.997499 0.145728 0.808845 0.597637 0.937986 0.0417951 0.226138 0.323773 0.543959 0.0595661 0.354766 0.929568 0.413475 0.383101 0.0963328 0.850957 0.0962467 0.426921 0.690705 0.840247 0.0710363 0.812741 0.780851 0.490529 0.049761 0.28218 0.216573 0.224149 0.0933826 0.616338 0.0743358 0.13684 0.0762976 0.762213 0.445718 0.369889 0.117294 0.841485 0.813427 0.0452048 0.94381 0.236018 0.954895 0.976517 0.657462 0.513208 0.605572 0.0811456 0.654157 0.382587 0.885585 0.951106 0.0808774 
0.653458 0.093071 0.776412 0.0649066 0.504231 0.514924 0.756924 0.501358 0.210115 0.44032 0.219611 0.35 0.602019 0.693651 0.929977 0.570218 0.773206 0.362642 0.777249 0.405771 0.358904 0.600546 0.241511 0.873893 0.826656 0.1282 0.201018 0.626879 0.280835 0.490708 0.035048 0.324901 0.250907 0.976868 0.163424 0.613675 0.574556 0.0478723 0.419222 0.690776 0.799798 0.722594 0.0602811 0.0742592 0.174387 0.0446334 0.103005 0.512272 0.915792 0.704714 0.753445 0.436675 0.443881 0.472961 0.642283 0.838178 0.265873 0.495874 0.862888 0.0746487 0.357216 0.0384626 0.336084 0.847464 
0.210217 0.0178689 0.00125419 0.233331 0.0503225 0.536549 0.834574 0.292396 0.313297 0.619463 0.869821 0.674731 0.617186 0.789268 0.916819 0.20361 0.543788 0.13507 0.118379 0.974058 0.936167 0.815602 0.05622 0.942928 0.702879 0.0380607 0.419286 0.666764 0.153388 0.870084 0.112248 0.41888 0.443735 0.454611 0.291152 0.571135 0.523011 0.210585 0.0890482 0.333469 0.130308 0.149223 0.55458 0.641184 0.455051 0.959746 0.164448 0.345552 0.562744 0.529391 0.547387 0.974021 0.313418 0.274488 0.697598 0.785768 0.452193 0.0515195 0.887425 0.224313 0.243874 0.454472 0.577659 0.943252 
0.530429 0.683688 0.980253 0.277464 0.351393 0.946022 0.0224989 0.91889 0.744838 0.590448 0.14751 0.409103 0.758426 0.532665 0.881829 0.532201 0.798666 0.0892142 0.112601 0.152651 0.28163 0.636492 0.113521 0.361579 0.975196 0.0490867 0.762899 0.886057 0.233631 0.349511 0.458332 0.211894 0.0473639 0.601323 0.939865 0.274574 0.569751 0.275475 0.183428 0.965652 0.181481 0.102633 0.504078 0.782135 0.655224 0.565595 0.864619 0.340654 0.0105689 0.393307 0.769177 0.275686 0.124975 0.64976 0.186727 0.616098 0.954636 0.490261 0.374372 0.892392 0.270894 0.670845 0.894014 0.160357 
0.716803 0.720346 0.784126 0.206117 0.653499 0.230169 0.630146 0.647311 0.316057 0.168469 0.763924 0.235762 0.182242 0.890301 0.474185 0.475531 0.13933 0.910187 0.185047 0.351937 0.732437 0.419329 0.312593 0.873876 0.938666 0.00829329 0.931928 0.756394 0.122456 0.247921 0.594486 0.164556 0.640143 0.154789 0.632445 0.0143049 0.533328 0.431079 0.159744 0.542926 0.85555 0.163945 0.819764 0.554954 0.66216 0.773027 0.408951 0.453661 0.481332 0.930689 0.244139 0.356958 0.699952 0.456488 0.346794 0.80247 0.871837 0.828431 0.425595 0.181782 0.563601 0.698091 0.609276 0.749017 
0.882222 0.628176 0.023421 0.0778931 0.852028 0.595444 0.314963 0.403804 0.845047 0.411811 0.168888 0.334212 0.783165 0.959032 0.796465 0.118734 0.505386 0.21301 0.76055 0.855671 0.612794 0.822999 0.281058 0.0333243 0.847463 0.506034 0.613148 0.189222 0.000149282 0.620753 0.20192 0.916484 0.586489 0.595712 0.231638 0.972812 0.454681 0.403417 0.535985 0.337736 0.123251 0.311702 0.102659 0.0515765 0.810937 0.132127 0.734906 0.529909 0.966704 0.423923 0.752573 0.24063 0.661386 0.333881 0.882055 0.080754 0.42483 0.316696 0.831941 0.280919 0.427535 0.444556 0.0731802 0.0769446 
0.858916 0.35634 0.746034 0.536037 0.3103 0.787157 0.223349 0.545124 0.567925 0.448663 0.973607 0.275975 0.23948 0.137025 0.977199 0.84983 0.834423 0.631322 0.411488 0.714396 0.0387169 0.67042 0.875157 0.555199 0.370533 0.281965 0.778526 0.431404 0.188855 0.817295 0.995839 0.990791 0.615474 0.880939 0.163167 0.815604 0.690123 0.225456 0.674841 0.322126 0.999245 0.583039 0.548313 0.939255 0.763715 0.339361 0.384317 0.439369 0.567998 0.740375 0.686437 0.196939 0.358198 0.668848 0.0201341 0.0331824 0.0570778 0.267319 0.756085 0.915275 0.145216 0.438788 0.405231 0.413637 
0.858849 0.525888 0.878003 0.0552119 0.678145 0.176566 0.134317 0.774856 0.716844 0.028099 0.238762 0.921699 0.612146 0.351847 0.979969 0.279648 0.449891 0.853274 0.689825 0.629403 0.498476 0.79748 0.107128 0.423425 0.921808 0.0252905 0.590687 0.176659 0.959577 0.143815 0.899889 0.846472 0.947007 0.238684 0.0412537 0.335477 0.741238 0.91916 0.0293015 0.737287 0.646474 0.53411 0.716831 0.245258 0.364464 0.170438 0.786911 0.379889 0.492898 0.744066 0.781 0.0904906 0.392914 0.458591 0.869047 0.572056 0.140709 0.729516 0.692532 0.416707 0.0831268 0.440324 0.773354 0.323144 
0.122804 0.445863 0.651759 0.61352 0.864516 0.686355 0.146411 0.220419 0.304903 0.492067 0.224549 0.645454 0.426284 0.295026 0.44509 0.853803 0.656043 0.763777 0.0675496 0.25712 0.553264 0.271285 0.94322 0.929451 0.482924 0.204693 0.238858 0.860451 0.046187 0.471293 0.283832 0.0451295 0.354567 0.0569733 0.418952 0.605537 0.0209109 0.763393 0.853417 0.945499 0.736111 0.945492 0.965808 0.958958 0.784648 0.507604 0.849605 0.248899 0.433301 0.56985 0.380869 0.863618 0.482415 0.695672 0.564723 0.334527 0.0244279 0.717843 0.532597 0.809527 0.624246 0.615807 0.497275 0.841333 
