21.2018 0001010000001010100100010101011011001110100101110110001010111010000100110111000010010110010000000100
80.4868 1000101100100101100011000010110000110101101100111010000001011001001001010101111001011110000001011110
0.326656 0.0556871 0.308617 0.139195 0.704464 0.153905 0.653823 0.865823 0.844537 0.685522 0.171022 0.594329 0.563935 0.726941 0.352054 0.710991 0.361535 0.0887412 0.308148 0.707064 0.395035 0.194615 0.274632 0.130996 0.821232 0.059112 0.199516 0.761141 0.88278 0.501886 0.452689 0.419846 0.0964681 0.668884 0.828035 0.614092 0.985344 0.733002 0.117695 0.409153 0.244993 0.759124 0.789373 0.159729 0.781826 0.134511 0.287585 0.76377 0.576035 0.0102857 0.760423 0.0320826 0.63755 0.666936 0.391614 0.554288 0.621761 0.71476 0.999315 0.963085 0.765623 0.707314 0.823893 0.435431 
0.708376 0.26559 0.59482 0.822345 0.78437 0.972517 0.604898 0.992541 0.0754348 0.157089 0.177238 0.355934 0.736957 0.416662 0.256759 0.406453 0.7233 0.301811 0.842023 0.174347 0.0770676 0.12419 0.677021 0.889703 0.139425 0.6189 0.395484 0.454425 0.926789 0.188762 0.421222 0.527803 0.207788 0.670772 0.512032 0.0582936 0.542098 0.600077 0.560345 0.643881 0.968786 0.871932 0.852157 0.371287 0.675621 0.170674 0.142333 0.36015 0.83115 0.39631 0.799806 0.072603 0.738139 0.138294 0.541838 0.175347 0.0197722 0.265475 0.506856 0.619814 0.853576 0.916541 0.896417 0.0652858 
0.960835 0.854435 0.407332 0.167162 0.467595 0.150812 0.178901 0.702524 0.598031 0.442609 0.611816 0.898196 0.774797 0.535069 0.443176 0.468904 0.86349 0.929842 0.483025 0.502873 0.353194 0.170139 0.103003 0.38703 0.146474 0.194776 0.223505 0.832596 0.861297 0.756242 0.0531433 0.966862 0.118561 0.641253 0.245897 0.826311 0.637042 0.0165634 0.387648 0.865256 0.436424 0.754011 0.705617 0.655658 0.0978731 0.720625 0.408138 0.731378 0.95133 0.160894 0.886296 0.704112 0.347597 0.169652 0.361112 0.343825 0.666172 0.695332 0.814129 0.202737 0.301166 0.819455 0.418376 0.600687 
0.170672 0.490106 0.161805 0.828538 0.74407 0.39149 0.568072 0.961752 0.928392 0.151419 0.495254 0.243247 0.255686 0.885629 0.82716 0.128963 0.522262 0.4434 0.306856 0.727593 0.146667 0.888406 0.86121 0.0338134 0.129766 0.0719681 0.0271212 0.613993 0.70001 0.357638 0.922066 0.269554 0.490859 0.731549 0.00879553 0.779054 0.941537 0.303071 0.319649 0.619887 0.211051 0.681635 0.674068 0.846801 0.186366 0.418164 0.269502 0.309349 0.256424 0.450925 0.947311 0.0134265 0.584374 0.812019 0.375442 0.276881 0.429734 0.836805 0.180669 0.45171 0.921633 0.226948 0.697961 0.796783 
0.306013 0.204478 0.169507 0.822875 0.901738 0.32036 0.381638 0.164528 0.965499 0.226895 0.245116 0.0418009 0.355205 0.319371 0.517638 0.515032 0.122463 0.955025 0.625833 0.793185 0.49883 0.240926 0.531488 0.865251 0.405971 0.933378 0.724294 0.284288 0.365594 0.400724 0.164696 0.898843 0.569046 0.0654415 0.234111 0.433719 0.976391 0.070229 0.616729 0.156852 0.275284 0.179368 0.176451 0.0394006 0.9446 0.140203 0.297586 0.299769 0.673341 0.970477 0.874801 0.626999 0.587281 0.867052 0.0467951 0.468182 0.525772 0.979072 0.0323503 0.419576 0.70083 0.728489 0.576685 0.927592 
0.0300641 0.713718 0.837153 0.819682 0.170556 0.199295 0.811669 0.128409 0.412092 0.0571088 0.0676297 0.101885 0.475677 0.568677 0.431995 0.0484832 0.835401 0.0492025 0.0751205 0.602046 0.250864 0.378603 0.171249 0.107662 0.306471 0.805227 0.775088 0.78763 0.77497 0.451482 0.370317 0.894312 0.241365 0.883117 0.674105 0.368415 0.467564 0.0638423 0.893643 0.350238 0.119669 0.114454 0.0327034 0.663407 0.845787 0.537404 0.899972 0.341077 0.792821 0.562939 0.712993 0.589667 0.815947 0.407268 0.0271069 0.924208 0.413687 0.222296 0.180678 0.138257 0.0639427 0.732593 0.636968 0.814997 
0.337524 0.363814 0.980404 0.152432 0.0406586 0.916749 0.580686 0.713738 0.620061 0.434163 0.285216 0.642666 0.678813 0.898198 0.658943 0.0343793 0.640609 0.642025 0.507481 0.0636577 0.641675 0.166298 0.883922 0.79301 0.776085 0.981818 0.0593784 0.611365 0.61859 0.115811 0.494487 0.104037 0.306564 0.242697 0.366977 0.496831 0.655675 0.432798 0.994255 0.735826 0.31091 0.398052 0.316601 0.26506 0.909599 0.626522 0.162035 0.482143 0.796217 0.519656 0.787852 0.254206 0.822001 0.567578 0.120987 0.539074 0.00735672 0.64264 0.402161 0.721399 0.801334 0.720141 0.277776 0.419964 
0.829935 0.00353881 0.984617 0.339559 0.351768 0.524415 0.246683 0.770287 0.354445 0.963377 0.411076 0.865942 0.738227 0.538977 0.778971 0.238559 0.998841 0.237812 0.0429721 0.256924 0.0209408 0.380095 0.0367323 0.166687 0.41385 0.185404 0.62722 0.414943 0.64281 0.710564 0.967728 0.843163 0.192796 0.575569 0.569775 0.878274 0.957821 0.423713 0.767479 0.305106 0.169346 0.176387 0.423729 0.200147 0.122901 0.400952 0.6526 0.291697 0.198877 0.657461 0.485461 0.68835 0.500177 0.434851 0.910433 0.58754 0.554958 0.890588 0.157956 0.445745 0.910702 0.326199 0.892548 0.343811 
0.0235917 0.318246 0.112666 0.326046 0.971596 0.289864 0.929437 0.707931 0.392256 0.949221 0.763526 0.595275 0.605498 0.339443 0.707283 0.139269 0.664925 0.0198162 0.584368 0.276843 0.353595 0.0617434 0.164747 0.110173 0.0301598 0.508618 0.359897 0.338648 0.396053 0.280288 0.0660406 0.936984 0.347277 0.085349 0.216572 0.34007 0.00337841 0.94762 0.0439803 0.342322 0.53822 0.216851 0.768034 0.575007 0.86041 0.00279183 0.11904 0.794418 0.23786 0.878975 0.0936608 0.317599 0.809268 0.292534 0.285036 0.532966 0.594999 0.614177 0.518814 0.487061 0.0362482 0.273349 0.992585 0.485975 
0.641819 0.693551 0.72372 0.958567 0.519348 0.33075 0.372607 0.809937 0.959731 0.751075 0.481942 0.52237 0.996582 0.857361 0.474419 0.644474 0.195688 0.589864 0.771303 0.360375 0.693084 0.516052 0.279656 0.116905 0.924852 0.0787307 0.798439 0.0503667 0.983113 0.834878 0.42332 0.247734 0.569728 0.282706 0.279439 0.573529 0.877033 0.665902 0.0502245 0.600264 0.349686 0.252498 0.205146 0.742086 0.578715 0.750756 0.241239 0.630227 0.776695 0.573851 0.446931 0.933534 0.481267 0.371621 0.22309 0.135495 0.480019 0.715746 0.896951 0.102008 0.263065 0.5468 0.549622 0.128127 
0.910874 0.118985 0.668421 0.932184 0.732401 0.906705 0.662263 0.769864 0.586718 0.285581 0.287849 0.961816 0.0855927 0.358619 0.77018 0.0603458 0.302466 0.498951 0.956338 0.0562366 0.14793 0.0122496 0.514754 0.953882 0.0472848 0.480918 0.147478 0.230752 0.864954 0.715217 0.146729 0.679927 0.829714 0.275297 0.244195 0.00258389 0.147898 0.492527 0.732346 0.268864 0.734918 0.140255 0.610335 0.411461 0.0089183 0.729306 0.330757 0.0731712 0.167907 0.530398 0.255416 0.000692987 0.795245 0.824062 0.449962 0.63266 0.0612115 0.764262 0.483432 0.410324 0.340696 0.156147 0.374161 0.17189 
0.269553 0.337311 0.888788 0.810685 0.903283 0.898152 0.131494 0.971672 0.881913 0.70758 0.765584 0.955061 0.584602 0.74282 0.0102327 0.187885 0.349818 0.472764 0.285736 0.040306 0.956955 0.123227 0.784019 0.663297 0.0773593 0.797235 0.357796 0.539788 0.479349 0.127673 0.103736 0.63559 0.549926 0.177455 0.120628 0.848851 0.463909 0.417379 0.502157 0.47838 0.462026 0.703916 0.867811 0.133501 0.439822 0.076872 0.24129 0.826263 0.643678 0.731306 0.845905 0.625368 0.127121 0.133927 0.356919 0.952395 0.713896 0.163786 0.280224 0.847403 0.669531 0.994026 0.128498 0.542334 
0.63221 0.317195 0.390328 0.769981 0.195991 0.467157 0.94282 0.398567 0.639658 0.0491163 0.536554 0.273924 0.432892 0.0242246 0.340966 0.150214 0.728795 0.594888 0.774961 0.300769 0.746019 0.151887 0.805639 0.936493 0.146455 0.944661 0.000409311 0.944481 0.00580108 0.814605 0.889099 0.33712 0.291992 0.702938 0.825228 0.755606 0.146755 0.850686 0.578854 0.13001 0.441281 0.361954 0.439827 0.36594 0.767281 0.452273 0.795074 0.93177 0.658717 0.621689 0.195565 0.548151 0.858482 0.142839 0.954124 0.11482 0.528539 0.534067 0.314195 0.802764 0.0412424 0.0730423 0.92819 0.822261 
0.383524 0.651033 0.376084 0.615624 0.279732 0.805457 0.809199 0.896933 0.243451 0.224031 0.012966 0.781647 0.368061 0.984446 0.926077 0.583852 0.984157 0.671131 0.542562 0.166476 0.125234 0.388327 0.490968 0.394318 0.129047 0.41525 0.903349 0.980302 0.063034 0.257594 0.608289 0.0678326 0.989489 0.865852 0.981265 0.0228547 0.989733 0.479234 0.0790294 0.849825 0.180909 0.939012 0.558492 0.662586 0.708961 0.10695 0.963338 0.436327 0.373917 0.343543 0.0512377 0.59409 0.57782 0.0895004 0.261474 0.290445 0.279147 0.669628 0.945618 0.997407 0.814641 0.888305 0.694052 0.187799 
0.480757 0.0584362 0.876831 0.780586 0.165917 0.17696 0.573474 0.119012 0.0081197 0.188341 0.55286 0.238481 0.111957 0.308744 0.800466 0.749399 0.281561 0.20312 0.0269714 0.245744 0.313537 0.455585 0.590119 0.612066 0.868622 0.308458 0.695675 0.110757 0.724636 0.947746 0.893357 0.495568 0.69061 0.12637 0.985262 0.808914 0.00723742 0.376484 0.991028 0.936083 0.506273 5.00724e-05 0.378299 0.534328 0.439785 0.156366 0.779457 0.459703 0.823427 0.387024 0.753369 0.162564 0.511348 0.734126 0.065334 0.190463 0.957417 0.0723653 0.789654 0.198111 0.837479 0.347318 0.126365 0.35883 
0.759359 0.472297 0.32947 0.391384 0.141319 0.558044 0.891464 0.735116 0.0614477 0.604424 0.673731 0.0530409 0.137817 0.222368 0.0392266 0.00118628 0.563441 0.421264 0.134297 0.36791 0.769726 0.552164 0.789564 0.562386 0.955189 0.00199905 0.243493 0.601865 0.789752 0.720121 0.257724 0.288722 0.951298 0.928249 0.500087 0.554275 0.964858 0.126215 0.102034 0.996766 0.898536 0.99603 0.966143 0.246037 0.260028 0.675874 0.554898 0.248977 0.438781 0.545521 0.41692 0.0506419 0.689668 0.580165 0.262674 0.162436 0.908694 0.127606 0.435156 0.291751 0.880494 0.326664 0.0724813 0.770046 
0.0180244 0.98069 0.0650321 0.423939 0.134396 0.919452 0.694414 0.805304 0.197376 0.712964 0.884299 0.0243831 0.0338932 0.929033 0.00415905 0.505897 0.675885 0.745295 0.794776 0.960945 0.908654 0.705654 0.421465 0.97905 0.92422 0.534058 0.788769 0.36191 0.83187 0.227742 0.678521 0.553727 0.611935 0.215496 0.899853 0.891282 0.310998 0.514164 0.785033 0.815891 0.676356 0.93441 0.609631 0.178677 0.270506 0.577139 0.99337 0.619898 0.25293 0.738009 0.225819 0.599917 0.448507 0.977491 0.253082 0.796297 0.748587 0.309689 0.252256 0.742882 0.35557 0.491048 0.810269 0.00337112 
0.428634 0.0340483 0.676409 0.649264 0.716546 0.592955 0.317399 0.153734 0.114516 0.920169 0.13531 0.122574 0.13651 0.904282 0.320981 0.216397 0.711806 0.736567 0.161741 0.331397 0.79247 0.936783 0.354305 0.439916 0.554438 0.413239 0.786368 0.378863 0.901504 0.322759 0.563198 0.110895 0.370732 0.678911 0.138293 0.231423 0.386096 0.387406 0.10846 0.119452 0.474523 0.207438 0.211205 0.236268 0.171608 0.56665 0.460715 0.155089 0.84869 0.209913 0.865691 0.191401 0.231946 0.435736 0.218341 0.890417 0.982975 0.96515 0.76487 0.451713 0.561445 0.690518 0.157868 0.791432 
0.130637 0.95049 0.932505 0.340834 0.999743 0.814859 0.679936 0.727102 0.709062 0.00988484 0.415714 0.673148 0.970692 0.833287 0.974571 0.364957 0.640406 0.265572 0.432529 0.0383652 0.422195 0.295638 0.224389 0.733686 0.169746 0.594859 0.341504 0.827937 0.393759 0.113514 0.653569 0.416712 0.996877 0.63947 0.844603 0.362577 0.760202 0.99662 0.849188 0.304655 0.955097 0.281144 0.498233 0.122818 0.972573 0.72315 0.629204 0.793064 0.581627 0.998364 0.30975 0.472411 0.783684 0.959003 0.852693 0.836352 0.253035 0.370926 0.675709 0.407807 0.0757578 0.156028 0.28432 0.252169 
0.206154 0.425928 0.180314 0.289701 0.30375 0.64509 0.488406 0.435132 0.989698 0.430454 0.0498773 0.059163 0.288484 0.415869 0.188928 0.441847 0.407255 0.218703 0.266754 0.670312 0.133907 0.021723 0.242122 0.888249 0.924585 0.868915 0.690858 0.982136 0.466419 0.627945 0.190832 0.294424 0.185468 0.889527 0.152775 0.240641 0.779287 0.80195 0.273982 0.453513 0.25343 0.709852 0.206406 0.376193 0.507374 0.313207 0.93043 0.857317 0.691584 0.965463 0.90228 0.248913 0.0903663 0.878886 0.31597 0.637792 0.0689733 0.389908 0.731784 0.26716 0.0163295 0.513624 0.879684 0.106652 
0.649009 0.516547 0.435785 0.162468 0.660902 0.0873306 0.921142 0.592989 0.0969081 0.067288 0.90994 0.765924 0.0412294 0.309086 0.560789 0.347775 0.0982066 0.328627 0.0147253 0.503562 0.403562 0.162376 0.656692 0.836595 0.110435 0.167343 0.101137 0.745299 0.0738055 0.11243 0.21461 0.0486561 0.672634 0.949472 0.745759 0.942002 0.445378 0.842309 0.735738 0.207147 0.999806 0.69329 0.179975 0.301197 0.0781184 0.191006 0.543704 0.689216 0.610401 0.59729 0.922835 0.860742 0.532576 0.0437622 0.383442 0.755845 0.143476 0.432883 0.174131 0.893016 0.546314 0.610574 0.196341 0.284506 
0.225713 0.288363 0.626765 0.389786 0.928357 0.196949 0.913644 0.473695 0.17948 0.0242636 0.142193 0.164726 0.339956 0.999159 0.381764 0.55278 0.206988 0.853554 0.172878 0.0714004 0.0273749 0.800559 0.175154 0.0187126 0.746023 0.196374 0.90351 0.793349 0.93082 0.677808 0.515841 0.25569 0.392537 0.961852 0.384173 0.958227 0.611172 0.839911 0.00708709 0.189552 0.419294 0.583656 0.130641 0.351788 0.864284 0.0773233 0.0171516 0.770384 0.512565 0.270934 0.427845 0.549204 0.30319 0.0415962 0.127924 0.0691235 0.259571 0.802601 0.363218 0.113364 0.270774 0.169406 0.348481 0.970772 
0.588829 0.368761 0.774227 0.457839 0.330714 0.344973 0.919564 0.315994 0.30402 0.272324 0.424057 0.604424 0.454029 0.959039 0.933527 0.833049 0.326416 0.837662 0.282759 0.593173 0.833587 0.0947493 0.709592 0.828982 0.0369153 0.490221 0.700137 0.336931 0.763134 0.775069 0.8272 0.231493 0.313931 0.438206 0.0487177 0.924619 0.804619 0.254949 0.949959 0.0610553 0.976534 0.693127 0.17536 0.106743 0.230862 0.149458 0.627369 0.0376388 0.372795 0.256029 0.303318 0.748274 0.753682 0.828286 0.314928 0.465629 0.922922 0.455281 0.0492169 0.545336 0.819687 0.0994224 0.281852 0.244141 
0.367822 0.70158 0.60898 0.273895 0.938004 0.654994 0.553392 0.200879 0.837077 0.523277 0.0791913 0.873471 0.740292 0.389052 0.410471 0.276625 0.744917 0.9579 0.645087 0.562857 0.205994 0.504675 0.0108546 0.323203 0.704802 0.418429 0.00513319 0.600205 0.747629 0.951648 0.404546 0.835682 0.0337215 0.00577915 0.920626 0.461933 0.462799 0.831368 0.40713 0.919213 0.030844 0.467446 0.22425 0.970937 0.360819 0.452605 0.829176 0.872426 0.519927 0.646499 0.581896 0.0525312 0.681303 0.336449 0.695802 0.913555 0.633179 0.337456 0.430377 0.706846 0.334146 0.593726 0.128612 0.209517 
0.434903 0.605503 0.339137 0.0614696 0.681566 0.132583 0.845055 0.476356 0.908197 0.914215 0.457701 0.906791 0.554504 0.83432 0.713845 0.934934 0.904291 0.711418 0.319325 0.852205 0.00950452 0.232604 0.330935 0.401475 0.815555 0.101738 0.314278 0.118518 0.889408 0.461135 0.390783 0.187654 0.0103887 0.539328 0.219812 0.289771 0.102163 0.487936 0.257175 0.520093 0.511836 0.971386 0.483872 0.762274 0.488846 0.676279 0.427798 0.29724 0.637717 0.220928 0.488657 0.83167 0.0348136 0.45321 0.0716933 0.467465 0.360754 0.755641 0.300748 0.442665 0.94273 0.105449 0.299125 0.426463 
0.236711 0.370764 0.840668 0.469394 0.490905 0.602661 0.811775 0.66028 0.77347 0.919796 0.738204 0.16436 0.911165 0.452021 0.691329 0.170248 0.29659 0.481796 0.497233 0.496948 0.0477654 0.825445 0.842638 0.644429 0.566904 0.6875 0.628032 0.0754672 0.157932 0.440936 0.736286 0.77648 0.366545 0.368302 0.115762 0.529499 0.44654 0.287131 0.0206863 0.871132 0.531488 0.534127 0.0364799 0.00583807 0.248644 0.201575 0.00308385 0.816705 0.209939 0.0842122 0.807708 0.472825 0.877999 0.674691 0.419488 0.999655 0.423281 0.791703 0.450035 0.836635 0.79103 0.960804 0.369981 0.701833 
0.200069 0.141294 0.00997519 0.546373 0.184776 0.801322 0.508644 0.960369 0.0349324 0.77912 0.145463 0.352533 0.581289 0.148068 0.729855 0.317435 0.0372169 0.499982 0.157565 0.981517 0.52407 0.433667 0.0430761 0.962433 0.0549126 0.329859 0.812717 0.344952 0.628494 0.555737 0.538851 0.898314 0.490798 0.801548 0.847893 0.276608 0.534543 0.899831 0.342614 0.449504 0.187273 0.829413 0.762647 0.846139 0.957586 0.655368 0.331624 0.715072 0.265613 0.755209 0.611802 0.581849 0.867409 0.734862 0.580161 0.00823398 0.945988 0.808758 0.550808 0.706458 0.516476 0.562847 0.36754 0.0351222 
0.541943 0.9675 0.0295211 0.00194388 0.610238 0.308315 0.170615 0.712342 0.327277 0.81992 0.7031 0.127228 0.235158 0.334256 0.642077 0.258865 0.918703 0.171991 0.274698 0.749301 0.237438 0.637 0.627565 0.014282 0.841282 0.600826 0.914104 0.192402 0.882871 0.346674 0.986743 0.298113 0.367503 0.0864754 0.337346 0.771306 0.794277 0.461116 0.263487 0.797111 0.830677 0.424569 0.598839 0.38627 0.877492 0.674986 0.190369 0.251762 0.235272 0.295861 0.924793 0.923294 0.511155 0.0578661 0.572006 0.100134 0.922523 0.846138 0.736502 0.747633 0.523845 0.323957 0.818008 0.18814 
0.165376 0.199163 0.372982 0.540559 0.175665 0.31187 0.153917 0.146039 0.559683 0.893542 0.822486 0.690715 0.792216 0.618656 0.0735077 0.798267 0.791887 0.297891 0.0654489 0.560036 0.277848 0.783564 0.811015 0.667239 0.829703 0.967465 0.814999 0.705428 0.0815712 0.159774 0.950575 0.631748 0.562045 0.00106231 0.803652 0.314158 0.00537292 0.355064 0.636967 0.0348822 0.950514 0.98209 0.0791693 0.393256 0.0310447 0.209665 0.0363896 0.751026 0.798671 0.665816 0.461573 0.337816 0.949073 0.195544 0.672035 0.133232 0.913056 0.821585 0.773378 0.76875 0.345895 0.533246 0.575295 0.62517 
0.617679 0.166963 0.603131 0.892452 0.312132 0.380396 0.647249 0.659607 0.54516 0.647798 0.464392 0.134509 0.967166 0.114448 0.311577 0.66491 0.382025 0.417234 0.350888 0.822231 0.445516 0.376773 0.47152 0.838118 0.0439846 0.654967 0.907501 0.954754 0.457515 0.650397 0.735254 0.625996 0.568423 0.864377 0.89918 0.584882 0.12826 0.701181 0.134533 0.870659 0.218463 0.869938 0.39238 0.526427 0.495245 0.0458825 0.555479 0.625867 0.11854 0.979684 0.942188 0.193481 0.287046 0.747725 0.0474096 0.789498 0.483466 0.883412 0.981893 0.72173 0.0514421 0.200732 0.0963155 0.252126 
0.911827 0.799278 0.987941 0.0737509 0.243191 0.176063 0.480837 0.739114 0.379968 0.300847 0.768111 0.978385 0.377233 0.727966 0.952738 0.378294 0.998574 0.313405 0.768549 0.44537 0.606524 0.722207 0.972029 0.154818 0.271306 0.394312 0.643508 0.46792 0.346639 0.755673 0.0112964 0.740418 0.164682 0.155649 0.906679 0.356878 0.322978 0.80439 0.458439 0.0849046 0.786915 0.89408 0.366161 0.198867 0.0830475 0.527384 0.695281 0.852138 0.206967 0.094043 0.0140774 0.435082 0.281565 0.399639 0.338253 0.869464 0.0112196 0.313763 0.725622 0.913258 0.397547 0.175149 0.0634929 0.401854 
0.889297 0.0967932 0.470461 0.0569019 0.152528 0.170821 0.971383 0.960788 0.437809 0.460062 0.606652 0.441185 0.559704 0.070232 0.155348 0.889576 0.544768 0.611617 0.194414 0.439621 0.418797 0.313978 0.595249 0.981914 0.0172929 0.152783 0.112413 0.300987 0.170741 0.32942 0.10908 0.264923 0.656552 0.396467 0.230734 0.558853 0.209897 0.115283 0.203113 0.35095 0.0678822 0.447921 0.378938 0.635162 0.618571 0.36717 0.540338 0.638445 0.056798 0.0612693 0.900685 0.31515 0.975597 0.841257 0.922251 0.972995 0.352991 0.894395 0.516287 0.405702 0.841257 0.318753 0.605107 0.0905642 
0.343822 0.874228 0.474287 0.390559 0.644634 0.534383 0.586533 0.0685322 0.904516 0.362305 0.988952 0.584942 0.861421 0.994942 0.391902 0.258773 0.926005 0.844118 0.307706 0.423683 0.0520568 0.441793 0.690385 0.103791 0.412638 0.694014 0.730555 0.314771 0.818942 0.948476 0.731768 0.782871 0.918176 0.237304 0.131324 0.698008 0.338432 0.968767 0.552505 0.944931 0.277225 0.666259 0.104882 0.209261 0.36448 0.581163 0.944692 0.20304 0.910007 0.218029 0.149531 0.158248 0.366985 0.878127 0.560335 0.330181 0.3039 0.398077 0.881539 0.681485 0.841206 0.284826 0.513876 0.868469 
0.223807 0.508616 0.118902 0.625852 0.224224 0.336236 0.966558 0.543392 0.212214 0.875424 0.0214729 0.0489402 0.992189 0.974423 0.954619 0.861506 0.943037 0.380232 0.99503 0.189309 0.183259 0.554592 0.23097 0.587554 0.106242 0.944579 0.937924 0.508143 0.749583 0.368622 0.148433 0.237803 0.504328 0.791142 0.416262 0.232306 0.139774 0.0127458 0.369788 0.59948 0.834052 0.0410745 0.694744 0.327708 0.419557 0.945573 0.230224 0.102024 0.617968 0.574898 0.179386 0.383842 0.00896265 0.790738 0.976105 0.562383 0.750197 0.00337481 0.946206 0.481615 0.440389 0.228473 0.368186 0.489421 
0.534975 0.348435 0.529633 0.167166 0.0918582 0.644541 0.673019 0.457599 0.587264 0.518905 0.661224 0.97276 0.473292 0.243222 0.0963582 0.922806 0.152446 0.89859 0.0484937 0.511012 0.844823 0.129735 0.634752 0.974389 0.763111 0.278046 0.174577 0.447308 0.391753 0.64523 0.408272 0.725305 0.136485 0.00389034 0.592641 0.578809 0.603827 0.142105 0.425488 0.134381 0.780325 0.163133 0.825403 0.547292 0.30073 0.0253404 0.0914884 0.671304 0.195696 0.460105 0.807896 0.0597679 0.761323 0.928165 0.605066 0.636271 0.352088 0.462967 0.932207 0.166734 0.225574 0.972931 0.398119 0.597623 
0.179523 0.463105 0.460577 0.0619501 0.512009 0.559843 0.971871 0.389896 0.148122 0.333153 0.513839 0.455885 0.675831 0.624611 0.903166 0.529504 0.588882 0.335653 0.970405 0.365181 0.544444 0.500888 0.321496 0.223654 0.828413 0.199291 0.710111 0.518866 0.558435 0.263912 0.698225 0.489631 0.498259 0.558814 0.372279 0.509834 0.89066 0.626219 0.413474 0.174421 0.520975 0.823713 0.85241 0.622378 0.401637 0.661247 0.859623 0.454191 0.498181 0.208932 0.40425 0.632957 0.28509 0.338378 0.931285 0.498818 0.764899 0.557106 0.529469 0.973235 0.760205 0.600903 0.585829 0.92266 
0.537658 0.186631 0.779515 0.811708 0.564879 0.374564 0.0594629 0.754474 0.481514 0.0802005 0.665917 0.252519 0.331912 0.961638 0.889685 0.788861 0.18302 0.653664 0.528198 0.538987 0.52597 0.272016 0.680605 0.140957 0.986194 0.553982 0.488615 0.644765 0.737455 0.823785 0.0838433 0.803891 0.735887 0.470573 0.648494 0.023767 0.592327 0.760296 0.710311 0.672642 0.751809 0.242776 0.172605 0.845904 0.124181 0.0444595 0.392025 0.814723 0.00778895 0.862705 0.00533776 0.907556 0.0887764 0.830483 0.121541 0.141426 0.443508 0.205567 0.344846 0.0202823 0.156649 0.248839 0.672581 0.230873 
0.937848 0.461813 0.145727 0.76864 0.00651496 0.463752 0.341393 0.21046 0.499881 0.155275 0.628342 0.460413 0.627202 0.6777 0.567495 0.639051 0.851277 0.644421 0.928585 0.407576 0.662696 0.294034 0.328273 0.123503 0.365994 0.385029 0.031084 0.56732 0.0437096 0.666276 0.925932 0.894628 0.43454 0.368564 0.212593 0.688096 0.200856 0.98543 0.334369 0.920119 0.399621 0.100925 0.714652 0.686681 0.760582 0.843865 0.929507 0.525576 0.879063 0.187154 0.203672 0.732649 0.115202 0.278489 0.419425 0.329871 0.361813 0.0503686 0.321244 0.0372722 0.659483 0.90898 0.680159 0.947351 
0.186471 0.560209 0.100128 0.693624 0.804287 0.984565 0.199169 0.375618 0.590095 0.971361 0.063362 0.622883 0.821824 0.835709 0.0658249 0.204816 0.426312 0.963905 0.113625 0.422892 0.728489 0.354137 0.223366 0.282469 0.0100684 0.947541 0.0430766 0.865351 0.396888 0.665747 0.685718 0.112786 0.276796 0.817274 0.503541 0.435172 0.512047 0.154738 0.611394 0.86555 0.290792 0.0504746 0.115372 0.0802225 0.125503 0.367179 0.990551 0.79263 0.579604 0.102283 0.406933 0.27994 0.172507 0.0777401 0.847749 0.215228 0.984133 0.0692837 0.351417 0.62297 0.0273547 0.784095 0.174174 0.494766 
0.256326 0.218667 0.288522 0.194395 0.26531 0.495027 0.690523 0.710968 0.478163 0.670006 0.47214 0.118127 0.815965 0.065385 0.586914 0.779177 0.527234 0.554203 0.292823 0.108673 0.839474 0.162355 0.0167377 0.326587 0.484077 0.585599 0.0743975 0.236222 0.820334 0.897033 0.267641 0.206829 0.220415 0.444485 0.319273 0.0643411 0.212073 0.34959 0.0371863 0.937602 0.253474 0.421504 0.795016 0.895805 0.974311 0.036894 0.106847 0.689508 0.914016 0.06966 0.949838 0.994708 0.318114 0.362626 0.925936 0.336276 0.322496 0.307891 0.23128 0.602713 0.721769 0.107997 0.651683 0.0884482 
0.741108 0.796978 0.21539 0.284868 0.68978 0.882744 0.623298 0.474437 0.391091 0.164908 0.25079 0.623167 0.956404 0.806335 0.506458 0.922651 0.762317 0.294211 0.200944 0.725593 0.241085 0.008493 0.417269 0.293072 0.313651 0.257884 0.181983 0.754477 0.172759 0.275554 0.393549 0.717043 0.262343 0.629351 0.64929 0.377774 0.209209 0.270639 0.504415 0.282486 0.209824 0.994834 0.69429 0.0987398 0.608105 0.788591 0.424752 0.365055 0.842487 0.0548744 0.582311 0.643116 0.407582 0.788798 0.0543168 0.492127 0.0660499 0.816634 0.150778 0.146048 0.704363 0.538037 0.811374 0.0555152 
0.878952 0.105817 0.739302 0.653091 0.380612 0.600579 0.262967 0.811893 0.21394 0.821173 0.301999 0.281409 0.12702 0.189326 0.577562 0.815532 0.461031 0.505202 0.733781 0.46276 0.96421 0.359938 0.0534303 0.908689 0.311618 0.523778 0.236757 0.71158 0.496297 0.0319355 0.184013 0.0738354 0.00445297 0.0124975 0.854412 0.843693 0.252256 0.218279 0.75557 0.612531 0.960452 0.388072 0.616397 0.732155 0.0164393 0.986901 0.978822 0.173737 0.55875 0.500724 0.481967 0.806566 0.953791 0.754423 0.215125 0.905695 0.912722 0.323964 0.640417 0.562831 0.751968 0.348117 0.138114 0.140202 
0.509678 0.641104 0.192636 0.528725 0.837646 0.728043 0.438868 0.339548 0.50751 0.916774 0.50753 0.687389 0.147674 0.988101 0.314555 0.104173 0.472894 0.967758 0.977415 0.840377 0.910076 0.52342 0.827993 0.0168479 0.833479 0.909865 0.560375 0.330192 0.662791 0.86284 0.464796 0.236347 0.825035 0.148336 0.570025 0.0247403 0.00216131 0.46163 0.0634842 0.73971 0.309308 0.428846 0.451056 0.858007 0.431219 0.88785 0.863709 0.781975 0.517446 0.24086 0.534057 0.993632 0.377876 0.431357 0.807063 0.846331 0.364398 0.955155 0.448069 0.541326 0.052838 0.215127 0.617977 0.153273 
0.173347 0.629715 0.0787616 0.642658 0.334075 0.661913 0.502418 0.885455 0.944597 0.652048 0.969183 0.461865 0.49908 0.709114 0.23662 0.42055 0.570974 0.780181 0.748731 0.0106208 0.797002 0.190437 0.733952 0.996841 0.688547 0.350916 0.4913 0.984065 0.396281 0.662296 0.350205 0.85518 0.00374329 0.493119 0.47378 0.153464 0.740867 0.786711 0.486381 0.921133 0.597368 0.923521 0.0263672 0.260292 0.110495 0.826534 0.263203 0.508081 0.0883109 0.777842 0.872773 0.981379 0.85068 0.135921 0.368085 0.164897 0.327647 0.607134 0.783032 0.126908 0.0798659 0.937538 0.801428 0.692779 
0.370186 0.952568 0.159359 0.229747 0.945338 0.53047 0.605737 0.269619 0.526577 0.846826 0.161755 0.799794 0.520593 0.587017 0.887917 0.760288 0.822525 0.738658 0.231826 0.132401 0.718505 0.623526 0.320703 0.933459 0.255966 0.970221 0.382039 0.958706 0.62235 0.224256 0.963634 0.84948 0.720426 0.877146 0.427187 0.409505 0.578425 0.99819 0.546708 0.276066 0.72775 0.196917 0.335252 0.372716 0.519234 0.326833 0.173985 0.444663 0.562412 0.574723 0.770028 0.387272 0.309196 0.254315 0.525937 0.290872 0.122623 0.73266 0.621718 0.77316 0.900353 0.520943 0.533033 0.119743 
0.558309 0.323722 0.222591 0.862748 0.00430791 0.972546 0.243426 0.380688 0.731654 0.546389 0.92992 0.701769 0.996336 0.052729 0.131351 0.2774 0.881112 0.987259 0.983809 0.653852 0.59586 0.87598 0.715767 0.579274 0.521973 0.978579 0.951595 0.930574 0.163313 0.61339 0.727796 0.0131528 0.362531 0.155027 0.565867 0.710889 0.065815 0.412475 0.417349 0.765773 0.127717 0.413607 0.495618 0.948354 0.0909681 0.333169 0.64638 0.671303 0.639149 0.447337 0.317677 0.198042 0.406965 0.28934 0.167768 0.548385 0.0508942 0.176611 0.739979 0.176449 0.235113 0.0566666 0.565089 0.964461 
0.535042 0.775819 0.356055 0.18612 0.174415 0.430688 0.433403 0.848356 0.565671 0.580854 0.959731 0.385878 0.866772 0.811168 0.046963 0.403836 0.533845 0.0996563 0.260678 0.57856 0.108047 0.249522 0.424329 0.537139 0.444902 0.421489 0.500484 0.991899 0.701365 0.942557 0.255986 0.50765 0.230153 0.0708137 0.543409 0.1636 0.528774 0.676027 0.783898 0.752887 0.998096 0.252333 0.320406 0.400032 0.256597 0.530636 0.630917 0.0971494 0.873773 0.117682 0.698093 0.73289 0.855266 0.366227 0.224045 0.578179 0.646391 0.71047 0.63415 0.424499 0.89635 0.183346 0.871892 0.672967 
0.441954 0.615654 0.243142 0.977966 0.752516 0.591755 0.577158 0.451618 0.181573 0.48059 0.261495 0.348641 0.710537 0.754909 0.414723 0.695046 0.416086 0.421545 0.561799 0.615584 0.728519 0.0731613 0.430373 0.237708 0.630032 0.73022 0.253906 0.604952 0.449497 0.304264 0.184579 0.384825 0.535666 0.321799 0.153919 0.132605 0.090639 0.266807 0.912979 0.336436 0.974907 0.992158 0.587536 0.169928 0.0139122 0.863091 0.679346 0.293108 0.267325 0.629129 0.629211 0.687887 0.963741 0.802409 0.630818 0.607716 0.657943 0.904093 0.269632 0.58065 0.677978 0.719483 0.42789 0.242704 
0.0308118 0.648304 0.896366 0.999853 0.58408 0.893046 0.886308 0.912628 0.319836 0.0283536 0.548208 0.774534 0.887119 0.755469 0.0121098 0.922635 0.00880409 0.13522 0.986675 0.867119 0.45245 0.235728 0.374349 0.0253897 0.122107 0.407035 0.116475 0.595029 0.942345 0.70662 0.466919 0.290098 0.552414 0.331912 0.787217 0.34289 0.166676 0.395239 0.650354 0.195318 0.976436 0.0861112 0.772382 0.83381 0.902195 0.705287 0.959781 0.980634 0.65642 0.0429663 0.464718 0.573098 0.776701 0.179323 0.895804 0.412053 0.403701 0.23858 0.132341 0.884895 0.915687 0.502391 0.85975 0.679322 
0.873193 0.0929519 0.977709 0.831875 0.898807 0.417132 0.929285 0.510302 0.188218 0.731806 0.246125 0.910388 0.559047 0.411321 0.977282 0.683709 0.977112 0.5972 0.631943 0.480416 0.719084 0.758136 0.753924 0.243298 0.0362099 0.0211491 0.96245 0.00345947 0.601062 0.753858 0.321016 0.570773 0.704389 0.918648 0.83641 0.902368 0.590179 0.0268662 0.80431 0.207011 0.599851 0.967205 0.745835 0.476705 0.498266 0.15856 0.650442 0.0264237 0.819273 0.491988 0.919772 0.291308 0.147476 0.538261 0.288536 0.860133 0.244925 0.180836 0.966241 0.706311 0.243882 0.305731 0.400483 0.152958 
0.737684 0.51169 0.551727 0.628434 0.100436 0.517902 0.0706299 0.0538186 0.834708 0.825434 0.00470795 0.750496 0.204529 0.752808 0.263998 0.920644 0.615486 0.194802 0.943784 0.0589648 0.0667278 0.0411052 0.568097 0.724666 0.208703 0.354515 0.559056 0.0606163 0.0211664 0.789982 0.514626 0.853606 0.893809 0.900109 0.090037 0.479221 0.285021 0.501581 0.863486 0.986194 0.114472 0.612379 0.978906 0.373609 0.211826 0.945681 0.426904 0.0784687 0.371542 0.826895 0.7649 0.523077 0.690831 0.298135 0.305627 0.560838 0.633713 0.86444 0.0278874 0.53525 0.642781 0.0755838 0.655995 0.805451 
0.124142 0.0089272 0.00913367 0.443479 0.673098 0.12652 0.0646812 0.674499 0.201365 0.179347 0.508553 0.576133 0.0206237 0.338662 0.671885 0.266669 0.653443 0.426982 0.951137 0.751522 0.375248 0.930206 0.972217 0.856914 0.814549 0.192858 0.801773 0.491293 0.254432 0.859981 0.300458 0.703609 0.194037 0.23534 0.545059 0.163115 0.231568 0.19349 0.151177 0.622681 0.703563 0.683107 0.539191 0.371347 0.0865248 0.944738 0.535798 0.223738 0.147375 0.139351 0.535629 0.357216 0.0438429 0.447255 0.964103 0.468797 0.275872 0.3748 0.0678805 0.624953 0.422507 0.952249 0.114596 0.778975 
0.868405 0.968747 0.332828 0.99539 0.678295 0.209277 0.97247 0.209285 0.751314 0.385987 0.602318 0.355667 0.685968 0.163552 0.73036 0.838208 0.768066 0.0291864 0.751226 0.872075 0.660198 0.311175 0.0984731 0.0519316 0.761723 0.6146 0.0718164 0.768609 0.856089 0.114647 0.548098 0.00331296 0.391335 0.939135 0.114099 0.203323 0.746606 0.286666 0.587747 0.270875 0.545834 0.879604 0.176756 0.652372 0.402292 0.310271 0.318442 0.533766 0.212411 0.517942 0.872319 0.413323 0.0890991 0.377613 0.332822 0.105656 0.370003 0.227728 0.847904 0.65545 0.302485 0.495164 0.163233 0.274976 
0.41461 0.350634 0.854693 0.233409 0.617964 0.726012 0.362827 0.864722 0.469087 0.941552 0.613051 0.292904 0.532546 0.644005 0.950179 0.654208 0.03422 0.937818 0.270316 0.42966 0.890251 0.0628014 0.918001 0.980264 0.247347 0.171757 0.552678 0.167319 0.486898 0.986486 0.903746 0.561223 0.858421 0.306454 0.491256 0.0192698 0.199335 0.775472 0.684687 0.674587 0.654658 0.680326 0.390203 0.52006 0.688893 0.416218 0.776671 0.153795 0.839524 0.692017 0.872905 0.792646 0.258242 0.802756 0.971547 0.548474 0.393523 0.0705964 0.108548 0.966982 0.985575 0.437806 0.824505 0.854476 
0.447523 0.326406 0.545372 0.114116 0.72395 0.921721 0.837136 0.79391 0.253361 0.536487 0.427322 0.34964 0.341869 0.433766 0.558748 0.578233 0.061344 0.236269 0.586143 0.567562 0.302778 0.417 0.442511 0.783527 0.782893 0.396562 0.399566 0.501762 0.82511 0.0716359 0.992032 0.725895 0.417522 0.157162 0.255198 0.0837445 0.0250764 0.486892 0.360694 0.50059 0.836316 0.191507 0.870656 0.159887 0.243703 0.103737 0.143002 0.64471 0.543495 0.918397 0.0637081 0.588009 0.571312 0.0792886 0.946241 0.872871 0.503737 0.0274296 0.0382355 0.171997 0.225826 0.67809 0.823133 0.35418 
0.285595 0.169295 0.933415 0.378486 0.728539 0.967024 0.958386 0.798007 0.86438 0.606275 0.0555863 0.827681 0.10459 0.455699 0.620424 0.361741 0.750114 0.00192443 0.371841 0.86727 0.955895 0.00240396 0.904451 0.514567 0.502602 0.591611 0.350449 0.696607 0.566116 0.0480583 0.57212 0.285601 0.00860621 0.24155 0.149333 0.921301 0.647875 0.890281 0.464438 0.31167 0.513284 0.119735 0.263906 0.919794 0.864808 0.368652 0.988711 0.441427 0.895094 0.579259 0.403874 0.62858 0.389823 0.214013 0.823611 0.620157 0.535774 0.0837898 0.215551 0.749933 0.0275605 0.194835 0.461275 0.0169273 
0.467386 0.946829 0.0558477 0.0807176 0.207378 0.781968 0.111177 0.829823 0.514277 0.856997 0.260965 0.378374 0.862926 0.752944 0.0288419 0.646128 0.512473 0.308843 0.57428 0.238585 0.174278 0.73815 0.581837 0.71288 0.649592 0.540663 0.41923 0.689168 0.447658 0.854113 0.280331 0.510208 0.843611 0.76481 0.64 0.719381 0.727188 0.436854 0.343698 0.33529 0.373154 0.577792 0.69228 0.797504 0.552817 0.338875 0.254702 0.0454735 0.08099 0.240157 0.99788 0.572646 0.8639 0.241929 0.313925 0.860035 0.171675 0.0263163 0.718439 0.473367 0.220977 0.359104 0.116364 0.369896 
0.0274466 0.468571 0.632582 0.791863 0.438051 0.424726 0.656848 0.386148 0.968906 0.100799 0.911442 0.807078 0.941671 0.665272 0.291507 0.666566 0.608455 0.728457 0.52201 0.298274 0.529355 0.57801 0.227129 0.696382 0.606872 0.0414104 0.784971 0.12869 0.269935 0.17324 0.700432 0.512173 0.503632 0.327334 0.774902 0.136934 0.944901 0.917541 0.0589406 0.088135 0.596883 0.728881 0.58119 0.946017 0.812877 0.239066 0.37398 0.597535 0.453362 0.440558 0.271921 0.704767 0.0963514 0.156949 0.505198 0.532725 0.975601 0.966348 0.899136 0.810351 0.831715 0.804461 0.147601 0.884076 
0.554989 0.171494 0.836666 0.00411354 0.593885 0.284872 0.966096 0.726376 0.227858 0.901432 0.286475 0.266625 0.137075 0.754556 0.515092 0.0687577 0.481655 0.389618 0.0419266 0.919238 0.597176 0.266557 0.598302 0.335791 0.212002 0.949554 0.467296 0.626544 0.413741 0.850394 0.489123 0.157548 0.676153 0.347647 0.648762 0.211468 0.423889 0.00858959 0.422923 0.853382 0.185119 0.481765 0.794748 0.445379 0.160428 0.87566 0.309161 0.323643 0.66339 0.683613 0.360317 0.220357 0.2977 0.807357 0.160774 0.358238 0.968492 0.168494 0.0107776 0.837568 0.54086 0.823547 0.277092 0.676315 
0.863447 0.577346 0.599814 0.865179 0.583691 0.708318 0.663164 0.903787 0.501136 0.131156 0.859951 0.55935 0.268324 0.662947 0.900122 0.97541 0.771461 0.665448 0.916599 0.755947 0.990223 0.0124033 0.0754964 0.200688 0.461829 0.255464 0.790002 0.965037 0.887331 0.736908 0.811776 0.26518 0.641894 0.84148 0.546062 0.170505 0.401432 0.919108 0.00801262 0.0783686 0.307575 0.410244 0.192838 0.896445 0.684691 0.674964 0.520163 0.0816594 0.364164 0.67166 0.640093 0.695174 0.00212257 0.44734 0.127054 0.604917 0.462546 0.655202 0.161832 0.588271 0.23594 0.0777995 0.0533586 0.917174 
0.507494 0.413306 0.304341 0.634746 0.526603 0.459378 0.946784 0.387868 0.709473 0.22971 0.969754 0.352773 0.939037 0.716071 0.892553 0.258049 0.940695 0.34253 0.246039 0.34985 0.446008 0.283957 0.276383 0.453578 0.889138 0.0728618 0.618826 0.344813 0.516648 0.0440939 0.967233 0.454326 0.256255 0.181859 0.48183 0.717245 0.949613 0.280662 0.999387 0.502817 0.474428 0.139548 0.891022 0.975857 0.597737 0.757689 0.83549 0.813255 0.464666 0.368184 0.643707 0.3061 0.968645 0.174155 0.364487 0.365888 0.724103 0.809653 0.2387 0.388414 0.778546 0.232945 0.143853 0.34 
0.967125 0.372796 0.297396 0.535294 0.557708 0.288887 0.896975 0.758935 0.486227 0.8084 0.211518 0.18042 0.0569068 0.980359 0.832978 0.790915 0.383253 0.829714 0.872772 0.917613 0.0819331 0.70814 0.903366 0.780955 0.0113726 0.344446 0.305892 0.296968 0.745314 0.42234 0.0967402 0.775683 0.550454 0.680526 0.492369 0.617038 0.360334 0.557154 0.985473 0.28811 0.51992 0.750853 0.540965 0.191749 0.988932 0.183894 0.160899 0.815683 0.417 0.237544 0.589948 0.129916 0.613074 0.247244 0.778627 0.319243 0.787009 0.773312 0.363996 0.673454 0.94877 0.441339 0.88331 0.359537 
0.233379 0.20024 0.50788 0.127829 0.323453 0.835842 0.0298701 0.330462 0.103752 0.50486 0.92378 0.955928 0.796282 0.170235 0.5899 0.093246 0.650286 0.180744 0.948945 0.204966 0.213338 0.216356 0.428448 0.43915 0.915013 0.1504 0.724151 0.64534 0.010686 0.766173 0.999927 0.965781 0.260021 0.157182 0.275424 0.955566 0.990462 0.371656 0.511365 0.277572 0.361189 0.247592 0.157513 0.927632 0.748388 0.0961118 0.101498 0.341949 0.339581 0.948787 0.518842 0.153201 0.414639 0.925349 0.0326659 0.0168663 0.937021 0.0725604 0.180019 0.0983516 0.812093 0.207844 0.56787 0.243502 
0.920865 0.715046 0.0358292 0.744914 0.356811 0.627966 0.576835 0.439258 0.652476 0.631458 0.29254 0.84966 0.654446 0.201319 0.165597 0.397727 0.354583 0.635079 0.991111 0.416747 0.721451 0.323355 0.7822 0.676422 0.290754 0.86482 0.107769 0.584893 0.81035 0.341124 0.722922 0.955951 0.0358802 0.111985 0.200161 0.904523 0.855622 0.473093 0.650274 0.161185 0.312124 0.996564 0.349714 0.0653312 0.51383 0.535206 0.323131 0.920075 0.160306 0.247642 0.168755 0.357874 0.99944 0.977847 0.319701 0.637347 0.751012 0.590756 0.177371 0.183221 0.850109 0.902782 0.455448 0.42612 
0.92674 0.0327248 0.306589 0.171978 0.111696 0.509667 0.831895 0.281335 0.209965 0.776295 0.0140024 0.365535 0.726589 0.551592 0.279061 0.573847 0.984655 0.923699 0.950011 0.921606 0.650408 0.208215 0.7585 0.186085 0.516052 0.034787 0.330206 0.52908 0.0576886 0.855476 0.86246 0.294764 0.0928236 0.730483 0.470689 0.11384 0.376776 0.762796 0.218902 0.963693 0.974907 0.0477963 0.786294 0.665737 0.0592368 0.181961 0.977688 0.758407 0.386083 0.0698814 0.748092 0.824725 0.25281 0.48918 0.112405 0.625249 0.586549 0.842345 0.210613 0.511305 0.0443218 0.519864 0.69669 0.895338 
0.817418 0.178762 0.130643 0.921858 0.4168 0.362256 0.354266 0.709967 0.356665 0.35799 0.799681 0.792665 0.0109929 0.000154074 0.78484 0.836196 0.229132 0.949965 0.723988 0.536133 0.869077 0.169516 0.380528 0.75364 0.774354 0.482115 0.983828 0.62662 0.499192 0.908108 0.401516 0.0361606 0.369763 0.0318096 0.583059 0.175296 0.452554 0.320904 0.788596 0.785517 0.97971 0.28925 0.742178 0.886552 0.849924 0.725213 0.543654 0.49422 0.190303 0.160112 0.591105 0.429651 0.117818 0.169853 0.974301 0.624533 0.497018 0.683134 0.820172 0.864094 0.760478 0.213227 0.86746 0.89443 
0.720656 0.77996 0.676072 0.455268 0.215265 0.505074 0.313973 0.284446 0.596222 0.430878 0.608105 0.320759 0.219927 0.367973 0.191063 0.337079 0.880472 0.113393 0.442783 0.0612311 0.13908 0.686603 0.632315 0.184289 0.776794 0.282407 0.224823 0.610398 0.0585961 0.571336 0.965689 0.524824 0.201789 0.809405 0.347941 0.731348 0.536229 0.451168 0.345959 0.0672964 0.321384 0.692143 0.908148 0.19704 0.423822 0.382758 0.937868 0.602992 0.492427 0.419218 0.358929 0.704286 0.381875 0.253236 0.171716 0.344285 0.802169 0.48498 0.47519 0.416369 0.963579 0.831672 0.5211 0.897688 
0.424285 0.293766 0.584324 0.490903 0.843924 0.935827 0.512048 0.637947 0.343505 0.895762 0.956768 0.582936 0.0135567 0.56505 0.868738 0.813048 0.314709 0.64884 0.0370586 0.661387 0.554663 0.327296 0.118986 0.429129 0.414244 0.291558 0.940303 0.10932 0.21437 0.671437 0.887954 0.771527 0.0811398 0.393021 0.417622 0.240168 0.551157 0.708668 0.123229 0.0695932 0.670714 0.502119 0.0435155 0.437434 0.707965 0.644272 0.311662 0.603525 0.631779 0.851109 0.977894 0.373373 0.533536 0.516768 0.958102 0.060552 0.58037 0.778443 0.968591 0.965045 0.235015 0.889854 0.232596 0.926254 
0.387785 0.506157 0.285784 0.345557 0.303342 0.652565 0.668475 0.795232 0.693734 0.260434 0.0914987 0.291046 0.304629 0.274455 0.55745 0.439148 0.128923 0.958678 0.278289 0.690614 0.998953 0.599927 0.0316595 0.856352 0.981136 0.644368 0.404029 0.325516 0.371316 0.799077 0.193531 0.302937 0.982667 0.287723 0.97487 0.442604 0.612801 0.566896 0.161996 0.101711 0.988402 0.413006 0.0603937 0.989487 0.901334 0.267725 0.077867 0.0301598 0.953759 0.618402 0.98537 0.132241 0.532001 0.183691 0.810747 0.905434 0.0900257 0.426626 0.129572 0.518844 0.503082 0.82407 0.329389 0.627826 
0.350104 0.182307 0.371161 0.307603 0.895777 0.621357 0.710003 0.643707 0.396661 0.0991244 0.43523 0.784519 0.0520884 0.536123 0.787215 0.702881 0.405043 0.754854 0.817552 0.991994 0.380146 0.429735 0.493913 0.976279 0.883708 0.899089 0.131922 0.295054 0.307082 0.0789337 0.636849 0.538926 0.948334 0.0921891 0.861177 0.477379 0.155051 0.378274 0.06891 0.196503 0.082492 0.968785 0.757996 0.831124 0.0371686 0.110452 0.553533 0.213283 0.618725 0.345117 0.113346 0.002021 0.866541 0.215564 0.574331 0.312648 0.27268 0.888899 0.120339 0.976507 0.412 0.631919 0.536198 0.0595496 
0.517732 0.204609 0.504376 0.608626 0.126012 0.995859 0.0813047 0.41052 0.574107 0.986685 0.998047 0.72242 0.118748 0.275252 0.789381 0.905293 0.0522001 0.265696 0.522769 0.744994 0.592981 0.783646 0.864593 0.126848 0.0619142 0.822751 0.138243 0.601927 0.509151 0.383196 0.548745 0.710309 0.534003 0.641871 0.466327 0.85178 0.961784 0.558771 0.557781 0.596612 0.460041 0.458011 0.337125 0.300225 0.276368 0.106461 0.108085 0.00940189 0.939189 0.0333898 0.491686 0.663263 0.824129 0.716153 0.876172 0.18367 0.436873 0.860979 0.562904 0.896805 0.253944 0.901142 0.123452 0.23459 
0.193819 0.266509 0.400826 0.0345326 0.410116 0.502685 0.59006 0.15442 0.888777 0.562195 0.730098 0.565214 0.544188 0.0538398 0.991696 0.551865 0.387994 0.179543 0.425842 0.958828 0.994684 0.966261 0.23913 0.616052 0.404334 0.938061 0.717956 0.840932 0.0571334 0.346044 0.170349 0.920191 0.51935 0.846197 0.697521 0.810482 0.559933 0.868292 0.458715 0.908725 0.732404 0.902651 0.492792 0.963415 0.7649 0.13852 0.00630501 0.270311 0.894946 0.775003 0.938291 0.355812 0.34812 0.0361838 0.250099 0.67079 0.776864 0.458839 0.694298 0.761626 0.638879 0.667461 0.657235 0.946818 
0.919626 0.891497 0.299282 0.21476 0.364998 0.81579 0.122116 0.613603 0.575995 0.424972 0.617538 0.660296 0.196969 0.427894 0.608726 0.146833 0.62596 0.647976 0.607774 0.402635 0.192856 0.688413 0.322666 0.792833 0.411928 0.574268 0.989315 0.218718 0.62138 0.440674 0.732034 0.268175 0.226497 0.994374 0.771701 0.385408 0.483202 0.829055 0.0458185 0.358321 0.400998 0.584938 0.685536 0.24363 0.981205 0.818743 0.123658 0.784397 0.113353 0.0652252 0.00207685 0.349709 0.0919947 0.33454 0.39244 0.300286 0.584006 0.37342 0.822731 0.758381 0.812161 0.416738 0.546342 0.896621 
0.0728538 0.668656 0.739363 0.590267 0.787236 0.903031 0.0111866 0.886584 0.400244 0.953245 0.704235 0.6507 0.0706724 0.0643662 0.765618 0.727158 0.900223 0.684745 0.0477989 0.621247 0.453028 0.887829 0.135645 0.61371 0.903223 0.313677 0.675292 0.63882 0.658647 0.382243 0.941335 0.777206 0.805259 0.900584 0.840907 0.253756 0.511637 0.468579 0.522582 0.587581 0.241688 0.473976 0.938299 0.52831 0.831505 0.719196 0.889452 0.994889 0.105511 0.329802 0.552795 0.65532 0.660002 0.0227598 0.795716 0.482542 0.291281 0.245117 0.918995 0.0968917 0.0322647 0.413991 0.232292 0.886786 
0.358868 0.87324 0.723009 0.733999 0.869921 0.922777 0.615219 0.292499 0.682285 0.37414 0.111242 0.116499 0.660141 0.890204 0.304587 0.277017 0.752589 0.703809 0.987666 0.737312 0.138059 0.653253 0.257893 0.295873 0.958867 0.483735 0.636788 0.245079 0.605732 0.634305 0.96765 0.450065 0.095455 0.617821 0.147363 0.726105 0.690566 0.685684 0.856633 0.863671 0.476527 0.976193 0.00900167 0.709146 0.961415 0.502083 0.723033 0.846766 0.0787348 0.577148 0.795332 0.31469 0.760368 0.772363 0.878932 0.396314 0.615474 0.961108 0.721501 0.964386 0.639875 0.51139 0.726935 0.657526 
0.17985 0.705544 0.533994 0.826122 0.202149 0.901382 0.0210751 0.960046 0.755505 0.0198832 0.547686 0.318614 0.664828 0.267131 0.923665 0.404134 0.48648 0.886998 0.00294649 0.129397 0.351427 0.865442 0.62249 0.51885 0.549364 0.517952 0.543975 0.91788 0.488583 0.388967 0.606322 0.328102 0.180361 0.360529 0.840253 0.923349 0.53992 0.898409 0.252386 0.410828 0.785638 0.0475999 0.387259 0.30044 0.402884 0.626581 0.811026 0.261684 0.906976 0.524176 0.557059 0.119064 0.387908 0.176099 0.752911 0.443191 0.00203558 0.311067 0.611612 0.0668507 0.715849 0.0723239 0.345747 0.0967482 
0.409663 0.457229 0.139665 0.894327 0.885453 0.0149428 0.359126 0.00896271 0.14241 0.794609 0.887288 0.386459 0.586288 0.961281 0.849453 0.822225 0.173494 0.768361 0.993067 0.443787 0.0560446 0.172768 0.947547 0.506971 0.640889 0.930985 0.141064 0.287615 0.261149 0.914912 0.402349 0.29197 0.353847 0.732288 0.631636 0.429293 0.845426 0.174692 0.484017 0.139482 0.160341 0.104802 0.324858 0.59707 0.60479 0.804995 0.0320593 0.879429 0.735545 0.351584 0.71194 0.227185 0.0946012 0.725895 0.325832 0.774817 0.00957965 0.943854 0.100379 0.378687 0.122859 0.871384 0.142814 0.986091 
0.384489 0.308725 0.348928 0.273232 0.0442657 0.747873 0.485129 0.296791 0.933122 0.764118 0.733214 0.77437 0.433783 0.0796905 0.402116 0.87321 0.266047 0.604757 0.826538 0.934767 0.900804 0.917717 0.948463 0.388484 0.990803 0.365994 0.293795 0.696665 0.392932 0.207492 0.929403 0.756006 0.778498 0.51793 0.603507 0.64019 0.0944387 0.935684 0.308651 0.806493 0.593 0.728241 0.823465 0.539024 0.00991818 0.586352 0.281249 0.698025 0.961175 0.893587 0.75843 0.457072 0.32366 0.919028 0.541243 0.827343 0.592082 0.570553 0.409165 0.264536 0.474891 0.632043 0.912719 0.525182 
0.901847 0.62732 0.732281 0.00560318 0.141881 0.134749 0.0237509 0.520448 0.253478 0.177633 0.977948 0.0685329 0.0553994 0.451445 0.88429 0.0737935 0.63885 0.123757 0.439465 0.844214 0.872222 0.0498113 0.847966 0.104583 0.754925 0.161922 0.239096 0.465083 0.498436 0.779298 0.0269215 0.231987 0.374466 0.100691 0.470457 0.339678 0.427219 0.934434 0.136805 0.661035 0.586272 0.0780045 0.598883 0.137295 0.261228 0.347094 0.793344 0.720202 0.300973 0.730928 0.626403 0.0905315 0.729692 0.427889 0.196195 0.016029 0.109131 0.00661689 0.264996 0.0057131 0.731569 0.384715 0.349672 0.390624 
0.468763 0.346108 0.592483 0.130525 0.663958 0.68644 0.202292 0.514065 0.843443 0.209176 0.198596 0.792431 0.36867 0.51163 0.242239 0.206977 0.656649 0.0749062 0.38353 0.0975073 0.999391 0.268563 0.479144 0.820379 0.877769 0.462825 0.567156 0.65578 0.964635 0.115985 0.219052 0.113205 0.98974 0.607424 0.122756 0.113599 0.418086 0.939513 0.524334 0.0688537 0.630376 0.899757 0.448527 0.795856 0.831272 0.348095 0.208625 0.195627 0.931443 0.0909013 0.469846 0.419369 0.902446 0.697878 0.229272 0.437256 0.118869 0.731436 0.0489544 0.595726 0.342 0.30434 0.882923 0.24967 
0.966824 0.269073 0.0712381 0.303063 0.0856108 0.863378 0.616014 0.0528072 0.0195633 0.2382 0.83775 0.299541 0.062177 0.788919 0.342645 0.812375 0.920949 0.196602 0.672708 0.515208 0.655246 0.947503 0.71669 0.738467 0.467128 0.649071 0.886972 0.139961 0.125175 0.0158409 0.807731 0.781371 0.203265 0.203914 0.159839 0.845056 0.985742 0.213356 0.913875 0.138066 0.726495 0.597093 0.328986 0.6045 0.476989 0.112765 0.837099 0.716874 0.723896 0.752114 0.295163 0.540922 0.298291 0.0529148 0.215964 0.360668 0.361027 0.580437 0.158921 0.348195 0.0665373 0.0873135 0.0867224 0.0975128 
0.0734095 0.289965 0.448212 0.316265 0.70711 0.82789 1.64782e-05 0.461016 0.876056 0.100474 0.755406 0.0810681 0.687251 0.226637 0.353071 0.515206 0.900675 0.729365 0.117225 0.854946 0.800702 0.571749 0.77031 0.517619 0.231285 0.547631 0.850107 0.858091 0.306263 0.0491042 0.572733 0.212818 0.273572 0.722027 0.901267 0.695669 0.1817 0.424225 0.39737 0.912271 0.085651 0.957739 0.729671 0.915541 0.103735 0.681763 0.152785 0.798721 0.481223 0.725852 0.0721237 0.649162 0.122267 0.0452329 0.998934 0.254692 0.339482 0.745521 0.463478 0.175926 0.914727 0.0593755 0.653101 0.384037 
0.233433 0.409055 0.581226 0.163302 0.888855 0.776188 0.502217 0.540684 0.976026 0.372101 0.860359 0.950032 0.643208 0.739915 0.234214 0.595178 0.888078 0.0560302 0.93663 0.148145 0.503063 0.328593 0.286388 0.333093 0.451038 0.957209 0.972166 0.10182 0.930208 0.92254 0.999654 0.939421 0.115239 0.064222 0.725159 0.363437 0.810852 0.656075 0.239025 0.621914 0.805058 0.471957 0.426925 0.24072 0.169102 0.387683 0.713208 0.450596 0.88105 0.215414 0.475678 0.189638 0.347212 0.256521 0.314777 0.0246886 0.41804 0.62194 0.156481 0.170615 0.506612 0.227142 0.786232 0.746845 
0.802948 0.985223 0.702225 0.656821 0.668359 0.648514 0.589099 0.54861 0.318857 0.811909 0.430753 0.223338 0.238681 0.679056 0.366017 0.493948 0.956885 0.360219 0.736491 0.385484 0.409332 0.449607 0.401458 0.0813152 0.0426816 0.559814 0.178472 0.766596 0.237428 0.63011 0.972626 0.0308949 0.264482 0.704258 0.251572 0.103631 0.768231 0.792142 0.769441 0.0924495 0.986804 0.51645 0.605211 0.606222 0.0238364 0.330085 0.487793 0.971753 0.593311 0.207176 0.621812 0.139647 0.902977 0.27746 0.56501 0.23229 0.982241 0.730001 0.560669 0.152354 0.433622 0.507691 0.375275 0.158937 
0.414594 0.0225019 0.735805 0.851267 0.312326 0.482517 0.433024 0.512143 0.205707 0.821556 0.571354 0.476473 0.557842 0.288491 0.652082 0.186311 0.834205 0.0998429 0.658791 0.935736 0.974801 0.293976 0.0438502 0.923947 0.63883 0.0674865 0.129375 0.454159 0.262016 0.0669354 0.524687 0.066527 0.373135 0.0858579 0.890229 0.146606 0.570029 0.188102 0.603462 0.943517 0.588379 0.92148 0.907888 0.0449506 0.931889 0.252929 0.85651 0.439658 0.797757 0.713287 0.396135 0.994514 0.612912 0.762647 0.609605 0.659115 0.922385 0.7636 0.00804371 0.858569 0.992607 0.632936 0.498835 0.25209 
0.989776 0.299063 0.0309242 0.921702 0.521113 0.958814 0.441804 0.0571468 0.899967 0.381274 0.954728 0.631275 0.84438 0.69672 0.155604 0.701796 0.757147 0.327608 0.0100783 0.344035 0.613029 0.568757 0.616779 0.512099 0.387792 0.194214 0.00857006 0.426779 0.860909 0.04296 0.983974 0.467473 0.84406 0.0571522 0.975686 0.482822 0.186542 0.47201 0.719203 0.655511 0.549558 0.878265 0.365817 0.502711 0.136989 0.745332 0.24467 0.731032 0.774971 0.172874 0.474816 0.106844 0.663975 0.892971 0.682524 0.935547 0.818628 0.637091 0.724162 0.79113 0.0765342 0.198866 0.737626 0.599903 
0.672383 0.65483 0.260448 0.681245 0.985268 0.449354 0.720854 0.985507 0.582054 0.711298 0.826735 0.207081 0.448986 0.0546746 0.565602 0.971223 0.473411 0.922293 0.359713 0.300129 0.391063 0.953637 0.121717 0.0447554 0.942488 0.855629 0.904574 0.948008 0.346551 0.428352 0.137446 0.688544 0.983639 0.806592 0.479545 0.570078 0.123244 0.206182 0.334821 0.266351 0.372098 0.954821 0.77388 0.528508 0.792735 0.438679 0.60719 0.329 0.00895874 0.0206339 0.186789 0.320693 0.497614 0.551085 0.889309 0.865224 0.381209 0.0741882 0.509712 0.553654 0.339335 0.976645 0.417677 0.155089 
0.64315 0.388269 0.714338 0.355321 0.169482 0.287332 0.845548 0.740425 0.0376893 0.510583 0.896428 0.179688 0.834202 0.82784 0.397209 0.149797 0.400054 0.125506 0.4848 0.725356 0.1527 0.413651 0.167133 0.634385 0.437172 0.668927 0.895508 0.38298 0.817799 0.0775883 0.446592 0.0187222 0.806886 0.199015 0.638635 0.899733 0.854165 0.0830609 0.875877 0.80028 0.591598 0.119632 0.325993 0.104221 0.475888 0.401255 0.331206 0.799776 0.989813 0.034237 0.256455 0.529262 0.437572 0.237363 0.188302 0.568797 0.402512 0.296531 0.585827 0.182079 0.62029 0.584061 0.509514 0.821799 
0.251145 0.898062 0.759846 0.433654 0.746677 0.0423112 0.368948 0.0890831 0.0485739 0.757755 0.0268212 0.235545 0.49857 0.321715 0.383977 0.0826418 0.134134 0.801064 0.58204 0.938897 0.604767 0.948021 0.300849 0.654731 0.864297 0.33182 0.561692 0.587171 0.378707 0.358662 0.9755 0.989733 0.138069 0.845401 0.951702 0.0635084 0.484851 0.090101 0.983275 0.27463 0.902178 0.189392 0.720368 0.796451 0.21389 0.732311 0.304956 0.330136 0.984486 0.847274 0.475309 0.841447 0.673711 0.658165 0.503455 0.66504 0.81084 0.251062 0.263111 0.666338 0.292005 0.682935 0.440125 0.658109 
0.406612 0.643698 0.363703 0.576619 0.892572 0.701864 0.519727 0.441002 0.618285 0.552207 0.244639 0.80029 0.223786 0.176712 0.806798 0.2521 0.413783 0.940685 0.66623 0.174461 0.280882 0.156039 0.145571 0.136481 0.745484 0.934582 0.841237 0.463825 0.368257 0.794215 0.315582 0.733675 0.28162 0.489311 0.436535 0.240056 0.0740521 0.625328 0.829687 0.25295 0.754237 0.687813 0.707311 0.65806 0.910835 0.251778 0.862517 0.934956 0.560434 0.193052 0.904625 0.707702 0.812732 0.923712 0.706701 0.428848 0.304692 0.316787 0.409945 0.723997 0.774689 0.148273 0.27481 0.906082 
0.87701 0.283251 0.691641 0.431502 0.221913 0.945901 0.458703 0.0320642 0.355005 0.970158 0.995782 0.991069 0.95314 0.00227934 0.62707 0.0937168 0.863316 0.465118 0.0412405 0.100616 0.544952 0.0115747 0.522958 0.751185 0.0771565 0.169918 0.123437 0.0949757 0.918147 0.509726 0.239398 0.392597 0.173541 0.663704 0.722705 0.172157 0.856343 0.475498 0.29872 0.241442 0.675938 0.718549 0.385504 0.299331 0.320117 0.948159 0.965672 0.994471 0.310396 0.669049 0.309318 0.021858 0.916992 0.273455 0.421517 0.478883 0.444277 0.722185 0.211083 0.697267 0.497175 0.841823 0.194352 0.118486 
0.0684201 0.373651 0.395612 0.737228 0.89092 0.781431 0.360495 0.812282 0.198743 0.902808 0.351365 0.724689 0.870724 0.149687 0.135498 0.762867 0.21965 0.329581 0.833931 0.301136 0.633375 0.0251961 0.197345 0.390719 0.147195 0.13241 0.480276 0.0467392 0.995047 0.718283 0.918924 0.726399 0.771403 0.473506 0.95061 0.918385 0.192914 0.590265 0.5427 0.120649 0.504205 0.595393 0.63757 0.200232 0.279768 0.914369 0.0835908 0.574866 0.444554 0.758342 0.933127 0.990199 0.123408 0.307551 0.437774 0.43181 0.377342 0.374187 0.328652 0.508359 0.414038 0.397693 0.863952 0.887914 
0.943422 0.367752 0.815887 0.934619 0.506654 0.282037 0.626142 0.0301473 0.945805 0.386126 0.641135 0.217969 0.371907 0.790842 0.178599 0.797332 0.450272 0.818328 0.377455 0.683794 0.294207 0.904855 0.75262 0.808586 0.324583 0.182133 0.499341 0.857475 0.96728 0.524622 0.124722 0.861099 0.465632 0.497792 0.953004 0.550136 0.59521 0.212083 0.87453 0.214963 0.642251 0.702115 0.832363 0.496704 0.62264 0.420933 0.944135 0.613799 0.557306 0.879583 0.693281 0.53152 0.517331 0.698529 0.595408 0.631875 0.277201 0.656013 0.421173 0.872754 0.324227 0.597294 0.300055 0.045202 
0.333589 0.238808 0.360595 0.500437 0.617111 0.738073 0.0516065 0.637596 0.7133 0.955511 0.730847 0.0269013 0.616127 0.246367 0.441906 0.338803 0.216977 0.109422 0.721095 0.958118 0.830575 0.920528 0.182464 0.891548 0.934032 0.862204 0.0696904 0.789794 0.671883 0.747085 0.851673 0.341644 0.677639 0.827905 0.648666 0.826041 0.43138 0.829705 0.79168 0.578163 0.628836 0.582739 0.363312 0.266742 0.0414494 0.239511 0.166139 0.731045 0.938865 0.197123 0.794565 0.406853 0.996038 0.128655 0.552951 0.764778 0.542195 0.887337 0.957004 0.18191 0.383914 0.790563 0.556324 0.646799 
0.0921447 0.0200961 0.260645 0.613598 0.297605 0.615289 0.164616 0.692761 0.142803 0.23705 0.774657 0.0150181 0.370836 0.0852776 0.773299 0.393 0.883586 0.558401 0.127364 0.891774 0.0473008 0.0164604 0.313983 0.80009 0.568179 0.097654 0.925675 0.0964577 0.633087 0.0636726 0.836305 0.776204 0.585807 0.961376 0.159359 0.46539 0.714249 0.24445 0.111403 0.492561 0.811612 0.730576 0.0497822 0.38262 0.606884 0.238394 0.592695 0.180546 0.695093 0.383965 0.756347 0.748307 0.479958 0.482793 0.0424304 0.478202 0.524509 0.390563 0.889612 0.538451 0.493311 0.518828 0.28907 0.153516 
0.696026 0.450438 0.423818 0.100262 0.351062 0.778239 0.773577 0.145925 0.00152111 0.162258 0.234234 0.118715 0.957339 0.111321 0.128863 0.63557 0.665854 0.00122199 0.209446 0.591751 0.705343 0.785107 0.668987 0.600036 0.480146 0.476093 0.407364 0.958614 0.205768 0.284328 0.112974 0.47388 0.891511 0.911974 0.112192 0.756616 0.121416 0.998895 0.322462 0.468252 0.586216 0.540194 0.362373 0.629511 0.789032 0.335274 0.900074 0.0784204 0.849674 0.52262 0.418054 0.301878 0.624386 0.888585 0.173182 0.86071 0.643066 0.787538 0.402106 0.666447 0.568155 0.937529 0.529937 0.681903 
0.391447 0.734542 0.562336 0.211503 0.46958 0.42093 0.818419 0.258262 0.714087 0.938719 0.747709 0.210962 0.443084 0.457616 0.57194 0.726562 0.159361 0.289855 0.715593 0.20895 0.0794826 0.32704 0.878545 0.0959978 0.20415 0.490747 0.476905 0.756267 0.980743 0.761857 0.2452 0.518115 0.603615 0.248091 0.0729054 0.28435 0.917589 0.817996 0.675925 0.338634 0.916486 0.78099 0.941172 0.11966 0.106857 0.605082 0.13562 0.764436 0.901343 0.243273 0.0784192 0.721754 0.836771 0.0378859 0.168139 0.875226 0.564721 0.165138 0.780002 0.79525 0.6963 0.588422 0.0556192 0.725508 
0.27071 0.909516 0.744978 0.379274 0.800126 0.338303 0.465962 0.160639 0.211905 0.569569 0.965161 0.978173 0.947996 0.61167 0.223066 0.354285 0.772291 0.970109 0.135457 0.92392 0.506317 0.101514 0.365242 0.698855 0.370493 0.78145 0.701389 0.595583 0.417534 0.308223 0.381565 0.192325 0.153637 0.0657055 0.990353 0.376971 0.0744698 0.0795911 0.456576 0.659435 0.240935 0.202449 0.808081 0.522064 0.416557 0.908564 0.761217 0.0420271 0.835085 0.673522 0.42997 0.211469 0.829223 0.603146 0.993432 0.672796 0.635087 0.813624 0.821275 0.451269 0.180041 0.938287 0.585103 0.524961 
0.414524 0.1138 0.0356149 0.869269 0.43064 0.989333 0.209234 0.771434 0.470963 0.042037 0.0359695 0.0946962 0.610486 0.92013 0.383049 0.657737 0.198202 0.736254 0.611214 0.524014 0.660429 0.316563 0.453197 0.658221 0.438255 0.0422286 0.140582 0.256798 0.275028 0.591696 0.648049 0.0380128 0.379207 0.833178 0.61568 0.0367104 0.643444 0.6576 0.68405 0.0462414 0.973797 0.476502 0.655788 0.875193 0.254009 0.0273363 0.691021 0.939489 0.494683 0.735003 0.91624 0.204546 0.42804 0.960317 0.885967 0.583361 0.260291 0.69308 0.511377 0.409532 0.314598 0.240797 0.495536 0.408829 
0.971095 0.427124 0.0222241 0.16327 0.56295 0.437231 0.0360173 0.574168 0.0480281 0.817575 0.726463 0.828529 0.867269 0.246801 0.825178 0.768718 0.683973 0.899227 0.649127 0.321648 0.687903 0.705482 0.540061 0.803974 0.600861 0.344351 0.110876 0.249276 0.674189 0.990901 0.0232677 0.353642 0.51798 0.496681 0.889565 0.64149 0.601046 0.758208 0.734097 0.0510551 0.307666 0.15873 0.367974 0.789329 0.175534 0.0698057 0.564759 0.129842 0.869941 0.222768 0.602062 0.398606 0.798503 0.135868 0.612381 0.30422 0.290038 0.743369 0.631665 0.609512 0.852077 0.999679 0.370162 0.270178 
