21.0006 0111001000111111000100010100100011101001101111011111100000011011000111111101111100111100100110111001
77.9779 0101011000011001111110101011101110000111100101001011110110001110101001001001101110010110000000110111
0.997185 0.932557 0.128124 0.999041 0.236089 0.396581 0.387911 0.669746 0.935539 0.846311 0.313274 0.524548 0.443453 0.229577 0.534414 0.913962 0.457205 0.430699 0.939128 0.778389 0.715971 0.802758 0.0928008 0.518153 0.86502 0.829147 0.829603 0.27305 0.0592432 0.670528 0.593066 0.671654 0.411788 0.197551 0.28963 0.14212 0.783314 0.412539 0.0341713 0.62403 0.660636 0.298495 0.446135 0.222125 0.0733642 0.469239 0.0961723 0.90337 0.11949 0.524799 0.083623 0.916861 0.910448 0.29893 0.584389 0.565912 0.613938 0.956536 0.260979 0.231015 0.533448 0.949938 0.49306 0.540601 
0.765485 0.0453457 0.139966 0.792404 0.0298014 0.883125 0.540788 0.44798 0.892136 0.377584 0.538425 0.652299 0.361261 0.571009 0.637836 0.126315 0.690205 0.647749 0.353939 0.763233 0.356532 0.752788 0.881342 0.0116692 0.498109 0.073792 0.786951 0.0640673 0.35531 0.941837 0.379803 0.76292 0.771595 0.301361 0.772739 0.15293 0.578634 0.009008 0.709043 0.470641 0.764593 0.467393 0.269001 0.831693 0.551325 0.0700815 0.472475 0.742765 0.191956 0.464312 0.230363 0.508248 0.208568 0.0493042 0.518862 0.172278 0.396313 0.107365 0.50981 0.102135 0.288718 0.231758 0.967668 0.278319 
0.233623 0.0915564 0.570067 0.417927 0.367843 0.812995 0.28976 0.717392 0.612948 0.42691 0.751873 0.427813 0.428382 0.361904 0.153338 0.93719 0.91641 0.781958 0.616329 0.0359994 0.654324 0.12977 0.294359 0.360815 0.274645 0.073969 0.152137 0.161619 0.938712 0.371134 0.0500181 0.740956 0.29868 0.204358 0.981757 0.893021 0.759349 0.651121 0.0396835 0.813876 0.762573 0.455282 0.531826 0.109336 0.146033 0.508789 0.21565 0.916444 0.462153 0.132267 0.764242 0.212734 0.0742584 0.0954192 0.162206 0.356464 0.0953078 0.143263 0.931013 0.576584 0.839645 0.623292 0.324518 0.728012 
0.522737 0.736811 0.165406 0.687058 0.426811 0.728557 0.756335 0.397611 0.9252 0.20351 0.00800271 0.926351 0.294512 0.166952 0.0241016 0.452002 0.808339 0.368377 0.609207 0.0348477 0.354577 0.07852 0.693185 0.0127127 0.459545 0.961317 0.334185 0.472083 0.105391 0.503076 0.88569 0.534377 0.281477 0.354585 0.89628 0.241489 0.0238841 0.965727 0.429968 0.346289 0.577068 0.126526 0.950043 0.313611 0.952831 0.218393 0.2487 0.863802 0.235268 0.8151 0.543897 0.19126 0.58884 0.0481368 0.015873 0.049711 0.399415 0.576904 0.867517 0.786162 0.254703 0.0822549 0.157756 0.209493 
0.417383 0.34769 0.699884 0.697509 0.0747239 0.0364697 0.7894 0.900529 0.00466331 0.264203 0.467377 0.359816 0.240218 0.0231687 0.531668 0.130195 0.561459 0.167831 0.421075 0.684688 0.2739 0.00999973 0.219866 0.0319562 0.934872 0.782092 0.517594 0.0164628 0.2988 0.54072 0.859884 0.185114 0.0835463 0.0442723 0.443808 0.0193188 0.0670321 0.811772 0.636291 0.77285 0.705682 0.238211 0.0444179 0.281217 0.86509 0.0731233 0.660332 0.187379 0.522287 0.903879 0.475153 0.847022 0.838779 0.13928 0.540305 0.467085 0.218683 0.440828 0.480278 0.333284 0.00891268 0.505464 0.673147 0.0554593 
0.15758 0.605103 0.319224 0.890517 0.790374 0.217499 0.200209 0.68044 0.156217 0.510361 0.988065 0.144692 0.0483 0.899064 0.71533 0.310328 0.39294 0.0807837 0.352121 0.00101328 0.62463 0.200271 0.625112 0.321452 0.0473182 0.723365 0.759252 0.406304 0.704335 0.585359 0.969565 0.303878 0.313755 0.226462 0.672335 0.778922 0.512662 0.615265 0.0456612 0.4461 0.968013 0.35956 0.554032 0.411354 0.966047 0.203058 0.992827 0.6592 0.809077 0.458151 0.887308 0.533934 0.577279 0.917498 0.314147 0.726138 0.805236 0.480063 0.487574 0.84141 0.555528 0.269881 0.486743 0.275846 
0.22539 0.646754 0.921134 0.200475 0.879853 0.465808 0.72498 0.302871 0.489007 0.203674 0.0886163 0.16569 0.502997 0.787581 0.903602 0.219524 0.738131 0.257803 0.564209 0.13243 0.372088 0.0828555 0.505726 0.694407 0.456978 0.361275 0.816008 0.0458115 0.387828 0.458523 0.735732 0.909637 0.277405 0.817768 0.656316 0.0112803 0.735354 0.603495 0.680019 0.58396 0.573521 0.361017 0.9587 0.986943 0.387135 0.83618 0.982142 0.585353 0.670932 0.0862565 0.991451 0.7795 0.994365 0.65369 0.0374279 0.719089 0.688116 0.608813 0.106211 0.280685 0.776215 0.890166 0.510599 0.715708 
0.0777789 0.615304 0.837804 0.696005 0.555059 0.86119 0.745322 0.264549 0.999769 0.573732 0.639059 0.4897 0.889375 0.87451 0.84779 0.647724 0.585579 0.281583 0.991654 0.799661 0.501636 0.772315 0.12428 0.921018 0.0448366 0.228605 0.842486 0.305572 0.484322 0.650054 0.143943 0.305798 0.88692 0.886842 0.515217 0.267088 0.880343 0.497983 0.333439 0.894697 0.204483 0.819605 0.838838 0.522796 0.161938 0.948977 0.0594491 0.886499 0.574344 0.378847 0.640905 0.127807 0.406703 0.35641 0.151156 0.856473 0.102008 0.953121 0.166814 0.439404 0.160416 0.879272 0.47845 0.399153 
0.27547 0.0516412 0.138715 0.778638 0.178053 0.583439 0.928124 0.107664 0.452644 0.155992 0.304211 0.764124 0.626922 0.711095 0.193461 0.0684311 0.879656 0.319849 0.60448 0.95521 0.415792 0.195892 0.166028 0.624807 0.0562937 0.328553 0.980412 0.771597 0.209332 0.585282 0.439788 0.613554 0.319971 0.1119 0.313015 0.993938 0.165774 0.46292 0.635517 0.037088 0.253274 0.870213 0.139631 0.018071 0.689714 0.871078 0.355508 0.396799 0.862912 0.932257 0.450759 0.974991 0.697937 0.75361 0.577774 0.134606 0.807699 0.104669 0.335511 0.564364 0.622589 0.458101 0.812855 0.248261 
0.422766 0.805611 0.548123 0.247527 0.0107718 0.24692 0.24987 0.615763 0.261934 0.524276 0.380255 0.0360897 0.843606 0.449966 0.976481 0.0574472 0.163089 0.182594 0.541293 0.272699 0.493268 0.733943 0.184755 0.920697 0.660063 0.690075 0.168086 0.685754 0.601804 0.654961 0.517694 0.0694845 0.473837 0.484744 0.617898 0.100721 0.0282695 0.0679686 0.375883 0.772834 0.407131 0.934955 0.532677 0.44641 0.328819 0.344065 0.047464 0.448608 0.903231 0.881428 0.812956 0.960228 0.306551 0.928267 0.0449278 0.360133 0.0760176 0.925426 0.338023 0.79098 0.749122 0.46583 0.0823261 0.199965 
0.0761692 0.892464 0.720971 0.447687 0.576449 0.201467 0.720518 0.847344 0.568554 0.606442 0.900273 0.893316 0.60038 0.784025 0.788337 0.980759 0.686563 0.919947 0.069396 0.531458 0.5841 0.386633 0.26126 0.449316 0.547591 0.845923 0.815795 0.261264 0.982056 0.928058 0.335672 0.704562 0.649134 0.208791 0.744471 0.977718 0.415604 0.0915583 0.261298 0.228855 0.831441 0.526814 0.0326995 0.760843 0.423374 0.177009 0.701239 0.597598 0.275584 0.0618401 0.704884 0.358194 0.723237 0.526975 0.0949421 0.356454 0.909984 0.178666 0.192428 0.201307 0.122154 0.629671 0.949955 0.0400954 
0.464233 0.0697029 0.593844 0.59858 0.350454 0.261992 0.313324 0.90491 0.404988 0.706368 0.550539 0.450138 0.462996 0.1033 0.950032 0.125496 0.131214 0.160427 0.870082 0.987102 0.938849 0.382036 0.482247 0.669888 0.812798 0.918039 0.0876596 0.128513 0.735464 0.962871 0.567131 0.947215 0.856924 0.703499 0.180116 0.619334 0.558079 0.0625091 0.439119 0.859965 0.0106279 0.0851599 0.428749 0.587465 0.859552 0.614593 0.532419 0.836449 0.744061 0.327867 0.244692 0.654546 0.608783 0.0680678 0.386599 0.536384 0.892901 0.939331 0.2181 0.561832 0.134154 0.708817 0.153213 0.00254654 
0.0140036 0.217611 0.904846 0.0632715 0.292299 0.145026 0.651545 0.143707 0.310968 0.954782 0.917505 0.848547 0.525272 0.096774 0.146325 0.415103 0.524872 0.282037 0.262218 0.456978 0.396003 0.729957 0.00600753 0.61372 0.0311966 0.0627102 0.257612 0.591889 0.0882067 0.861043 0.0724649 0.328781 0.81057 0.933149 0.246993 0.554556 0.56048 0.477248 0.449832 0.935863 0.390073 0.0468758 0.255708 0.432552 0.294153 0.541572 0.760635 0.906792 0.771671 0.564868 0.171437 0.425665 0.749198 0.0329608 0.482098 0.521726 0.537513 0.163177 0.638078 0.236199 0.15681 0.388616 0.502657 0.165633 
0.556938 0.810447 0.136345 0.775352 0.982249 0.942545 0.339231 0.693087 0.662162 0.827978 0.846496 0.555046 0.673246 0.498583 0.00797789 0.712066 0.508476 0.190539 0.861092 0.813734 0.721225 0.0603315 0.0106782 0.982796 0.60831 0.00118207 0.471005 0.538985 0.561326 0.92211 0.650901 0.063536 0.305026 0.491718 0.411547 0.317865 0.488282 0.0627156 0.113297 0.948837 0.751886 0.101407 0.584938 0.907533 0.643294 0.664543 0.225004 0.0814475 0.090988 0.00384382 0.957428 0.0647924 0.764933 0.545755 0.499811 0.0875481 0.0130145 0.064872 0.00931906 0.972104 0.14884 0.599692 0.411833 0.737848 
0.63654 0.920947 0.674172 0.228418 0.436192 0.511046 0.97172 0.00255917 0.0648392 0.846513 0.945479 0.766003 0.65116 0.815088 0.00229683 0.252872 0.330269 0.100652 0.645129 0.825311 0.355245 0.216428 0.475496 0.223543 0.367363 0.738999 0.460742 0.0712996 0.335148 0.610065 0.702423 0.869807 0.00551083 0.298707 0.749143 0.863316 0.8967 0.399194 0.438245 0.387023 0.225082 0.14768 0.00258749 0.766219 0.979577 0.826033 0.185735 0.762506 0.189207 0.340227 0.608595 0.689795 0.388097 0.269398 0.944259 0.304447 0.58453 0.424555 0.342557 0.417049 0.760839 0.86255 0.515751 0.291348 
0.21509 0.95814 0.997802 0.54979 0.747382 0.736056 0.299906 0.858737 0.342195 0.793313 0.473951 0.256894 0.0956316 0.105734 0.262925 0.396453 0.740478 0.317931 0.495554 0.855452 0.99148 0.047518 0.100038 0.225726 0.35834 0.141959 0.784811 0.372465 0.0618417 0.724032 0.349729 0.4888 0.707032 0.542847 0.249791 0.752822 0.427213 0.941079 0.967517 0.0321956 0.47858 0.0813469 0.421842 0.150522 0.55696 0.6644 0.949377 0.336973 0.50841 0.87511 0.2512 0.64814 0.164723 0.352644 0.791257 0.0427183 0.633724 0.764163 0.815824 0.453434 0.711606 0.161523 0.617359 0.871365 
0.882084 0.429675 0.273736 0.848296 0.252929 0.084629 0.442701 0.515021 0.0644064 0.456559 0.289386 0.510328 0.405986 0.964581 0.526782 0.173998 0.366335 0.354962 0.402277 0.958437 0.977091 0.942021 0.705621 0.0286223 0.408526 0.931111 0.827084 0.659759 0.259557 0.505096 0.677517 0.609658 0.496753 0.0120788 0.470816 0.266043 0.69416 0.542451 0.786911 0.57547 0.699374 0.836862 0.529454 0.951464 0.312523 0.750524 0.518354 0.0792298 0.300392 0.624828 0.647319 0.0718251 0.396722 0.0578115 0.511597 0.184451 0.744074 0.415486 0.316162 0.644469 0.648464 0.724999 0.895496 0.380957 
0.471695 0.847239 0.864218 0.217997 0.62542 0.41145 0.591436 0.548373 0.297853 0.792971 0.514763 0.263826 0.64531 0.660929 0.434488 0.43414 0.179209 0.650436 0.913288 0.0514051 0.734191 0.328118 0.907629 0.0844924 0.0555235 0.525908 0.937509 0.969981 0.234356 0.850914 0.656932 0.645423 0.855358 0.931057 0.438093 0.0527132 0.547494 0.202117 0.85331 0.721343 0.931012 0.485215 0.923396 0.888721 0.0898031 0.966785 0.133981 0.426328 0.858828 0.454268 0.1289 0.308793 0.470802 0.693147 0.639273 0.295594 0.348348 0.131047 0.514817 0.607738 0.205722 0.992568 0.142178 0.718765 
0.647367 0.798854 0.613725 0.726182 0.536337 0.647552 0.322653 0.476402 0.02622 0.425571 0.957837 0.840763 0.932998 0.309126 0.67762 0.609057 0.204431 0.165722 0.299627 0.537346 0.340003 0.484226 0.86837 0.8009 0.54662 0.181609 0.700848 0.783241 0.440239 0.825642 0.391217 0.928511 0.0508941 0.49029 0.873173 0.853793 0.796316 0.504733 0.820747 0.486284 0.847719 0.750862 0.427643 0.125319 0.474654 0.0791385 0.888156 0.0529573 0.839046 0.366512 0.922317 0.810765 0.879357 0.150184 0.858762 0.799128 0.61154 0.846907 0.810181 0.112778 0.411084 0.883795 0.956684 0.474168 
0.267912 0.837249 0.947571 0.192349 0.105189 0.0962682 0.436896 0.109961 0.571274 0.325464 0.1041 0.636677 0.677059 0.589997 0.403023 0.967264 0.201434 0.504989 0.276423 0.82829 0.243538 0.0475696 0.141115 0.0821986 0.335551 0.421406 0.705305 0.129384 0.780924 0.261559 0.122429 0.980042 0.499203 0.224212 0.282313 0.981992 0.782339 0.00660737 0.00927329 0.514514 0.397832 0.199675 0.450026 0.116076 0.177306 0.669736 0.689406 0.242512 0.342127 0.809564 0.806592 0.550979 0.290738 0.98139 0.423094 0.700061 0.867988 0.972268 0.199411 0.110286 0.487126 0.56205 0.000589101 0.565125 
0.133773 0.289887 0.980895 0.887493 0.943091 0.0581374 0.599987 0.0706852 0.354935 0.722448 0.0765273 0.429816 0.379116 0.41593 0.619116 0.642831 0.360942 0.888396 0.264154 0.0641933 0.142168 0.275837 0.572087 0.249483 0.183761 0.949072 0.952347 0.107123 0.629883 0.267595 0.075623 0.314097 0.659667 0.0869677 0.567401 0.515294 0.283744 0.418412 0.502573 0.552711 0.395849 0.707805 0.871361 0.686625 0.9392 0.00812412 0.36374 0.657523 0.453272 0.769096 0.975339 0.338841 0.908509 0.589315 0.489048 0.0233701 0.332129 0.63349 0.673414 0.628201 0.463466 0.156275 0.047912 0.501252 
0.661734 0.711355 0.68752 0.573646 0.624237 0.209384 0.156337 0.0277214 0.175714 0.974876 0.265282 0.109977 0.711258 0.535261 0.784192 0.419625 0.773089 0.10473 0.760038 0.505968 0.313654 0.91288 0.424982 0.762189 0.628384 0.739264 0.823002 0.283794 0.973974 0.431977 0.116698 0.219891 0.216455 0.384596 0.931902 0.289673 0.285178 0.492361 0.0666988 0.596993 0.796458 0.00410351 0.0345404 0.6834 0.697623 0.85693 0.420504 0.178065 0.838066 0.0278182 0.100292 0.852541 0.702852 0.481449 0.394266 0.886776 0.447222 0.332246 0.576456 0.233596 0.73974 0.543689 0.731437 0.602279 
0.994822 0.221667 0.77474 0.901609 0.215363 0.595704 0.361323 0.915302 0.810293 0.934159 0.500037 0.293004 0.905736 0.367601 0.407425 0.144289 0.88565 0.665384 0.183679 0.58405 0.451936 0.937202 0.421833 0.438539 0.801388 0.0157277 0.814827 0.946633 0.399343 0.908381 0.0953926 0.545744 0.449326 0.607551 0.542902 0.692072 0.767433 0.372045 0.358635 0.56015 0.978424 0.468966 0.133405 0.968443 0.188647 0.592657 0.769621 0.419255 0.86025 0.492235 0.481535 0.201684 0.642861 0.125066 0.784726 0.321274 0.268503 0.164909 0.891836 0.967635 0.0856714 0.256432 0.360758 0.643577 
0.277986 0.334087 0.493833 0.269654 0.485966 0.543139 0.00509351 0.342602 0.289147 0.16111 0.201083 0.665198 0.861596 0.833676 0.35624 0.50515 0.402748 0.854438 0.965905 0.730895 0.614601 0.396064 0.269695 0.558832 0.722481 0.977109 0.69097 0.309313 0.173766 0.124262 0.920683 0.916352 0.925379 0.0627551 0.114677 0.0134481 0.937719 0.989964 0.981998 0.584995 0.0917017 0.31855 0.14618 0.620774 0.949845 0.660961 0.500221 0.344814 0.50387 0.6322 0.396585 0.924608 0.845589 0.530862 0.840514 0.0976226 0.74184 0.191426 0.402084 0.205596 0.318218 0.0685041 0.353148 0.965809 
0.00404531 0.701712 0.339001 0.330174 0.644005 0.884097 0.141051 0.893876 0.727236 0.439905 0.932409 0.814807 0.367257 0.0930982 0.414153 0.765158 0.198219 0.626354 0.334587 0.853122 0.885525 0.181401 0.47781 0.208879 0.0529937 0.5564 0.164169 0.164692 0.378546 0.941978 0.405732 0.420113 0.828591 0.0756234 0.314055 0.0336587 0.482108 0.398843 0.680178 0.174822 0.472051 0.890457 0.811468 0.672722 0.512896 0.959983 0.516363 0.64279 0.552043 0.111141 0.850188 0.26449 0.952747 0.152327 0.677018 0.336087 0.630067 0.233357 0.00612822 0.753324 0.92337 0.971846 0.597557 0.690291 
0.874498 0.743766 0.166072 0.741936 0.406053 0.728876 0.86804 0.541081 0.79815 0.466716 0.948939 0.688943 0.728708 0.41496 0.192278 0.667838 0.477884 0.875138 0.839541 0.582397 0.0734694 0.651541 0.640005 0.717651 0.38417 0.618845 0.375461 0.819592 0.349813 0.447773 0.552313 0.341949 0.769699 0.571389 0.266249 0.946407 0.00794 0.620615 0.285585 0.0381303 0.651262 0.833514 0.652219 0.896162 0.300183 0.0923357 0.541115 0.837529 0.637462 0.139583 0.323617 0.784836 0.99691 0.99347 0.932461 0.947563 0.446382 0.393625 0.487781 0.0560496 0.232098 0.852184 0.618413 0.647788 
0.541199 0.579241 0.272298 0.49335 0.0107464 0.462825 0.532491 0.825876 0.0953274 0.385143 0.27162 0.240135 0.969947 0.423933 0.312406 0.363784 0.629682 0.55814 0.172219 0.6904 0.843699 0.165255 0.62244 0.954767 0.151469 0.666596 0.358323 0.855958 0.207081 0.814098 0.922567 0.36704 0.51532 0.0451138 0.0118913 0.892387 0.436937 0.947162 0.535231 0.553048 0.522636 0.369877 0.533532 0.854367 0.88126 0.963449 0.605327 0.747137 0.783161 0.250211 0.853484 0.945831 0.541258 0.928579 0.519199 0.240145 0.38591 0.311033 0.487444 0.870256 0.290413 0.739327 0.995986 0.51366 
0.953688 0.198189 0.416902 0.374462 0.96189 0.902685 0.603098 0.431019 0.630266 0.479848 0.410703 0.223998 0.723057 0.596287 0.608689 0.384515 0.234968 0.387568 0.970931 0.483592 0.411935 0.562341 0.843867 0.21713 0.495631 0.297404 0.729098 0.806281 0.481092 0.339826 0.516898 0.0736833 0.356447 0.712042 0.188752 0.515897 0.108944 0.1643 0.250707 0.475795 0.473108 0.168963 0.0111888 0.334543 0.660902 0.156202 0.679616 0.106227 0.911336 0.753362 0.928751 0.978264 0.645587 0.325914 0.198861 0.972867 0.477555 0.572123 0.704871 0.724279 0.0399114 0.227406 0.030724 0.107026 
0.825528 0.0180068 0.573074 0.95652 0.794734 0.0767257 0.967016 0.712773 0.652521 0.332038 0.953525 0.163647 0.632159 0.832931 0.359049 0.377031 0.910291 0.29989 0.801556 0.756888 0.628658 0.27964 0.878123 0.242994 0.493277 0.121104 0.190876 0.365411 0.535522 0.379525 0.21177 0.873119 0.902311 0.81732 0.645938 0.405645 0.245087 0.682315 0.706924 0.0686793 0.479316 0.565157 0.781353 0.9487 0.238628 0.958488 0.375098 0.253788 0.237689 0.453273 0.115912 0.432047 0.0559835 0.561056 0.667563 0.116971 0.0234956 0.530587 0.377143 0.283464 0.391901 0.393573 0.528843 0.113213 
0.155901 0.148684 0.365999 0.4037 0.10973 0.314803 0.317095 0.00358425 0.403359 0.423415 0.832078 0.101284 0.0776543 0.208844 0.839229 0.551439 0.848709 0.854037 0.114296 0.373108 0.271373 0.48994 0.309767 0.894357 0.526817 0.981139 0.805208 0.846722 0.793065 0.91133 0.580494 0.690739 0.669112 0.92079 0.383734 0.193685 0.0771158 0.756523 0.564065 0.965026 0.64115 0.438466 0.57282 0.622848 0.493383 0.99851 0.93456 0.509023 0.714718 0.269516 0.551574 0.636899 0.539738 0.572842 0.82177 0.908898 0.580155 0.481769 0.751256 0.218877 0.330778 0.317903 0.632888 0.0161385 
0.997628 0.550802 0.172267 0.165106 0.228521 0.156496 0.875059 0.518377 0.322357 0.247928 0.521059 0.653188 0.891292 0.767755 0.368928 0.350007 0.427529 0.0162968 0.220819 0.511462 0.78831 0.185023 0.545828 0.798195 0.326101 0.176669 0.543956 0.71755 0.252148 0.705388 0.295237 0.311737 0.650163 0.415066 0.823561 0.339688 0.0253387 0.581405 0.660552 0.641455 0.00463736 0.599008 0.433643 0.0443263 0.695287 0.526677 0.353419 0.638447 0.825697 0.89628 0.645145 0.938754 0.821412 0.153979 0.111901 0.53124 0.769837 0.770372 0.163606 0.841024 0.62793 0.854016 0.855225 0.961306 
0.154182 0.0469538 0.520372 0.694684 0.0262001 0.413833 0.0638444 0.828218 0.520687 0.934328 0.123643 0.676788 0.252108 0.45109 0.740784 0.380151 0.660543 0.591637 0.289918 0.61435 0.524434 0.0731744 0.886637 0.860658 0.825253 0.156722 0.98417 0.696303 0.560647 0.18292 0.938085 0.721671 0.209634 0.113353 0.358469 0.271148 0.908152 0.497946 0.970009 0.98117 0.319852 0.0349134 0.00344651 0.386105 0.31713 0.339849 0.232991 0.463512 0.733222 0.360575 0.903222 0.600965 0.110013 0.17032 0.0568095 0.183927 0.445049 0.179472 0.792299 0.128429 0.418982 0.672242 0.795177 0.922552 
0.633702 0.789029 0.308212 0.0974906 0.880083 0.908572 0.591358 0.866578 0.656857 0.882263 0.239511 0.929316 0.572731 0.119688 0.621229 0.341617 0.889133 0.925547 0.927995 0.217857 0.68297 0.722809 0.305539 0.396758 0.26228 0.449443 0.540277 0.0849201 0.056376 0.489736 0.529125 0.230138 0.356556 0.6588 0.0376389 0.640989 0.972986 0.331229 0.382197 0.983189 0.027956 0.670067 0.626311 0.0463734 0.62773 0.655429 0.255998 0.653847 0.355577 0.945 0.275729 0.901993 0.583393 0.696637 0.998734 0.969467 0.0796669 0.270141 0.0157765 0.802751 0.932302 0.53926 0.685108 0.188605 
0.948104 0.989255 0.241059 0.933678 0.99184 0.077885 0.522839 0.992581 0.813449 0.533266 0.436292 0.110914 0.922109 0.520464 0.200529 0.267091 0.254984 0.93744 0.240184 0.230884 0.961453 0.282411 0.225893 0.878791 0.402361 0.203194 0.406439 0.112937 0.669955 0.747079 0.124083 0.181477 0.959405 0.293567 0.365245 0.126943 0.628787 0.117947 0.0248768 0.430441 0.0912141 0.604164 0.540428 0.721109 0.967908 0.959495 0.0196174 0.578768 0.969785 0.550091 0.455308 0.327922 0.676387 0.908479 0.357141 0.989722 0.293528 0.238992 0.407595 0.199126 0.848013 0.400602 0.573067 0.97286 
0.181588 0.724064 0.718095 0.437009 0.153883 0.227394 0.326664 0.965601 0.951084 0.0203465 0.691063 0.577906 0.366809 0.540308 0.961905 0.645408 0.350676 0.613105 0.815311 0.0788987 0.628466 0.645473 0.249407 0.146811 0.851634 0.665075 0.0749158 0.339262 0.852948 0.351804 0.216131 0.37421 0.23541 0.513839 0.552747 0.83614 0.278989 0.430934 0.972407 0.505126 0.745664 0.0538662 0.111657 0.807226 0.791177 0.444581 0.956731 0.932114 0.435432 0.0942205 0.901445 0.312183 0.20704 0.293815 0.678331 0.758387 0.389312 0.209132 0.42944 0.363469 0.932161 0.326464 0.242711 0.641302 
0.310224 0.267737 0.678964 0.723985 0.00254324 0.407674 0.273768 0.48249 0.0399376 0.476803 0.73539 0.58514 0.0532472 0.0893909 0.707291 0.838549 0.0522221 0.41851 0.141072 0.472107 0.3323 0.818769 0.806052 0.579162 0.742187 0.892701 0.836369 0.526489 0.518648 0.715017 0.433478 0.527981 0.456383 0.858731 0.841778 0.418333 0.417528 0.00246849 0.0202677 0.174483 0.787798 0.0504273 0.943963 0.533641 0.133554 0.0670484 0.407989 0.962684 0.278237 0.699964 0.632462 0.892062 0.0702738 0.558849 0.675219 0.971098 0.687511 0.0536748 0.997346 0.888042 0.367252 0.424414 0.193713 0.218336 
0.538059 0.564966 0.573435 0.543635 0.667886 0.38161 0.976935 0.249753 0.811196 0.330505 0.214598 0.971214 0.25223 0.975412 0.479469 0.0266429 0.423307 0.741477 0.175862 0.341959 0.84379 0.665648 0.517715 0.607104 0.77585 0.956531 0.90609 0.16227 0.974128 0.850944 0.66679 0.693631 0.996609 0.185606 0.0602804 0.637513 0.947164 0.88298 0.254099 0.952649 0.0188812 0.813695 0.180964 0.100815 0.18252 0.604706 0.857526 0.172776 0.830622 0.333634 0.608243 0.860859 0.229541 0.814661 0.712751 0.372718 0.92078 0.736042 0.32426 0.0489818 0.523625 0.847341 0.893126 0.569424 
0.657226 0.654858 0.172446 0.901985 0.874743 0.733406 0.722111 0.277042 0.407661 0.200849 0.784544 0.913366 0.794966 0.182099 0.186818 0.628545 0.0136308 0.0932541 0.620388 0.427815 0.182626 0.636744 0.28952 0.862741 0.60663 0.461327 0.573415 0.808041 0.957269 0.259632 0.401345 0.88514 0.268668 0.672763 0.377594 0.13229 0.0777283 0.703802 0.502205 0.837651 0.652923 0.0431639 0.157168 0.923561 0.635265 0.581288 0.209407 0.0266969 0.936848 0.458968 0.908642 0.00337765 0.587592 0.741554 0.411089 0.480495 0.729246 0.108437 0.730384 0.459615 0.879154 0.674212 0.0575934 0.156125 
0.621267 0.572743 0.180811 0.115153 0.86453 0.280984 0.95882 0.810169 0.0360999 0.400486 0.00311123 0.179699 0.462116 0.127719 0.0202881 0.045167 0.9017 0.780172 0.979176 0.741754 0.415578 0.739337 0.378213 0.503757 0.0443984 0.309286 0.978143 0.214181 0.0155593 0.600028 0.251714 0.740115 0.245 0.426004 0.458979 0.842621 0.90659 0.636995 0.139836 0.548725 0.796258 0.100977 0.0439902 0.166575 0.526583 0.458438 0.0903577 0.199945 0.821204 0.228133 0.593225 0.086627 0.927408 0.701465 0.412517 0.831616 0.511942 0.965064 0.630966 0.133817 0.391434 0.946105 0.998806 0.150441 
0.290458 0.0952075 0.646594 0.546525 0.888924 0.699004 0.779638 0.467625 0.351229 0.300973 0.542014 0.729599 0.496025 0.00999381 0.591605 0.817003 0.750821 0.191349 0.35449 0.502686 0.550342 0.607421 0.43302 0.876978 0.369799 0.87154 0.256092 0.998183 0.155628 0.536637 0.564307 0.214359 0.19868 0.569785 0.290621 0.951389 0.926523 0.202262 0.458121 0.597031 0.633001 0.359331 0.833069 0.474165 0.441284 0.118371 0.595781 0.548715 0.112226 0.350742 0.897678 0.576554 0.792084 0.398468 0.992116 0.0597672 0.131363 0.00893173 0.964068 0.952281 0.687188 0.585404 0.675471 0.469138 
0.677538 0.738306 0.253806 0.980544 0.420762 0.663618 0.303899 0.278285 0.518474 0.69337 0.438426 0.218732 0.490908 0.988593 0.902334 0.871679 0.87844 0.498219 0.0437839 0.135262 0.52887 0.904231 0.298153 0.34126 0.391117 0.602514 0.242783 0.679359 0.0804801 0.150949 0.923645 0.345009 0.775927 0.231664 0.956007 0.0914891 0.0775227 0.796046 0.47746 0.0218395 0.300534 0.26103 0.821301 0.70198 0.416488 0.856802 0.443683 0.0554909 0.859701 0.0191427 0.396863 0.71709 0.413529 0.898111 0.749731 0.564324 0.793689 0.176523 0.0931451 0.907357 0.650582 0.952534 0.394986 0.118369 
0.691406 0.0600631 0.36738 0.440985 0.525095 0.725783 0.513492 0.763253 0.719456 0.599044 0.943098 0.0865436 0.249778 0.305202 0.942441 0.61888 0.5951 0.18564 0.0312568 0.229588 0.682992 0.490428 0.54437 0.681547 0.994478 0.342794 0.238721 0.4791 0.968769 0.920512 0.160831 0.846448 0.433059 0.445745 0.609071 0.245224 0.542425 0.876233 0.509231 0.564413 0.78468 0.642894 0.67524 0.0693292 0.891867 0.361596 0.751179 0.426481 0.120724 0.799031 0.0874408 0.966522 0.825295 0.974609 0.756269 0.520154 0.679541 0.840073 0.497969 0.397147 0.611517 0.144967 0.468576 0.0670274 
0.359119 0.240045 0.181669 0.882662 0.313215 0.22622 0.938529 0.112581 0.855819 0.928708 0.556075 0.202363 0.159752 0.384077 0.975401 0.502989 0.59145 0.508903 0.272861 0.655339 0.515924 0.620604 0.232585 0.591719 0.345142 0.128747 0.302173 0.747156 0.11527 0.139815 0.333846 0.213174 0.79925 0.384941 0.768458 0.618505 0.491843 0.0813713 0.981734 0.243313 0.981016 0.0242923 0.198214 0.965901 0.699507 0.239586 0.284152 0.745238 0.260519 0.630946 0.234106 0.978855 0.117195 0.497382 0.911968 0.258752 0.697981 0.682673 0.937548 0.394129 0.272573 0.252369 0.3349 0.802467 
0.628441 0.398573 0.20109 0.652472 0.0571684 0.547131 0.329979 0.60078 0.628339 0.895283 0.89813 0.632315 0.643345 0.876001 0.807597 0.567621 0.771892 0.45834 0.29222 0.715159 0.392403 0.134297 0.759332 0.696081 0.445864 0.0569946 0.921641 0.672498 0.213247 0.495865 0.00345271 0.871868 0.697063 0.0737926 0.691546 0.982534 0.141744 0.0943233 0.933395 0.688134 0.844147 0.860209 0.910055 0.9802 0.758092 0.574053 0.563231 0.369576 0.359616 0.922309 0.517762 0.520963 0.491116 0.472564 0.937215 0.322044 0.956916 0.101647 0.907445 0.114112 0.0161858 0.556612 0.795322 0.294028 
0.141843 0.345063 0.980405 0.631328 0.256896 0.832128 0.92195 0.363452 0.351465 0.663067 0.79163 0.299956 0.238817 0.770307 0.132612 0.218546 0.466537 0.491875 0.781561 0.449424 0.172523 0.481291 0.151676 0.152301 0.401415 0.197195 0.553715 0.214603 0.399834 0.378537 0.172766 0.440365 0.59494 0.35631 0.685136 0.897585 0.562038 0.598497 0.701221 0.928225 0.0289904 0.536118 0.00608316 0.206592 0.740233 0.939756 0.0644477 0.387371 0.773283 0.996219 0.440099 0.742052 0.374784 0.329502 0.164956 0.317985 0.324883 0.370775 0.924278 0.907055 0.455296 0.265958 0.726641 0.185761 
0.522117 0.303161 0.00478623 0.695015 0.232474 0.177908 0.299877 0.843805 0.454708 0.40833 0.125256 0.24517 0.357209 0.881166 0.995714 0.0585668 0.13058 0.949757 0.440009 0.818503 0.952899 0.73675 0.602226 0.821423 0.0347191 0.845488 0.628532 0.282924 0.237594 0.825451 0.0425258 0.983584 0.376086 0.905811 0.602212 0.912206 0.164436 0.66741 0.576295 0.174991 0.0469352 0.478753 0.835393 0.108232 0.186622 0.985538 0.58296 0.0499216 0.952584 0.0521142 0.740231 0.997241 0.341618 0.963598 0.321553 0.845795 0.310881 0.510299 0.357877 0.948961 0.11618 0.146754 0.673353 0.274042 
0.726254 0.111221 0.895459 0.719231 0.0572017 0.0937803 0.101897 0.535753 0.789401 0.191738 0.33176 0.804151 0.74226 0.401867 0.764956 0.837589 0.334281 0.0985159 0.185479 0.266626 0.320151 0.148868 0.0436783 0.818231 0.760403 0.65136 0.0794627 0.263038 0.763434 0.823731 0.244257 0.0404315 0.866796 0.236937 0.380364 0.590806 0.0568971 0.596996 0.7662 0.0520377 0.597767 0.749142 0.0205012 0.422598 0.255745 0.344426 0.425844 0.586439 0.90689 0.703093 0.816719 0.876849 0.702258 0.658457 0.354707 0.301162 0.16952 0.856792 0.775475 0.0737883 0.482612 0.908435 0.721066 0.183115 
0.373431 0.776882 0.11976 0.178138 0.299327 0.714088 0.717242 0.88721 0.0970455 0.536426 0.111814 0.7266 0.696524 0.253383 0.523454 0.827539 0.742553 0.401748 0.895902 0.2661 0.431184 0.327359 0.666229 0.999211 0.903372 0.22882 0.931026 0.959669 0.576991 0.771151 0.956271 0.213224 0.306292 0.790617 0.71803 0.0491945 0.432263 0.869229 0.829759 0.928809 0.834048 0.888679 0.853421 0.187978 0.530651 0.415737 0.633021 0.446687 0.353198 0.470084 0.823056 0.562644 0.907839 0.167105 0.765817 0.262948 0.386973 0.178224 0.867927 0.844872 0.145514 0.430887 0.847757 0.152015 
0.484181 0.464217 0.452172 0.905452 0.843196 0.168291 0.519765 0.680848 0.923809 0.895265 0.405986 0.292902 0.55787 0.33399 0.755826 0.650741 0.192103 0.307061 0.526416 0.808877 0.0645867 0.0563292 0.052726 0.344637 0.225146 0.227045 0.43845 0.702857 0.444456 0.0752371 0.101128 0.385331 0.484672 0.592076 0.721762 0.118704 0.139532 0.421326 0.750546 0.491727 0.852388 0.024035 0.0903696 0.14097 0.966848 0.560967 0.351345 0.78078 0.490743 0.727449 0.523099 0.741906 0.514125 0.439548 0.328919 0.0868163 0.957147 0.218923 0.268378 0.999922 0.671662 0.881541 0.109557 0.0182322 
0.260838 0.778281 0.28335 0.51869 0.908551 0.769071 0.892642 0.170863 0.608653 0.336978 0.323402 0.00112011 0.0663392 0.369308 0.706989 0.177003 0.88758 0.851266 0.500592 0.798629 0.375875 0.69463 0.918041 0.231213 0.305643 0.530576 0.77054 0.340626 0.260288 0.459992 0.993416 0.576866 0.595402 0.41828 0.293716 0.167642 0.434743 0.176547 0.878579 0.948298 0.376757 0.171576 0.552081 0.740445 0.281493 0.580966 0.0262397 0.364072 0.462661 0.608642 0.0568655 0.30268 0.825009 0.829714 0.1595 0.945155 0.722453 0.556024 0.818069 0.0417279 0.335178 0.753621 0.921586 0.521163 
0.00680895 0.721772 0.922966 0.83934 0.275517 0.0105694 0.425371 0.676971 0.464067 0.835859 0.979068 0.868176 0.328164 0.510842 0.364327 0.395427 0.777041 0.545689 0.314464 0.904186 0.404772 0.808863 0.581053 0.995512 0.441992 0.504212 0.174836 0.523121 0.60194 0.681791 0.424586 0.282356 0.138068 0.949495 0.322014 0.0238599 0.132138 0.141328 0.25245 0.45484 0.955003 0.497751 0.071101 0.239866 0.459267 0.795988 0.2823 0.402759 0.150874 0.270592 0.719678 0.130908 0.491948 0.849164 0.749566 0.820499 0.432536 0.985251 0.377248 0.863399 0.414448 0.907738 0.881095 0.267057 
0.790553 0.976421 0.888332 0.303667 0.841368 0.284325 0.484565 0.0715077 0.13124 0.85403 0.73968 0.425328 0.816331 0.446634 0.516977 0.029409 0.737264 0.795817 0.826877 0.258662 0.883208 0.495175 0.669876 0.728228 0.163362 0.0223008 0.643937 0.250605 0.699688 0.919322 0.780505 0.398145 0.230557 0.48208 0.203093 0.0176386 0.27151 0.986657 0.222549 0.790474 0.897521 0.120323 0.514225 0.320899 0.061323 0.67251 0.833046 0.626515 0.0522969 0.0320526 0.376062 0.248524 0.563344 0.81214 0.339011 0.424746 0.453651 0.314077 0.197158 0.58209 0.949031 0.0541303 0.013339 0.73474 
0.287536 0.387601 0.918685 0.489552 0.394788 0.393107 0.166088 0.390044 0.11687 0.507563 0.539484 0.54086 0.843936 0.62094 0.865562 0.171701 0.320143 0.199436 0.571474 0.841436 0.126032 0.651793 0.591895 0.993917 0.00104091 0.909597 0.436482 0.968761 0.249858 0.999697 0.147716 0.800146 0.148266 0.817085 0.470761 0.858805 0.657683 0.487232 0.67371 0.155602 0.762667 0.0642977 0.169561 0.802981 0.127543 0.62451 0.813694 0.990529 0.33566 0.503435 0.525798 0.582509 0.186106 0.83901 0.910523 0.327175 0.451725 0.171214 0.477585 0.723664 0.053586 0.578277 0.0372504 0.310822 
0.0222776 0.224971 0.832944 0.790518 0.262687 0.340513 0.63988 0.62184 0.181006 0.0494823 0.427443 0.383478 0.240561 0.736316 0.839648 0.554091 0.0982215 0.0370666 0.0475249 0.141281 0.363849 0.748808 0.427323 0.929253 0.482325 0.495349 0.69301 0.619013 0.67653 0.544739 0.831847 0.0559709 0.990732 0.663767 0.377956 0.210541 0.860679 0.713382 0.746263 0.667133 0.630774 0.5816 0.805903 0.235282 0.985473 0.0813985 0.736997 0.204363 0.717831 0.493521 0.110131 0.0293643 0.462619 0.00909878 0.571171 0.593147 0.0962909 0.786849 0.876705 0.799849 0.455827 0.64459 0.389937 0.928818 
0.262353 0.268786 0.0476137 0.407706 0.852986 0.260175 0.28443 0.175637 0.54956 0.291875 0.306082 0.597563 0.0423993 0.0885308 0.930101 0.505365 0.943262 0.102364 0.0645201 0.062916 0.136917 0.0854033 0.601132 0.960031 0.917702 0.288292 0.942287 0.644308 0.236996 0.540678 0.381411 0.822815 0.664549 0.751384 0.0835627 0.47756 0.0589492 0.235416 0.641143 0.269236 0.148687 0.617138 0.097662 0.595479 0.240462 0.165689 0.847462 0.088195 0.907774 0.68087 0.464207 0.884099 0.640036 0.69549 0.307348 0.16206 0.105301 0.90183 0.691123 0.375508 0.778488 0.775479 0.404867 0.984369 
0.870277 0.553378 0.277001 0.170815 0.174621 0.647778 0.87443 0.12052 0.0331423 0.669587 0.866502 0.94557 0.459742 0.136429 0.971353 0.911799 0.568576 0.273062 0.272845 0.0994425 0.155545 0.112271 0.712776 0.707458 0.814102 0.133467 0.353407 0.559725 0.903628 0.456017 0.803047 0.0549993 0.923806 0.805381 0.439924 0.592366 0.298593 0.133714 0.0142018 0.753214 0.484327 0.537164 0.537489 0.731479 0.513446 0.0324113 0.436436 0.279479 0.970598 0.373565 0.0943116 0.221262 0.0565681 0.848451 0.16343 0.00344184 0.629884 0.871032 0.55559 0.92113 0.699621 0.0383503 0.627253 0.517693 
0.545911 0.810377 0.70021 0.940369 0.486899 0.545643 0.0325083 0.572324 0.889498 0.00258166 0.0615655 0.498142 0.572054 0.315135 0.881395 0.501028 0.8275 0.580948 0.0016472 0.00295526 0.576209 0.738454 0.465122 0.625384 0.476149 0.132871 0.231605 0.977479 0.99839 0.798823 0.0337297 0.980507 0.40576 0.398849 0.0436975 0.276476 0.50577 0.248592 0.212105 0.891696 0.0797488 0.0985167 0.712469 0.804272 0.0113121 0.460173 0.810165 0.107732 0.0970062 0.612793 0.152264 0.746815 0.0234245 0.877468 0.421893 0.0043235 0.679679 0.59622 0.504114 0.930813 0.583285 0.419855 0.665829 0.745655 
0.247248 0.0971019 0.988567 0.890184 0.7587 0.813352 0.62818 0.76783 0.47913 0.435509 0.0452181 0.097282 0.192449 0.0308037 0.0671961 0.730624 0.75474 0.776023 0.668016 0.15366 0.696898 0.0133761 0.105521 0.254481 0.032117 0.229035 0.289415 0.394939 0.0234751 0.376842 0.838524 0.533442 0.752408 0.518886 0.120143 0.891448 0.274196 0.26772 0.831701 0.459428 0.930431 0.461975 0.608369 0.682582 0.754872 0.785003 0.0616506 0.440234 0.45456 0.862017 0.548622 0.564902 0.0218445 0.179511 0.25654 0.281082 0.748003 0.0369777 0.380865 0.54887 0.626381 0.468073 0.45914 0.683067 
0.51855 0.295359 0.144704 0.895568 0.531491 0.362092 0.15636 0.678931 0.130989 0.429712 0.684144 0.848587 0.250027 0.972377 0.982517 0.0217091 0.0628777 0.630171 0.240961 0.357254 0.722537 0.0455467 0.231424 0.94425 0.791959 0.0882198 0.120297 0.26109 0.703506 0.75491 0.484734 0.951572 0.498713 0.635447 0.645443 0.637586 0.923782 0.510005 0.295703 0.332783 0.389193 0.17381 0.448574 0.161283 0.730796 0.795893 0.611452 0.662347 0.716387 0.121595 0.148691 0.2709 0.00263847 0.339401 0.491926 0.863298 0.462476 0.0257408 0.350816 0.94551 0.558528 0.189433 0.0656039 0.984744 
0.117694 0.62397 0.256575 0.609127 0.172296 0.926262 0.281769 0.19778 0.23754 0.459623 0.251383 0.427705 0.616498 0.0426886 0.240243 0.157887 0.705222 0.796663 0.723354 0.603254 0.648149 0.0975058 0.802019 0.752728 0.703435 0.347017 0.604089 0.543375 0.215868 0.932413 0.0916693 0.474469 0.760381 0.789273 0.746987 0.398854 0.0211222 0.521439 0.0443311 0.346146 0.0868693 0.150402 0.700893 0.595827 0.695047 0.629574 0.748258 0.566222 0.470721 0.740761 0.577183 0.777769 0.747685 0.302249 0.512476 0.174447 0.695235 0.527581 0.450618 0.527817 0.0994059 0.518058 0.0740171 0.818112 
0.405774 0.125332 0.607398 0.478798 0.765624 0.831884 0.748611 0.454187 0.776643 0.903198 0.297806 0.193026 0.0922242 0.30439 0.277778 0.289177 0.830002 0.345294 0.377565 0.543017 0.0874889 0.583405 0.51523 0.216316 0.0474042 0.46726 0.199356 0.0891517 0.480221 0.514297 0.410567 0.978803 0.555432 0.858039 0.851539 0.790865 0.157216 0.136047 0.0777798 0.46105 0.28446 0.524093 0.0319426 0.0884734 0.0916671 0.731935 0.693248 0.663831 0.077114 0.713082 0.883651 0.236481 0.655354 0.352939 0.480512 0.544 0.813642 0.259419 0.809667 0.539362 0.118933 0.849039 0.647374 0.0343093 
0.462243 0.310982 0.584442 0.724391 0.387214 0.342988 0.360806 0.232421 0.318393 0.838191 0.7385 0.707815 0.500324 0.295849 0.767953 0.887309 0.986408 0.557615 0.519317 0.717262 0.498805 0.450591 0.190343 0.513792 0.10148 0.393659 0.497237 0.443429 0.653085 0.187591 0.114563 0.846851 0.444329 0.00224366 0.459939 0.868704 0.14183 0.672794 0.745353 0.596505 0.886795 0.689497 0.720273 0.482585 0.524882 0.169086 0.803424 0.713545 0.804499 0.142155 0.252327 0.754449 0.355461 0.927577 0.0939546 0.825712 0.840686 0.494055 0.654211 0.279848 0.723207 0.891044 0.304123 0.958001 
0.574559 0.0259761 0.428918 0.15862 0.37694 0.416072 0.385807 0.887747 0.208494 0.399271 0.447345 0.739894 0.61769 0.818028 0.917637 0.176886 0.244074 0.921868 0.20451 0.700193 0.163522 0.0132174 0.358689 0.918249 0.157197 0.568441 0.96893 0.506708 0.99531 0.273855 0.292124 0.639265 0.33879 0.316987 0.512718 0.853424 0.670408 0.566206 0.922045 0.729014 0.726619 0.73772 0.579061 0.505305 0.674652 0.359392 0.571043 0.571028 0.0763826 0.059809 0.307236 0.540381 0.419198 0.00159635 0.449609 0.505829 0.589916 0.610042 0.721446 0.800171 0.258747 0.800528 0.534428 0.767676 
0.208624 0.231107 0.750279 0.0546794 0.271195 0.686707 0.953809 0.949501 0.904947 0.0514913 0.759369 0.0695126 0.927142 0.527027 0.1788 0.547938 0.0915945 0.71247 0.027837 0.894791 0.959482 0.905083 0.961491 0.67801 0.917079 0.239433 0.413019 0.413517 0.0341725 0.0119097 0.07728 0.292229 0.808372 0.286338 0.9339 0.0387277 0.763428 0.178663 0.804018 0.211819 0.0725441 0.11014 0.248785 0.568979 0.480312 0.471782 0.599327 0.852738 0.894813 0.517831 0.656577 0.908756 0.887992 0.779904 0.911427 0.301213 0.467688 0.647683 0.192974 0.369156 0.328532 0.37984 0.0814254 0.172327 
0.831753 0.86313 0.105765 0.279577 0.0484219 0.284084 0.958803 0.320776 0.797575 0.580401 0.591553 0.384232 0.975911 0.315554 0.551572 0.963991 0.623069 0.787262 0.41857 0.748628 0.151156 0.841371 0.716145 0.988793 0.300065 0.27615 0.394461 0.540716 0.415247 0.103648 0.0124231 0.900654 0.245204 0.763333 0.550611 0.526576 0.986406 0.551008 0.509256 0.183498 0.772231 0.727217 0.458762 0.299234 0.23444 0.0216506 0.379586 0.661734 0.605949 0.031918 0.0305931 0.640739 0.441822 0.686638 0.362407 0.275524 0.164343 0.117845 0.365884 0.198028 0.50569 0.652572 0.816209 0.752892 
0.526009 0.740073 0.45345 0.361704 0.860482 0.730242 0.437308 0.930092 0.0140937 0.490953 0.871877 0.484044 0.215819 0.478176 0.426302 0.511346 0.0887327 0.244494 0.598402 0.569396 0.508082 0.0134552 0.72943 0.365883 0.306098 0.0376211 0.137075 0.326589 0.9475 0.776944 0.967009 0.579645 0.605152 0.594207 0.927109 0.16711 0.975994 0.494968 0.0172834 0.779889 0.976298 0.816037 0.486065 0.973041 0.306254 0.0809949 0.740728 0.756138 0.941932 0.664343 0.614667 0.47806 0.935933 0.339772 0.583983 0.469952 0.507852 0.412905 0.372248 0.761904 0.393101 0.200275 0.368407 0.0647975 
0.117259 0.0843643 0.726343 0.170138 0.804851 0.170606 0.3368 0.640602 0.380938 0.353845 0.346952 0.916764 0.519104 0.679766 0.286468 0.829854 0.532627 0.899494 0.178514 0.00155324 0.369104 0.126213 0.0474403 0.633503 0.701862 0.280914 0.225634 0.520068 0.602814 0.931009 0.0466684 0.377253 0.481154 0.640036 0.202485 0.830121 0.957051 0.579289 0.709515 0.0583093 0.890944 0.341973 0.356716 0.382458 0.185031 0.993366 0.725188 0.10707 0.479741 0.391311 0.0651187 0.319686 0.364192 0.805883 0.282814 0.230574 0.335058 0.450781 0.379577 0.0103837 0.48251 0.172255 0.566842 0.447005 
0.771552 0.570132 0.549575 0.68712 0.503718 0.733747 0.681801 0.471703 0.152303 0.53 0.671652 0.519969 0.666675 0.118957 0.699843 0.538496 0.531494 0.598656 0.770228 0.727703 0.260519 0.285421 0.255936 0.771607 0.498639 0.496065 0.0818134 0.021457 0.242048 0.0561424 0.0709962 0.298763 0.332962 0.393337 0.70475 0.342465 0.823055 0.678149 0.494859 0.331768 0.585141 0.0966517 0.134541 0.792819 0.948476 0.826813 0.16494 0.471947 0.363664 0.568731 0.76835 0.74323 0.444734 0.0210256 0.352869 0.642227 0.00187775 0.478323 0.727757 0.306545 0.306636 0.607759 0.860352 0.0534101 
0.633883 0.315209 0.562808 0.324348 0.0375945 0.459726 0.508685 0.497746 0.963192 0.851089 0.444437 0.386729 0.148243 0.111211 0.166692 0.472165 0.619815 0.67152 0.456625 0.0454382 0.351294 0.164733 0.293942 0.881072 0.87343 0.774142 0.651194 0.230667 0.807183 0.677954 0.0646069 0.968276 0.0497345 0.240647 0.597324 0.851059 0.33021 0.169699 0.684545 0.685367 0.631097 0.985822 0.185555 0.724811 0.41789 0.537896 0.423653 0.546441 0.570262 0.70599 0.472554 0.103467 0.48591 0.961527 0.746774 0.272167 0.485235 0.146663 0.906726 0.402513 0.807816 0.502163 0.274494 0.369285 
0.645222 0.35956 0.13918 0.938057 0.708137 0.814987 0.463162 0.805239 0.56757 0.728961 0.778361 0.188028 0.787204 0.0480498 0.824479 0.226749 0.496649 0.375978 0.0236115 0.904957 0.743996 0.47895 0.746671 0.736741 0.635788 0.600369 0.524356 0.298478 0.172932 0.0669492 0.959031 0.523338 0.0372675 0.939359 0.990475 0.934397 0.995752 0.317473 0.504447 0.779321 0.920938 0.730423 0.909817 0.0631983 0.412377 0.128561 0.409951 0.248136 0.0763543 0.590847 0.558995 0.193583 0.300204 0.525692 0.913232 0.55009 0.95927 0.897914 0.601714 0.786964 0.890661 0.995173 0.783516 0.292916 
0.0994512 0.890459 0.728629 0.244274 0.896793 0.418045 0.762125 0.121434 0.297072 0.397267 0.593576 0.721996 0.163366 0.739392 0.813872 0.866989 0.113938 0.660666 0.819257 0.541697 0.477232 0.336996 0.511911 0.287547 0.161175 0.875871 0.0102538 0.811424 0.945657 0.320683 0.498629 0.660787 0.802391 0.603846 0.824598 0.307176 0.479127 0.677793 0.951114 0.321182 0.516274 0.933304 0.945173 0.984103 0.723605 0.866404 0.522903 0.518285 0.992106 0.552982 0.649374 0.977894 0.236918 0.956085 0.530936 0.770345 0.08124 0.125382 0.343834 0.855101 0.354294 0.202936 0.244592 0.909275 
0.997471 0.771726 0.899363 0.312001 0.967877 0.392429 0.0684314 0.802249 0.285662 0.85043 0.567863 0.947086 0.016965 0.121649 0.923588 0.214234 0.379615 0.0352816 0.956093 0.803751 0.762914 0.226511 0.361832 0.892117 0.281774 0.0248317 0.207282 0.0261339 0.325931 0.50231 0.0790531 0.184461 0.763605 0.548459 0.29116 0.0822337 0.138773 0.220914 0.657497 0.649978 0.521167 0.838554 0.595434 0.379502 0.136735 0.264679 0.714819 0.207992 0.991008 0.0756937 0.769782 0.197506 0.806927 0.43418 0.911022 0.110693 0.0951238 0.220318 0.289278 0.274954 0.852524 0.291978 0.210124 0.563178 
0.595556 0.705864 0.470313 0.154157 0.181947 0.902153 0.820132 0.693784 0.996476 0.609061 0.940655 0.28191 0.0274732 0.872277 0.719187 0.0998905 0.952793 0.0961431 0.156167 0.425174 0.484443 0.120118 0.432369 0.349032 0.0568081 0.866217 0.564106 0.314386 0.0260306 0.915299 0.657598 0.978644 0.235692 0.744983 0.838303 0.859995 0.890982 0.413261 0.910576 0.556096 0.24605 0.929119 0.456837 0.196296 0.0279935 0.830108 0.859859 0.232759 0.717899 0.585264 0.306716 0.888974 0.39925 0.812771 0.544138 0.145989 0.585116 0.031028 0.507036 0.959332 0.161976 0.861722 0.0115547 0.74288 
0.982562 0.0719903 0.139329 0.27262 0.156586 0.731236 0.978082 0.982864 0.4476 0.844385 0.36386 0.263623 0.122846 0.971728 0.0507497 0.896045 0.94782 0.120737 0.525226 0.452746 0.52233 0.220501 0.926364 0.465404 0.860455 0.938027 0.495482 0.971928 0.12812 0.420945 0.574825 0.860485 0.0317748 0.0567549 0.0937654 0.759557 0.531474 0.946433 0.836902 0.126198 0.285907 0.443417 0.306985 0.376875 0.219107 0.128203 0.558291 0.0695239 0.694275 0.937925 0.533127 0.90517 0.457031 0.268184 0.923903 0.464136 0.520667 0.785997 0.868687 0.757385 0.381808 0.807208 0.509196 0.0735348 
0.848775 0.534174 0.435051 0.149644 0.00496309 0.984651 0.603482 0.561118 0.979048 0.705088 0.609597 0.404554 0.908305 0.629652 0.114992 0.0581315 0.972726 0.232136 0.634025 0.339246 0.707082 0.548353 0.281181 0.170472 0.439249 0.485929 0.591785 0.873715 0.245132 0.116994 0.854357 0.0934066 0.431342 0.115593 0.35302 0.427276 0.35473 0.373156 0.638914 0.87885 0.757154 0.0316699 0.685983 0.310636 0.135251 0.0203143 0.0460619 0.600763 0.868446 0.440807 0.189914 0.142727 0.929486 0.34168 0.730865 0.731382 0.0578028 0.462766 0.7171 0.206706 0.695379 0.663918 0.642088 0.950951 
0.535447 0.185263 0.0753422 0.409345 0.431326 0.50201 0.491954 0.927697 0.819257 0.730513 0.989149 0.11493 0.787515 0.198444 0.246474 0.79665 0.280866 0.877683 0.189515 0.336731 0.20599 0.83378 0.823938 0.0939552 0.351198 0.622103 0.249101 0.660402 0.708853 0.236319 0.652368 0.176405 0.867393 0.910991 0.950451 0.194763 0.328067 0.725248 0.978952 0.744076 0.31503 0.592214 0.829892 0.0247455 0.290474 0.624846 0.896813 0.883037 0.994174 0.6184 0.306666 0.408178 0.879361 0.789196 0.288653 0.904393 0.725762 0.1177 0.621237 0.0813542 0.00943287 0.839466 0.340227 0.213515 
0.126292 0.732601 0.557286 0.848553 0.490335 0.631334 0.715953 0.631515 0.472767 0.548898 0.563999 0.147995 0.547958 0.530193 0.430703 0.160388 0.748553 0.556193 0.621076 0.980506 0.480079 0.912537 0.0638639 0.247469 0.477096 0.440342 0.565014 0.955875 0.128467 0.578123 0.883075 0.181362 0.319196 0.259141 0.28006 0.68474 0.851892 0.0326653 0.737873 0.251115 0.0789817 0.8161 0.820901 0.547141 0.827865 0.331498 0.765667 0.382973 0.714794 0.125703 0.937083 0.370488 0.747067 0.808389 0.760501 0.908625 0.134489 0.322408 0.0423182 0.198317 0.337048 0.363031 0.150888 0.0673916 
0.677861 0.826829 0.609691 0.451908 0.971779 0.0948374 0.52717 0.697389 0.328374 0.773877 0.446012 0.856177 0.158006 0.577871 0.643423 0.370962 0.721931 0.303211 0.995549 0.593684 0.0651148 0.220732 0.114383 0.222695 0.633027 0.474104 0.0774519 0.823638 0.868043 0.722136 0.553313 0.787138 0.661822 0.996331 0.365226 0.107687 0.959053 0.570018 0.202083 0.00492604 0.792192 0.503823 0.0194728 0.0943776 0.807127 0.866712 0.289697 0.637828 0.727591 0.252137 0.851742 0.0692003 0.51319 0.372429 0.771156 0.481484 0.608105 0.152939 0.0649908 0.938705 0.553751 0.0960818 0.0424365 0.609457 
0.749628 0.404091 0.0695583 0.821629 0.496202 0.167242 0.216501 0.28822 0.401325 0.776217 0.230402 0.54895 0.65119 0.764836 0.503977 0.538116 0.382981 0.168025 0.0406611 0.234789 0.31101 0.402473 0.47236 0.205529 0.906636 0.31531 0.861534 0.307432 0.776643 0.152963 0.55252 0.292871 0.541506 0.0569548 0.783874 0.0988331 0.72544 0.847206 0.279158 0.694942 0.187899 0.564355 0.286628 0.257263 0.495154 0.424737 0.902797 0.763975 0.931057 0.597714 0.071182 0.278749 0.581579 0.552946 0.0145436 0.0313479 0.0192517 0.943882 0.667274 0.971262 0.982627 0.810183 0.397338 0.976889 
0.936147 0.183551 0.840511 0.980405 0.314767 0.0176183 0.964478 0.263778 0.578511 0.40652 0.622956 0.940403 0.697116 0.0727613 0.182196 0.71508 0.296591 0.889397 0.672006 0.95282 0.186195 0.978609 0.0320618 0.473615 0.611634 0.722163 0.0273477 0.883879 0.510405 0.867088 0.679026 0.921859 0.237677 0.426468 0.664157 0.286314 0.79848 0.128071 0.705687 0.192122 0.161435 0.436892 0.587905 0.311519 0.731247 0.946819 0.940486 0.260719 0.449918 0.611221 0.607239 0.199296 0.860648 0.982238 0.760173 0.128786 0.624205 0.620753 0.510619 0.209671 0.301716 0.270704 0.65696 0.0732981 
0.057876 0.693749 0.562976 0.419223 0.28719 0.513929 0.365944 0.343201 0.96979 0.195292 0.868507 0.0407991 0.762291 0.800801 0.758753 0.0955248 0.508638 0.210985 0.178129 0.0678987 0.629766 0.818508 0.754056 0.127125 0.559694 0.894569 0.145487 0.715616 0.54043 0.782509 0.632924 0.244868 0.371648 0.930346 0.660376 0.152395 0.785703 0.683383 0.33591 0.373168 0.855754 0.214821 0.520088 0.199011 0.378033 0.551858 0.236664 0.591662 0.0732695 0.628558 0.409915 0.0485368 0.862413 0.263192 0.505332 0.199934 0.499683 0.0853604 0.893596 0.424077 0.160416 0.605404 0.983378 0.65885 
0.918716 0.521216 0.244218 0.194604 0.77309 0.729271 0.00581801 0.725509 0.0989572 0.360716 0.486674 0.785203 0.695606 0.64487 0.0234416 0.0143997 0.218045 0.777611 0.128579 0.700875 0.510076 0.910435 0.463131 0.526457 0.245874 0.394548 0.310307 0.335669 0.499976 0.941826 0.0203615 0.583512 0.196524 0.518657 0.881922 0.51073 0.130605 0.122112 0.362487 0.84782 0.565195 0.831603 0.126446 0.525851 0.679249 0.990376 0.9618 0.958759 0.681197 0.984074 0.973951 0.590675 0.313631 0.111337 0.624168 0.301844 0.388381 0.935936 0.076051 0.505453 0.247563 0.284923 0.743033 0.208517 
0.217841 0.705831 0.709289 0.0599223 0.659007 0.487232 0.168012 0.178112 0.355469 0.513013 0.45367 0.72581 0.498352 0.916341 0.460547 0.524553 0.130174 0.114443 0.350648 0.781022 0.409519 0.786548 0.688327 0.790263 0.242578 0.394149 0.64225 0.395616 0.345103 0.948873 0.0737925 0.595667 0.624517 0.056775 0.67981 0.353507 0.519592 0.478339 0.742865 0.552742 0.033023 0.668305 0.520961 0.0293453 0.689014 0.991639 0.546707 0.293272 0.79098 0.0166574 0.443421 0.521127 0.500949 0.354413 0.247769 0.423258 0.90618 0.274952 0.620491 0.408659 0.1124 0.310809 0.165699 0.97956 
0.0210098 0.712062 0.148892 0.476996 0.465087 0.693045 0.458649 0.829861 0.750318 0.0903048 0.251853 0.690357 0.317718 0.744463 0.79687 0.0532194 0.684505 0.348488 0.226588 0.0466903 0.669528 0.556433 0.666509 0.837039 0.543633 0.486033 0.698766 0.26235 0.228381 0.886058 0.558968 0.242213 0.996633 0.162118 0.562252 0.796588 0.339807 0.239738 0.0484964 0.436131 0.483429 0.0310671 0.6308 0.821411 0.974846 0.167827 0.690532 0.0792895 0.789183 0.0176789 0.663608 0.866253 0.0741709 0.293718 0.164544 0.553161 0.616826 0.136434 0.938278 0.0419045 0.548495 0.126783 0.955881 0.0597051 
0.738497 0.435748 0.69567 0.128473 0.162238 0.984118 0.429794 0.328203 0.215278 0.140883 0.0301337 0.573728 0.214767 0.651584 0.356592 0.0324606 0.578896 0.138911 0.287062 0.457542 0.0928585 0.72283 0.433498 0.0822998 0.552495 0.0841252 0.772519 0.750576 0.242301 0.308036 0.542406 0.494127 0.537177 0.868331 0.91209 0.468719 0.633398 0.954659 0.5569 0.613235 0.221715 0.696014 0.970312 0.507587 0.335713 0.490419 0.568428 0.257624 0.839468 0.481894 0.859873 0.430021 0.0876721 0.0633196 0.404054 0.0823752 0.615377 0.984465 0.688139 0.349059 0.817855 0.807145 0.208125 0.767711 
0.0394182 0.450428 0.967483 0.734526 0.282169 0.614561 0.44526 0.744464 0.323051 0.410464 0.112264 0.363568 0.360482 0.306026 0.187454 0.497776 0.140709 0.78658 0.591379 0.831978 0.670226 0.635664 0.82628 0.628547 0.354714 0.151774 0.273898 0.0103808 0.382021 0.647142 0.317258 0.0531743 0.740716 0.147689 0.310596 0.637171 0.206822 0.0322423 0.710208 0.153292 0.652579 0.947723 0.235216 0.943351 0.970415 0.860193 0.357863 0.592105 0.517035 0.0816915 0.6175 0.888798 0.0959552 0.902474 0.364114 0.507803 0.322798 0.859962 0.275939 0.518247 0.917777 0.0578129 0.609481 0.0750879 
0.699909 0.916913 0.623214 0.249342 0.212157 0.180186 0.527653 0.831353 0.682221 0.132113 0.76631 0.768461 0.263748 0.0265173 0.376873 0.771057 0.994038 0.886276 0.357983 0.940934 0.513762 0.473806 0.136912 0.451029 0.141765 0.152172 0.729927 0.403727 0.704334 0.630481 0.891943 0.920815 0.859495 0.786431 0.451643 0.00176012 0.420169 0.182283 0.254236 0.758651 0.743911 0.527393 0.302029 0.913317 0.474133 0.498353 0.353222 0.223014 0.719164 0.931038 0.301416 0.881634 0.948398 0.547103 0.0533395 0.774329 0.350353 0.63251 0.0197193 0.323321 0.563458 0.208472 0.752634 0.469752 
0.95748 0.383559 0.754386 0.488029 0.141284 0.940198 0.668404 0.911867 0.946628 0.136088 0.924955 0.395506 0.969166 0.808751 0.735688 0.248012 0.342153 0.545722 0.107411 0.640345 0.408634 0.438544 0.0410163 0.0628366 0.290956 0.23858 0.425683 0.552478 0.981878 0.881225 0.423064 0.161478 0.491449 0.275721 0.376713 0.79406 0.273689 0.584372 0.621198 0.199025 0.246511 0.63755 0.650662 0.498555 0.733115 0.8517 0.451965 0.039002 0.762083 0.627859 0.273401 0.582136 0.546433 0.743388 0.161969 0.333306 0.85131 0.231008 0.14492 0.194247 0.777016 0.757968 0.192076 0.763825 
0.822536 0.739166 0.209305 0.466169 0.678702 0.542691 0.237573 0.750823 0.852316 0.313522 0.840466 0.156055 0.0217913 0.406437 0.661321 0.663737 0.334903 0.208731 0.784295 0.0261744 0.145091 0.685159 0.0450957 0.0585398 0.502722 0.348286 0.885076 0.603329 0.576818 0.219733 0.351528 0.372383 0.572112 0.164357 0.344643 0.810058 0.327271 0.834221 0.0209586 0.921683 0.506725 0.632868 0.95537 0.217517 0.948914 0.733999 0.789691 0.059061 0.814305 0.896537 0.458232 0.404475 0.361283 0.222885 0.252428 0.976417 0.848589 0.0507009 0.784205 0.105225 0.967533 0.192397 0.631763 0.277929 
0.103533 0.991089 0.96582 0.207316 0.455867 0.189259 0.258971 0.643912 0.620557 0.54204 0.569476 0.671856 0.196683 0.148277 0.987791 0.601853 0.62375 0.823106 0.552865 0.229153 0.642479 0.484615 0.784892 0.960889 0.863916 0.346447 0.362344 0.188847 0.906698 0.445626 0.524613 0.94283 0.345886 0.889523 0.394577 0.60102 0.762576 0.837197 0.553876 0.548697 0.249235 0.32708 0.308854 0.42358 0.500343 0.673876 0.384167 0.193919 0.0586273 0.31291 0.906805 0.728922 0.0651202 0.906266 0.120966 0.850279 0.366457 0.630017 0.153591 0.879631 0.0229256 0.758501 0.859494 0.237064 
0.214811 0.627143 0.248311 0.642229 0.163023 0.931287 0.80603 0.872933 0.451319 0.60639 0.847573 0.237075 0.936468 0.613022 0.336558 0.332855 0.587679 0.113539 0.881128 0.624301 0.491386 0.993713 0.0352868 0.815648 0.580738 0.316208 0.437551 0.590655 0.302024 0.220917 0.864186 0.430673 0.685541 0.135015 0.897742 0.131238 0.637684 0.683188 0.972967 0.909239 0.642395 0.268498 0.708929 0.00307084 0.355657 0.414951 0.87711 0.558134 0.119674 0.410297 0.550329 0.123288 0.302902 0.0546085 0.829583 0.766817 0.238159 0.581167 0.429806 0.26791 0.820121 0.115666 0.432234 0.992304 
0.259622 0.339543 0.865781 0.824138 0.886873 0.466907 0.834763 0.0719329 0.475866 0.00283358 0.40978 0.473721 0.0659865 0.0973162 0.0784007 0.970573 0.123122 0.541754 0.700686 0.597955 0.989486 0.949465 0.910549 0.0356879 0.709313 0.672421 0.235043 0.650592 0.26241 0.143573 0.894674 0.211408 0.392984 0.99177 0.713121 0.203462 0.751538 0.381291 0.310691 0.392523 0.306127 0.376523 0.663619 0.9142 0.267332 0.623777 0.850566 0.00606918 0.0403724 0.353806 0.915556 0.644087 0.543508 0.902 0.9955 0.02011 0.557692 0.158628 0.251859 0.226326 0.319929 0.162418 0.973955 0.933327 
0.945684 0.247925 0.682127 0.600371 0.0610139 0.664291 0.582245 0.845845 0.0701741 0.694913 0.0183643 0.948563 0.731121 0.464286 0.0205891 0.142706 0.892524 0.846939 0.451382 0.929362 0.206459 0.0248511 0.787843 0.170853 0.635431 0.539702 0.108164 0.682775 0.138183 0.630265 0.568555 0.527343 0.459016 0.777911 0.36993 0.369274 0.0234797 0.755491 0.742621 0.462641 0.609902 0.0206303 0.120499 0.0717811 0.958896 0.275335 0.0977537 0.87264 0.818924 0.0444579 0.39146 0.240079 0.370504 0.776448 0.156795 0.428881 0.74239 0.964703 0.407599 0.449483 0.877297 0.139148 0.526811 0.0411537 
0.705351 0.0838974 0.110879 0.197853 0.944142 0.69119 0.0710161 0.23199 0.200837 0.675091 0.248863 0.819891 0.560965 0.693971 0.659599 0.123894 0.526465 0.678761 0.246448 0.712832 0.894553 0.87405 0.810063 0.174481 0.69816 0.822712 0.941223 0.635227 0.049924 0.658088 0.689476 0.00671448 0.538822 0.544763 0.455721 0.619642 0.0433093 0.499598 0.0344325 0.322267 0.53644 0.691187 0.692948 0.443369 0.10368 0.141534 0.442385 0.10913 0.799277 0.277252 0.122378 0.288903 0.207442 0.300151 0.410635 0.502573 0.0928222 0.329409 0.522685 0.559082 0.50005 0.159434 0.291134 0.863128 
0.825844 0.361748 0.490999 0.457754 0.2865 0.647527 0.5617 0.399274 0.258744 0.617574 0.708323 0.801209 0.937976 0.207345 0.863811 0.982056 0.668866 0.773684 0.398155 0.857781 0.343355 0.728221 0.653692 0.897641 0.856941 0.734799 0.924784 0.345581 0.814336 0.718902 0.257099 0.628254 0.270017 0.0508196 0.00195926 0.239302 0.391669 0.520089 0.367298 0.424571 0.643454 0.733711 0.981918 0.319934 0.65072 0.595543 0.865433 0.702389 0.860116 0.370605 0.575638 0.13766 0.318533 0.509201 0.100806 0.939742 0.443377 0.0525718 0.516901 0.504779 0.848716 0.864666 0.0920758 0.495708 
0.348937 0.5531 0.951156 0.658028 0.102869 0.719224 0.165422 0.667892 0.886288 0.647324 0.460788 0.967262 0.802886 0.560757 0.197686 0.144446 0.186314 0.515747 0.887102 0.257652 0.43752 0.668724 0.24709 0.795175 0.624158 0.496302 0.209457 0.719062 0.708714 0.937981 0.72851 0.939166 0.279962 0.407115 0.785497 0.627345 0.550447 0.602843 0.373983 0.908555 0.52032 0.185383 0.19373 0.228386 0.375134 0.761587 0.791521 0.522635 0.236153 0.345127 0.302972 0.211509 0.748719 0.610344 0.256755 0.540888 0.380054 0.575233 0.595681 0.769242 0.922551 0.162321 0.845342 0.73179 
0.966396 0.116578 0.568892 0.795214 0.417672 0.190332 0.345516 0.706815 0.217195 0.162671 0.721869 0.797757 0.918575 0.229576 0.468946 0.693337 0.430675 0.890815 0.576088 0.908407 0.157604 0.98307 0.574804 0.199567 0.959649 0.600677 0.378541 0.138361 0.348074 0.788524 0.426533 0.865221 0.372479 0.291089 0.896981 0.0644826 0.116729 0.162696 0.243609 0.206334 0.856763 0.505003 0.569783 0.937573 0.0606378 0.634359 0.994806 0.392432 0.905578 0.0812587 0.217152 0.375306 0.610606 0.700995 0.892326 0.362324 0.255445 0.974444 0.971627 0.932427 0.812828 0.40943 0.518086 0.537234 
0.282509 0.554197 0.460574 0.761535 0.822621 0.476508 0.403125 0.131452 0.414376 0.319248 0.871573 0.708447 0.472591 0.294636 0.0853846 0.341871 0.249621 0.59159 0.781123 0.387724 0.717763 0.217003 0.293535 0.793787 0.82404 0.598291 0.12974 0.175308 0.506278 0.86245 0.358935 0.73085 0.587837 0.646357 0.461616 0.013785 0.105156 0.898411 0.796861 0.606341 0.518968 0.712552 0.410909 0.127742 0.189124 0.582182 0.89019 0.480007 0.55703 0.000729346 0.0210635 0.43333 0.471332 0.139439 0.565665 0.985622 0.389132 0.100602 0.334917 0.801982 0.368888 0.528652 0.835698 0.0238675 
0.669834 0.725702 0.713679 0.297293 0.148521 0.531556 0.163727 0.189146 0.733819 0.540944 0.986721 0.708305 0.126751 0.634957 0.430988 0.720854 0.619671 0.600658 0.782989 0.0245271 0.097045 0.275799 0.522043 0.0536667 0.669364 0.995884 0.389729 0.443748 0.829929 0.654217 0.570302 0.838668 0.0141214 0.917848 0.662074 0.789959 0.419567 0.444155 0.0862338 0.944376 0.230306 0.778988 0.660517 0.0277161 0.323815 0.216459 0.4437 0.854988 0.388393 0.955144 0.691088 0.831479 0.540641 0.741736 0.484232 0.215346 0.0546234 0.63182 0.32259 0.344136 0.0894376 0.761935 0.0874347 0.369018 
0.128856 0.126531 0.555235 0.330004 0.905584 0.16549 0.343501 0.544596 0.207163 0.177984 0.5337 0.387892 0.221697 0.450162 0.257156 0.674778 0.617153 0.27113 0.467419 0.17214 0.218339 0.438723 0.392107 0.306054 0.63379 0.624712 0.0247251 0.108379 0.417046 0.455022 0.639464 0.263175 0.143311 0.383026 0.298387 0.0236385 0.31525 0.884304 0.508925 0.577537 0.28688 0.299518 0.532176 0.937911 0.0637258 0.189296 0.0591774 0.452357 0.226543 0.878943 0.742017 0.399118 0.71523 0.746676 0.214641 0.658929 0.957858 0.528914 0.562578 0.0667642 0.882219 0.426204 0.377648 0.376467 
