1.000000	1.000000	1429552	10	1429552	0.590000	llinkGens:	28	linkTime:	4.85	linkFFE:	683093	totalInd:	106		0101111110000011110110101111101011111100010101101111100111110001010111000100011100101100100110111010	11	1559222630
1.000000	1.000000	1813403	13	1813403	0.530000	llinkGens:	31	linkTime:	5.63	linkFFE:	786499	totalInd:	123		0101011000011001111110101011101110000111100101001011110110001110101001001001101110010110000000110111	13	1559222639
1.000000	1.000000	830340	6	830340	0.480000	llinkGens:	22	linkTime:	4.26	linkFFE:	563544	totalInd:	60		1001001101000100001010111100001001110100101000011111110001100101011011000111011100001111111000001000	6	1559222644
1.000000	1.000000	1409435	10	1409435	0.410000	llinkGens:	27	linkTime:	4.73	linkFFE:	677154	totalInd:	99		0100011000100110101100010000011000011011000100000010101111100110111110010100001010000110110010000100	10	1559222652
1.000000	1.000000	2480688	19	2480688	0.460000	llinkGens:	40	linkTime:	7.53	linkFFE:	992880	totalInd:	146		1101001110001001000010011101001000001010010000111101111101101011000000010010101101010101111000000111	19	1559222657
1.000000	1.000000	1830898	14	1830898	0.530000	llinkGens:	38	linkTime:	6.82	linkFFE:	910017	totalInd:	124		0010010000001010000110001111010010001101101011001010111011111010011101100110010111111100001111110110	14	1559222665
1.000000	1.000000	2284121	18	2284121	0.520000	llinkGens:	39	linkTime:	7.16	linkFFE:	922659	totalInd:	143		0101000011011000100011000011010001101111110000111111100001011110000111011010111001101111101101000001	18	1559222670
1.000000	1.000000	941989	7	941989	0.430000	llinkGens:	22	linkTime:	3.93	linkFFE:	552444	totalInd:	75		0110000101000001000001000001010010010110100000011111001110101111101101101110110001011000001000000111	7	1559222678
1.000000	1.000000	843941	6	843941	0.550000	llinkGens:	21	linkTime:	3.89	linkFFE:	523642	totalInd:	69		1011101011001010010101000011110101101101111110110110111011000001110101000110010100101001110000111110	6	1559222686
1.000000	1.000000	1925806	14	1925806	0.590000	llinkGens:	35	linkTime:	5.84	linkFFE:	844807	totalInd:	125		0011100101100101101101110110101001111111111110000100010000100101101101010101011011101110101111101110	14	1559222691
1.000000	1.000000	639460	5	639460	0.420000	llinkGens:	18	linkTime:	3.31	linkFFE:	444265	totalInd:	50		0011010100101000110101000100000011011101011010101000001101100110010011001101010010000110101001010000	5	1559222699
1.000000	1.000000	1323246	9	1323246	0.480000	llinkGens:	34	linkTime:	5.53	linkFFE:	803325	totalInd:	92		0001100100011110100101101111111010011010111100010011101000001110001001000011010011001110110101000000	9	1559222704
1.000000	1.000000	3052193	23	3052193	0.480000	llinkGens:	32	linkTime:	5.50	linkFFE:	773764	totalInd:	188		1011000101111000101110111110000010011011001000011110000011011010001100100010001101101010100100110110	23	1559222712
1.000000	1.000000	924881	7	924881	0.580000	llinkGens:	18	linkTime:	3.32	linkFFE:	468036	totalInd:	79		1110011111101011000110001010111100011010101011000110011011101011011111001001101001101101001001011111	7	1559222717
1.000000	1.000000	3664466	28	3664466	0.440000	llinkGens:	50	linkTime:	8.91	linkFFE:	1175914	totalInd:	199		1011111100011011100110100101110101001100100100000000000000000110110110110110001000111101000100110000	28	1559222725
1.000000	1.000000	1058441	8	1058441	0.520000	llinkGens:	29	linkTime:	5.34	linkFFE:	722279	totalInd:	75		0110111001001100101110000010010011001110101011001100110101010001101011001001001110011010111111100011	8	1559222730
1.000000	1.000000	911881	7	911881	0.460000	llinkGens:	26	linkTime:	5.05	linkFFE:	653989	totalInd:	70		1000101100100101100011000010110000110101101100111010000001011001001001010101111001011110000001011110	7	1559222738
1.000000	1.000000	2149336	16	2149336	0.570000	llinkGens:	38	linkTime:	6.74	linkFFE:	904549	totalInd:	137		1111110101000111111010010000011100110000100010111001001110100111111000110111011010110111010110101101	16	1559222746
1.000000	1.000000	10286408	86	10286408	0.490000	llinkGens:	34	linkTime:	6.24	linkFFE:	801309	totalInd:	353		0101100001000100001101000010111101011101011110110110000010000110111110101100001100101111001010110001	86	1559222751
1.000000	1.000000	1730016	13	1730016	0.440000	llinkGens:	38	linkTime:	7.11	linkFFE:	930613	totalInd:	110		0101010001011011010100000001101111110100011010100110000110110000100001110100110100000011110100010100	13	1559222759
1.000000	1.000000	1758900	15	1758900	0.520000	llinkGens:	39	linkTime:	7.53	linkFFE:	939657	totalInd:	118		1111001101010110100111100000100101001111010100011110000010101000101011101001001111001001111000111110	15	1559222767
1.000000	1.000000	1930013	16	1930013	0.480000	llinkGens:	30	linkTime:	5.74	linkFFE:	718601	totalInd:	124		1001010001111010101010011001110111110000100110011011010100101111011100101010110000001111000000010000	16	1559222775
1.000000	1.000000	14189972	115	14189972	0.440000	llinkGens:	45	linkTime:	9.18	linkFFE:	1144981	totalInd:	401		0001000001111000101000100011110100001000100111000111101110110100110001000011110000101001010111100100	115	1559222780
1.000000	1.000000	1852533	17	1852533	0.400000	llinkGens:	38	linkTime:	7.34	linkFFE:	899576	totalInd:	126		1001001010111000000010110001010000000101101001010101000000110001011101010101111100011010000001010001	17	1559222788
1.000000	1.000000	3374981	30	3374981	0.530000	llinkGens:	40	linkTime:	8.15	linkFFE:	971417	totalInd:	185		0000000010111101110000111011000010001100011001100001111101010101110011011111111111111111000000001011	30	1559222796
1.000000	1.000000	873044	9	873044	0.470000	llinkGens:	27	linkTime:	5.65	linkFFE:	661595	totalInd:	63		1001000000011101001110001010111100000100110001011101101010111111101010010101001011110000110000110000	9	1559222807
1.000000	1.000000	31350052	229	31350052	0.560000	llinkGens:	63	linkTime:	12.97	linkFFE:	1576207	totalInd:	564		0111001111001110011010001110011110000101111100010111010101010010100100010101110011111010111110110001	229	1559222818
1.000000	1.000000	2098979	21	2098979	0.580000	llinkGens:	26	linkTime:	5.02	linkFFE:	580630	totalInd:	158		1111110001010111010101001110101001111010110001111100010100001101110001101100101111100101101101011101	21	1559222826
1.000000	1.000000	1315062	12	1315062	0.560000	llinkGens:	32	linkTime:	6.36	linkFFE:	766701	totalInd:	99		1101100101101111011101000011100101001101011111101001110011000000001111011010101011001111010011111000	12	1559222837
1.000000	1.000000	1005632	8	1005632	0.600000	llinkGens:	25	linkTime:	4.90	linkFFE:	628150	totalInd:	80		1000010010100011101101100111000101101110101111011111111011101001111110100011110000001110111101101101	8	1559222848
