27.000000	27.000000	37025	0	37025	0.666667	llinkGens:	5	linkTime:	0.03	linkFFE:	22536	totalInd:	4		000000000011111111111111111111000000000011111111111111111111	0	1559222435
27.000000	27.000000	36920	0	36920	0.500000	llinkGens:	5	linkTime:	0.03	linkFFE:	22536	totalInd:	4		111111111100000000001111111111000000000000000000001111111111	0	1559222443
27.000000	27.000000	36958	0	36958	0.833333	llinkGens:	5	linkTime:	0.03	linkFFE:	22536	totalInd:	4		111111111111111111110000000000111111111111111111111111111111	0	1559222448
27.000000	27.000000	36998	0	36998	0.333333	llinkGens:	5	linkTime:	0.02	linkFFE:	22536	totalInd:	4		000000000000000000001111111111000000000011111111110000000000	0	1559222456
27.000000	27.000000	37011	0	37011	0.500000	llinkGens:	5	linkTime:	0.02	linkFFE:	22536	totalInd:	4		111111111100000000000000000000000000000011111111111111111111	0	1559222461
27.000000	27.000000	36908	0	36908	0.666667	llinkGens:	5	linkTime:	0.03	linkFFE:	22536	totalInd:	4		111111111111111111111111111111000000000000000000001111111111	0	1559222469
27.000000	27.000000	37002	0	37002	0.333333	llinkGens:	5	linkTime:	0.02	linkFFE:	22536	totalInd:	4		000000000000000000000000000000111111111100000000001111111111	0	1559222474
27.000000	27.000000	36968	0	36968	0.500000	llinkGens:	5	linkTime:	0.02	linkFFE:	22536	totalInd:	4		000000000011111111110000000000111111111111111111110000000000	0	1559222482
27.000000	27.000000	36939	0	36939	0.666667	llinkGens:	5	linkTime:	0.02	linkFFE:	22536	totalInd:	4		111111111100000000000000000000111111111111111111111111111111	0	1559222487
27.000000	27.000000	36621	0	36621	0.333333	llinkGens:	5	linkTime:	0.03	linkFFE:	22728	totalInd:	4		000000000000000000000000000000111111111100000000001111111111	0	1559222495
27.000000	27.000000	36664	0	36664	0.333333	llinkGens:	5	linkTime:	0.02	linkFFE:	22624	totalInd:	4		000000000000000000000000000000111111111111111111110000000000	0	1559222500
27.000000	27.000000	36996	0	36996	0.333333	llinkGens:	5	linkTime:	0.02	linkFFE:	22536	totalInd:	4		111111111100000000001111111111000000000000000000000000000000	0	1559222508
27.000000	27.000000	36577	1	36577	0.500000	llinkGens:	5	linkTime:	0.03	linkFFE:	22176	totalInd:	4		111111111111111111110000000000111111111100000000000000000000	1	1559222513
27.000000	27.000000	36956	1	36956	0.166667	llinkGens:	5	linkTime:	0.02	linkFFE:	22536	totalInd:	4		000000000000000000001111111111000000000000000000000000000000	1	1559222521
27.000000	27.000000	36158	0	36158	0.500000	llinkGens:	5	linkTime:	0.03	linkFFE:	22816	totalInd:	4		000000000011111111110000000000111111111111111111110000000000	0	1559222526
27.000000	27.000000	36999	1	36999	0.166667	llinkGens:	5	linkTime:	0.02	linkFFE:	22536	totalInd:	4		000000000000000000001111111111000000000000000000000000000000	1	1559222534
27.000000	27.000000	36948	1	36948	0.500000	llinkGens:	5	linkTime:	0.03	linkFFE:	22536	totalInd:	4		000000000011111111111111111111111111111100000000000000000000	1	1559222539
27.000000	27.000000	36973	1	36973	0.333333	llinkGens:	5	linkTime:	0.02	linkFFE:	22536	totalInd:	4		000000000000000000000000000000000000000011111111111111111111	1	1559222547
27.000000	27.000000	37035	1	37035	0.333333	llinkGens:	5	linkTime:	0.02	linkFFE:	22536	totalInd:	4		000000000011111111111111111111000000000000000000000000000000	1	1559222552
27.000000	27.000000	36697	1	36697	1.000000	llinkGens:	5	linkTime:	0.02	linkFFE:	22624	totalInd:	4		111111111111111111111111111111111111111111111111111111111111	1	1559222560
27.000000	27.000000	36655	1	36655	0.500000	llinkGens:	5	linkTime:	0.03	linkFFE:	22176	totalInd:	4		111111111111111111111111111111000000000000000000000000000000	1	1559222565
27.000000	27.000000	36698	1	36698	0.666667	llinkGens:	5	linkTime:	0.02	linkFFE:	22624	totalInd:	4		111111111100000000001111111111000000000011111111111111111111	1	1559222573
27.000000	27.000000	36879	1	36879	0.833333	llinkGens:	5	linkTime:	0.03	linkFFE:	22536	totalInd:	4		000000000011111111111111111111111111111111111111111111111111	1	1559222578
27.000000	27.000000	36247	1	36247	0.333333	llinkGens:	5	linkTime:	0.02	linkFFE:	22712	totalInd:	4		111111111100000000000000000000000000000011111111110000000000	1	1559222586
27.000000	27.000000	36973	1	36973	0.500000	llinkGens:	5	linkTime:	0.03	linkFFE:	22536	totalInd:	4		000000000011111111110000000000111111111111111111110000000000	1	1559222591
27.000000	27.000000	36922	1	36922	0.333333	llinkGens:	5	linkTime:	0.02	linkFFE:	22536	totalInd:	4		000000000000000000000000000000111111111111111111110000000000	1	1559222599
27.000000	27.000000	36342	1	36342	0.333333	llinkGens:	5	linkTime:	0.03	linkFFE:	21936	totalInd:	4		000000000000000000001111111111000000000000000000001111111111	1	1559222604
27.000000	27.000000	36892	1	36892	0.333333	llinkGens:	5	linkTime:	0.02	linkFFE:	22536	totalInd:	4		000000000011111111111111111111000000000000000000000000000000	1	1559222612
27.000000	27.000000	37018	1	37018	0.666667	llinkGens:	5	linkTime:	0.02	linkFFE:	22536	totalInd:	4		000000000011111111110000000000111111111111111111111111111111	1	1559222617
27.000000	27.000000	36779	1	36779	0.166667	llinkGens:	5	linkTime:	0.02	linkFFE:	22536	totalInd:	4		111111111100000000000000000000000000000000000000000000000000	1	1559222625
