47.000000	100.000000	3103573567	15625	6818778631	0.350000  	LogFile:	_3lo_dsm_000.txt	0000000000111111111111100001010000000000000000000011111111110101100011000000000001111100000000000000	52209	1558168994
90.000000	100.000000	1727262625	5524	7477916354	0.500000  	LogFile:	_3lo_dsm_001.txt	1111111111000000000011111111111111111111000000000000000000000000000000111111111100000000001111111111	52343	1558169311
90.000000	100.000000	1568707619	5392	6837177286	0.500000  	LogFile:	_3lo_dsm_002.txt	1111111111111111111100000000000000000000000000000011111111111111111111111111111100000000000000000000	52227	1558169328
90.000000	100.000000	4405600915	27776	6642414215	0.500000  	LogFile:	_3lo_dsm_003.txt	0000000000000000000011111111110000000000111111111100000000001111111111111111111111111111110000000000	52233	1558169465
90.000000	100.000000	3029368518	14565	7081015870	0.500000  	LogFile:	_3lo_dsm_004.txt	1111111111111111111100000000000000000000111111111100000000000000000000000000000011111111111111111111	52298	1558170655
90.000000	100.000000	1262533930	4531	6426452307	0.500000  	LogFile:	_3lo_dsm_005.txt	1111111111000000000000000000000000000000111111111111111111110000000000111111111100000000001111111111	52412	1558170882
90.000000	100.000000	1577908651	5419	7501091011	0.500000  	LogFile:	_3lo_dsm_006.txt	1111111111000000000011111111110000000000111111111111111111111111111111000000000000000000000000000000	52290	1558171058
90.000000	100.000000	1457464192	5653	6338732160	0.500000  	LogFile:	_3lo_dsm_007.txt	1111111111000000000000000000000000000000111111111111111111111111111111111111111100000000000000000000	52299	1558171589
90.000000	100.000000	1481582522	5233	7940920079	0.500000  	LogFile:	_3lo_dsm_008.txt	0000000000111111111111111111111111111111111111111111111111110000000000000000000000000000000000000000	52335	1558172863
90.000000	100.000000	2688496187	13545	6730891677	0.500000  	LogFile:	_3lo_dsm_009.txt	0000000000000000000011111111110000000000111111111111111111111111111111000000000000000000001111111111	52328	1558176907
90.000000	100.000000	5539833751	48052	5928520386	0.500000  	LogFile:	_3lo_dsm_010.txt	1111111111111111111100000000001111111111000000000000000000000000000000111111111100000000001111111111	52279	1558181436
90.000000	100.000000	1785649772	8196	5569672083	0.500000  	LogFile:	_3lo_dsm_011.txt	0000000000111111111111111111111111111111111111111100000000000000000000000000000000000000001111111111	52280	1558213665
90.000000	100.000000	1517694959	6307	5963686807	0.500000  	LogFile:	_3lo_dsm_012.txt	0000000000000000000000000000000000000000111111111111111111111111111111000000000011111111111111111111	52528	1558213995
90.000000	100.000000	1684109261	6462	6346119243	0.500000  	LogFile:	_3lo_dsm_013.txt	0000000000111111111100000000001111111111000000000000000000000000000000111111111111111111111111111111	52280	1558214102
90.000000	100.000000	1538817402	4947	7152032947	0.500000  	LogFile:	_3lo_dsm_014.txt	0000000000111111111111111111110000000000111111111100000000001111111111000000000011111111110000000000	52222	1558214251
90.000000	100.000000	1891074628	8221	6520448587	0.500000  	LogFile:	_3lo_dsm_015.txt	1111111111111111111100000000000000000000111111111100000000000000000000111111111100000000001111111111	52258	1558214418
90.000000	100.000000	1373679318	5348	7169590183	0.500000  	LogFile:	_3lo_dsm_016.txt	0000000000000000000011111111111111111111000000000011111111110000000000111111111111111111110000000000	52394	1558215140
90.000000	100.000000	955907347	3182	7254023160	0.500000  	LogFile:	_3lo_dsm_017.txt	0000000000000000000000000000001111111111111111111100000000000000000000111111111111111111111111111111	52388	1558215748
70.000000	100.000000	8508132298	46235	9383806586	0.300000  	LogFile:	_3lo_dsm_018.txt	0000000000000000000000000000000000000000000000000000000000001111111111111111111100000000001111111111	52321	1558216185
90.000000	100.000000	632033612	1968	6174144861	0.500000  	LogFile:	_3lo_dsm_019.txt	1111111111111111111111111111111111111111111111111100000000000000000000000000000000000000000000000000	52224	1558217546
90.000000	100.000000	1439085019	5747	6430601616	0.500000  	LogFile:	_3lo_dsm_020.txt	1111111111111111111100000000000000000000000000000000000000001111111111000000000011111111111111111111	52267	1558219229
90.000000	100.000000	1825983948	7731	8156111704	0.500000  	LogFile:	_3lo_dsm_021.txt	0000000000000000000000000000001111111111000000000011111111110000000000111111111111111111111111111111	52274	1558220026
90.000000	100.000000	2057167765	8510	7759116485	0.500000  	LogFile:	_3lo_dsm_022.txt	0000000000111111111100000000001111111111111111111111111111110000000000000000000011111111110000000000	52318	1558220061
90.000000	100.000000	1167792165	4437	6055892340	0.500000  	LogFile:	_3lo_dsm_023.txt	1111111111111111111100000000000000000000000000000011111111110000000000111111111100000000001111111111	52246	1558221206
90.000000	100.000000	1077950079	4080	6207337338	0.500000  	LogFile:	_3lo_dsm_024.txt	1111111111111111111111111111110000000000000000000011111111111111111111000000000000000000000000000000	52262	1558221556
90.000000	100.000000	2739961261	14143	6720207722	0.500000  	LogFile:	_3lo_dsm_025.txt	1111111111000000000011111111110000000000111111111111111111110000000000000000000011111111110000000000	52356	1558221657
90.000000	100.000000	1718299056	8316	5800351433	0.500000  	LogFile:	_3lo_dsm_026.txt	1111111111111111111100000000000000000000000000000000000000000000000000111111111111111111111111111111	52249	1558221698
90.000000	100.000000	2882267178	15706	6316763459	0.500000  	LogFile:	_3lo_dsm_027.txt	1111111111111111111111111111110000000000000000000000000000000000000000000000000011111111111111111111	52274	1558222954
100.000000	100.000000	5672258075	49977	5672258075	1.000000  	LogFile:	_3lo_dsm_028.txt	1111111111111111111111111111111111111111111111111111111111111111111111111111111111111111111111111111	49977	1558223296
90.000000	100.000000	2030221735	13224	5502961606	0.500000  	LogFile:	_3lo_dsm_029.txt	0000000000000000000000000000001111111111000000000011111111111111111111111111111100000000001111111111	52249	1558223349
