1.000000	1.000000	9721829	156	9721829	0.555000	llinkGens:	63	linkTime:	91.06	linkFFE:	6127404	totalInd:	189		11011111100000111101101011111010111111000101011011111001111100010101110001000111001011001001101111101011010011001001011010100011001000001000111101000101110001001111001101110001111101010110100111010100	156	1512157193
1.000000	1.000000	4915076	81	4915076	0.535000	llinkGens:	31	linkTime:	48.10	linkFFE:	3247135	totalInd:	127		11110110000110011111101010111011100001111001010010111101100011101010010010011011100101100000001100101111011000001001101101010110101101011000111010001011011110101111010111110001001110010101011001001000	81	1512157351
1.000000	1.000000	12488020	206	12488020	0.490000	llinkGens:	54	linkTime:	78.52	linkFFE:	5286545	totalInd:	251		10010011010001000010101111000010011101001010000111111100011001010110110001110111000011111110000010001011000001111111001100110000100101101010001010001100010011101010001110100100111001110101110010101011	207	1512157434
1.000000	1.000000	165093044	2574	165093044	0.490000	llinkGens:	92	linkTime:	131.45	linkFFE:	8832305	totalInd:	1017		10110101000010111110000100000110000110110001000000101011111001101111100101000010100001101100100001000100111001100101010101100001101100011111111010110110000010111011110111011001011000001011110011110100	2575	1512157643
1.000000	1.000000	6470027	105	6470027	0.470000	llinkGens:	48	linkTime:	64.22	linkFFE:	4317643	totalInd:	141		00000010010111110110100111010010000010100100001111011111011010110000000100101011010101011110011100111010011000011001000001110001111001000000001000100011010001110111001000111101101010000111110111001100	106	1512157699
1.000000	1.000000	5613067	95	5613067	0.500000	llinkGens:	38	linkTime:	51.94	linkFFE:	3486846	totalInd:	150		01100100000010100001100011110100100011011010110010101110111110100111011001100101111111000010001001110011100110000111101001010111101011101101101100100110011111100000101000111010110101001000010001100000	96	1512157710
1.000000	1.000000	9087974	151	9087974	0.555000	llinkGens:	57	linkTime:	77.65	linkFFE:	5217659	totalInd:	190		01100100100110001000110000110100011011111100001111111000010111100001110110101110011011111011100011000010111111011110001010111101011011011010111110100010110111101101010111111010101000000100111010010010	152	1512157805
1.000000	1.000000	5235508	90	5235508	0.510000	llinkGens:	33	linkTime:	47.51	linkFFE:	3195515	totalInd:	149		10101100010011110000010000010100100101101000000111110011101011111011011011101100010110000010000001110111010000101010101011011001110110010110000010100101110101111100000011011111101010110000111110111110	91	1512157813
1.000000	1.000000	8522683	144	8522683	0.535000	llinkGens:	46	linkTime:	64.35	linkFFE:	4326402	totalInd:	188		00001110110010100101010000111101011011011111101101101110110000011101010001100101001010011100011111001000001110101111100111001011010011000110111101100111010011010100101000001001010000111100111011111101	144	1512157906
1.000000	1.000000	2657863	44	2657863	0.565000	llinkGens:	21	linkTime:	29.61	linkFFE:	1992095	totalInd:	69		10101101011001011011011101101010011111111111100001000100001001011011010101010110111001010110001110001001011001111011011011000010100110010110111110010010100111101100001110111111011111001010110011101001	44	1512157959
1.000000	1.000000	35837028	583	35837028	0.495000	llinkGens:	76	linkTime:	104.89	linkFFE:	7039662	totalInd:	464		11110101001010001101010001000000110111010110101010000011011001100100110011010100100001101001111010110000101101001010111000100001000111111000110110011110110100100101100000011101011110110110101111010100	583	1512157976
1.000000	1.000000	8207802	136	8207802	0.480000	llinkGens:	46	linkTime:	68.51	linkFFE:	4612421	totalInd:	183		00011001000111101001011011111110100110101111000100111010000011100010010000110111110001010101111010011101001111101000011101000100000111010010000001000000011011100010000110101000110011101011001101101010	136	1512158005
1.000000	1.000000	8672914	144	8672914	0.460000	llinkGens:	46	linkTime:	68.19	linkFFE:	4593271	totalInd:	183		10001011111110001011101111100000100110110010000111100000110110100011001000100011011010101001001101101011001110011110011000010010000101111100010001101001100001100010110100000010011011000100010001000111	144	1512158019
1.000000	1.000000	4824893	80	4824893	0.450000	llinkGens:	37	linkTime:	53.68	linkFFE:	3613948	totalInd:	119		01001001001110011110011110000100010101010010110001100110111010011000001101100100101000001000001100101111000101100000011101010011010010110110001111110010010100000000110010101001000111110100011101001100	80	1512158051
1.000000	1.000000	12819610	214	12819610	0.485000	llinkGens:	63	linkTime:	90.11	linkFFE:	6057599	totalInd:	245		01011111000110111001101001011101010011001001000000000000000001101101101101100010001111010001001100001011101000110011000001111111110101110000110000011011110011010010100011110100101001110100001111010111	214	1512158134
1.000000	1.000000	49129885	798	49129885	0.505000	llinkGens:	82	linkTime:	112.08	linkFFE:	7523736	totalInd:	566		01011101101011001011100000100100110011101010110011001101010100011010110010010011100110101111111000110110111101010000101011010010001011001001100101101001010001101110001101010101011100010000011001111100	798	1512158142
1.000000	1.000000	5612131	95	5612131	0.470000	llinkGens:	43	linkTime:	59.11	linkFFE:	3971433	totalInd:	137		10001011001001011000110000101100001101011011001110100000010110010010010101011110010111100000010111101000100111110001001011011001000111110010001100110110100010110001110001110110110010000001101010000111	95	1512158165
1.000000	1.000000	8060390	136	8060390	0.535000	llinkGens:	47	linkTime:	62.29	linkFFE:	4181846	totalInd:	182		10100110010101101100111001100000111111101000101110010011101001111110001101110110101101110101101010101010111000110010000001100011101111001101100010000010100011010110010100110100101110111010100011111101	137	1512158260
1.000000	1.000000	13102096	212	13102096	0.510000	llinkGens:	57	linkTime:	79.57	linkFFE:	5343224	totalInd:	250		01011000010001000011010000101111010111010111101101100000100001101111101011000011001011110010101100010110000100100011010011110001111001001111000110001001011001100011110111111101111011000110011010011100	213	1512158349
1.000000	1.000000	9056730	146	9056730	0.495000	llinkGens:	55	linkTime:	79.92	linkFFE:	5376383	totalInd:	179		01101100010110110101000000011011111101000110101001100001101100001000011101001101000000111101000101100000101110011011111110100011001100110100000101011000101001010101101110110011001001101011011111010011	147	1512158390
1.000000	1.000000	3311289	56	3311289	0.505000	llinkGens:	30	linkTime:	40.18	linkFFE:	2701335	totalInd:	90		11110011010101101001111000001001010011110101000111100000101010001010111010010011110010011110100101010110001100101100101111111100001010010100110110011001111000111010001001011011001001011000000110010111	57	1512158398
1.000000	1.000000	4934456	81	4934456	0.455000	llinkGens:	32	linkTime:	48.16	linkFFE:	3247543	totalInd:	131		01110001010010011100000110011101111100001001100110110101001011110111001010101100000011110000000100001001001000100111101110011001101010000110010100101100000001000111100001011000111101100001100101101100	82	1512158457
1.000000	1.000000	3360339	55	3360339	0.445000	llinkGens:	23	linkTime:	35.71	linkFFE:	2411383	totalInd:	86		11010000011110001010001000111101000010001001110001111011101101001100010000111100001010010101111001000001101000011000110100011001011100001000110010110010111010010001001000001111110110001101000110110000	56	1512158537
1.000000	1.000000	6048732	100	6048732	0.430000	llinkGens:	39	linkTime:	57.58	linkFFE:	3874151	totalInd:	137		10010010101110000000101100010100000001011010010101010000001100010111010101011111000110100000010100011000011001001000010010111111100000001100100110101010000010010101100101000001111011011011100111101100	101	1512158545
1.000000	1.000000	8573447	146	8573447	0.485000	llinkGens:	50	linkTime:	71.62	linkFFE:	4810937	totalInd:	191		11000010000101111100001110110000100011000110011000011111010101011100110111111111111111110000000010110000010001001001101011000010110100101111101110000001111000010101011010011000010100111010010100010010	147	1512158559
1.000000	1.000000	3582980	60	3582980	0.460000	llinkGens:	26	linkTime:	37.22	linkFFE:	2508455	totalInd:	97		11100000000111010011100010101111000001001100010111011010101111111010100101010010111100001100000000010011001101101111001110110000010101000000011011110111001010001111100100100000001110010010110000100001	61	1512158567
1.000000	1.000000	47499374	781	47499374	0.490000	llinkGens:	57	linkTime:	80.59	linkFFE:	5407967	totalInd:	562		01011110011101100110100011100111100001011111000101110101010100101001000101011100111110101101000000100010011001000100101110000001011100010101110001000001011010111010011000111100000000011101110110111101	781	1512158594
1.000000	1.000000	5904496	100	5904496	0.520000	llinkGens:	39	linkTime:	54.94	linkFFE:	3692856	totalInd:	147		11111100010101110101010011101010011110101100011111000101000011011100011011001011111001011011010111011111011110000100100101000001000010010010100010101000110111000111011000111100110100100100101000111101	100	1512158629
1.000000	1.000000	5287362	87	5287362	0.490000	llinkGens:	38	linkTime:	57.12	linkFFE:	3846605	totalInd:	127		10000000000011101101010000111001010011010111111010011100110000000011110110101010110011110100111110001010110001000110101101011101010110010011101000001000110011000010010000111011111011011101001011100001	87	1512158649
1.000000	1.000000	3515042	58	3515042	0.535000	llinkGens:	27	linkTime:	40.91	linkFFE:	2761375	totalInd:	101		00000010111001111011011001110001011011101011110111111110111010011111101000111100000011101111011011011001000101101000001110000010101001110100101001111111110110010011101000100000100010111011000100001101	58	1512158708
1.000000	1.000000	7369855	125	7369855	0.505000	llinkGens:	40	linkTime:	57.98	linkFFE:	3901517	totalInd:	173		01101011010100000010000110101000001111111001110111000101001101010110010101011010110110110010100011111010000100000011100011011001101000111001010110001011010110001101011000001111111100100101101101111010	125	1512158731
1.000000	1.000000	6754246	111	6754246	0.545000	llinkGens:	44	linkTime:	65.37	linkFFE:	4400161	totalInd:	154		00001111001110100101111100111010001100111111111010110000010010001000110110111101100010111000001110011010111111001110010000001110100110010011011010011101100101011110111110011001001110100110100011111001	111	1512158739
1.000000	1.000000	8791137	145	8791137	0.485000	llinkGens:	48	linkTime:	73.20	linkFFE:	4927349	totalInd:	186		11000100110110101011111100011111010100001000101000100001111100001011101101101001110110110100011111100110000110000010010101011100001001110101010011010011001011110101100100101000010110110000011100100000	145	1512158768
1.000000	1.000000	4333480	72	4333480	0.505000	llinkGens:	31	linkTime:	43.35	linkFFE:	2914644	totalInd:	116		01001100010101110101110001101111101110011110010110110101000011100011000001100110010011111001101000000111100110001000110010101000001100010010011110001011000010010001010010111111101100111110011011101011	72	1512158851
1.000000	1.000000	10352887	173	10352887	0.525000	llinkGens:	56	linkTime:	81.00	linkFFE:	5439712	totalInd:	209		10100111100010101101000001111001111111100010011100100100111010000000011100110100000110011110010010000101011101011011001000110100010100110111111001100101110001110010111011100110111001011011101110011101	173	1512158859
1.000000	1.000000	7312461	120	7312461	0.480000	llinkGens:	42	linkTime:	60.00	linkFFE:	4040831	totalInd:	165		10001001011110101110000000001111101000111011001010011101000010000100110101111001101001101000101110001010110011000101010000111010010001111011110010110001010011110101110110011010010001000001101100001110	121	1512158915
1.000000	1.000000	8132384	134	8132384	0.520000	llinkGens:	47	linkTime:	69.07	linkFFE:	4645379	totalInd:	173		10101111101010110011010001000110010001111101110110100010100011111000001001010001101100000110100001101101110010101011101011111010101000100001111011111110011010000111101101011010011000101000100110101011	135	1512158926
1.000000	1.000000	22074507	363	22074507	0.505000	llinkGens:	71	linkTime:	102.21	linkFFE:	6870383	totalInd:	353		01100111010111100010010100001011110111010010100000000111000011010001000010010010101011010011111111011100000110100100011011001010100100111000001011011110110101110011111001110100001111010001110100111011	364	1512158943
1.000000	1.000000	10018648	167	10018648	0.505000	llinkGens:	57	linkTime:	85.39	linkFFE:	5752805	totalInd:	209		10010101010100000010011101010011110110101001101110110001010110111101001011111001101111101000011010100110011111101001110100000101010010011001100111001110100101101001100110110010000010010001110101000100	168	1512159035
1.000000	1.000000	5858045	97	5858045	0.540000	llinkGens:	39	linkTime:	56.04	linkFFE:	3773696	totalInd:	149		11101101001101101111011100100110110111100110011111000100101110000000010100111011010000111111000111011001101111101011111111101001011000011101000101111000101011100011001011101000111110000000101000011000	98	1512159043
1.000000	1.000000	4997658	82	4997658	0.490000	llinkGens:	38	linkTime:	52.72	linkFFE:	3542386	totalInd:	118		00000000010111011000000001110110100001110011110111011100001110111000110011001110111101001101111010100011111011001101011101010001100001110010001010111010000001001011110000000110100100100000001101111111	83	1512159063
1.000000	1.000000	4432984	74	4432984	0.550000	llinkGens:	34	linkTime:	50.97	linkFFE:	3437347	totalInd:	108		01110000100101000111110111100010011000101100111100111000110100010011011010000011011111111111011100101101101001001111001010101101111110000011000000111110111010101010111101111110000001111001101010101100	75	1512159143
1.000000	1.000000	4890457	81	4890457	0.550000	llinkGens:	35	linkTime:	52.08	linkFFE:	3506711	totalInd:	118		10110111110111010110001001110011001111001101101111000111110101000100111110111101001111010111100010000001010001001010100000001110100111110011111001001011001111100011111100100000000111110101101011001101	82	1512159151
1.000000	1.000000	2559313	43	2559313	0.490000	llinkGens:	20	linkTime:	31.35	linkFFE:	2113440	totalInd:	75		01000001101011101011111000000101101000100101110111010101100010100010101111001110101001111000011000010110100000111001010001001011111010111001101001011100110010001010111000110110000111100110000110000111	44	1512159204
1.000000	1.000000	48681152	773	48681152	0.535000	llinkGens:	99	linkTime:	141.28	linkFFE:	9494379	totalInd:	537		11111110110100110101101000010011001111100101001010111110000100001001010011010000001001110101101100111101101001011111011111000011110011110101000000110001010111111101011001010001011100011100111101011000	774	1512159218
1.000000	1.000000	3832055	65	3832055	0.500000	llinkGens:	31	linkTime:	44.74	linkFFE:	3007703	totalInd:	101		00001111001100110100101100011010111110001000111001111111001010000010110000111101111011110000101001100000000101111001001101110101101110000100000100100010001001010110100111101110111111011111100100000010	66	1512159235
1.000000	1.000000	8302723	142	8302723	0.475000	llinkGens:	47	linkTime:	67.96	linkFFE:	4568931	totalInd:	187		10010101000011100011000111011110001010110011001010011110111010000110101110011000111110101100011111001010010110001010110010000010110001010110110001000010101010010100101000100010000110101001111011000101	142	1512159250
1.000000	1.000000	4251166	71	4251166	0.475000	llinkGens:	30	linkTime:	42.02	linkFFE:	2829684	totalInd:	118		11001100110101010000000101111011010101011110101101101100111001110011010111000111000100001010011000011010110001100111100010110001110001000111000001111100001111110000011010110001000001000110010100010100	71	1512159303
1.000000	1.000000	5553432	94	5553432	0.510000	llinkGens:	36	linkTime:	53.06	linkFFE:	3577109	totalInd:	136		11001101000011111000010000111011100111111101011011100101100111111111101100001001111000111011000110100000101101110001000000010110000010000001011010011010111111011110011000100001100101001110000010110111	94	1512159311
1.000000	1.000000	3385091	56	3385091	0.505000	llinkGens:	27	linkTime:	40.01	linkFFE:	2696933	totalInd:	91		10010000010011001101011000011011010011110100010101101011111101110110111000011101110110101110110001000100001110110000010010010000011010100010001111000010100011110111000101010001111111101111001010111000	56	1512159376
