228.000000	228.000000	2053985	6	2053985	1.000000	llinkGens:	11	linkTime:	4.85	linkFFE:	1972965	totalInd:	10		111111111111111111111111111111111111111111111111111111111111111111111111111111111111111111111111111111111111111111111111111111111111111111111111111111111111111111111111111111111111111111111111111111111111111111111111111111111111111111111111111111111111111111111111111111111111111111111111111111111111111111111111111111111111111111111111111111111111111111111111111111111111111111111111111111111111111	6	1559221979
228.000000	228.000000	1709237	5	1709237	1.000000	llinkGens:	9	linkTime:	4.08	linkFFE:	1645304	totalInd:	8		111111111111111111111111111111111111111111111111111111111111111111111111111111111111111111111111111111111111111111111111111111111111111111111111111111111111111111111111111111111111111111111111111111111111111111111111111111111111111111111111111111111111111111111111111111111111111111111111111111111111111111111111111111111111111111111111111111111111111111111111111111111111111111111111111111111111111	5	1559221987
228.000000	228.000000	1367313	4	1367313	1.000000	llinkGens:	7	linkTime:	3.27	linkFFE:	1320890	totalInd:	6		111111111111111111111111111111111111111111111111111111111111111111111111111111111111111111111111111111111111111111111111111111111111111111111111111111111111111111111111111111111111111111111111111111111111111111111111111111111111111111111111111111111111111111111111111111111111111111111111111111111111111111111111111111111111111111111111111111111111111111111111111111111111111111111111111111111111111	4	1559221992
228.000000	228.000000	1363932	4	1363932	1.000000	llinkGens:	7	linkTime:	3.27	linkFFE:	1318038	totalInd:	6		111111111111111111111111111111111111111111111111111111111111111111111111111111111111111111111111111111111111111111111111111111111111111111111111111111111111111111111111111111111111111111111111111111111111111111111111111111111111111111111111111111111111111111111111111111111111111111111111111111111111111111111111111111111111111111111111111111111111111111111111111111111111111111111111111111111111111	4	1559221997
228.000000	228.000000	2398958	7	2398958	1.000000	llinkGens:	12	linkTime:	5.66	linkFFE:	2301881	totalInd:	13		111111111111111111111111111111111111111111111111111111111111111111111111111111111111111111111111111111111111111111111111111111111111111111111111111111111111111111111111111111111111111111111111111111111111111111111111111111111111111111111111111111111111111111111111111111111111111111111111111111111111111111111111111111111111111111111111111111111111111111111111111111111111111111111111111111111111111	7	1559222002
228.000000	228.000000	1716582	5	1716582	1.000000	llinkGens:	9	linkTime:	4.05	linkFFE:	1652640	totalInd:	8		111111111111111111111111111111111111111111111111111111111111111111111111111111111111111111111111111111111111111111111111111111111111111111111111111111111111111111111111111111111111111111111111111111111111111111111111111111111111111111111111111111111111111111111111111111111111111111111111111111111111111111111111111111111111111111111111111111111111111111111111111111111111111111111111111111111111111	5	1559222010
228.000000	228.000000	1715702	6	1715702	1.000000	llinkGens:	9	linkTime:	4.12	linkFFE:	1652222	totalInd:	8		111111111111111111111111111111111111111111111111111111111111111111111111111111111111111111111111111111111111111111111111111111111111111111111111111111111111111111111111111111111111111111111111111111111111111111111111111111111111111111111111111111111111111111111111111111111111111111111111111111111111111111111111111111111111111111111111111111111111111111111111111111111111111111111111111111111111111	6	1559222015
228.000000	228.000000	1714800	5	1714800	1.000000	llinkGens:	9	linkTime:	4.08	linkFFE:	1651081	totalInd:	8		111111111111111111111111111111111111111111111111111111111111111111111111111111111111111111111111111111111111111111111111111111111111111111111111111111111111111111111111111111111111111111111111111111111111111111111111111111111111111111111111111111111111111111111111111111111111111111111111111111111111111111111111111111111111111111111111111111111111111111111111111111111111111111111111111111111111111	5	1559222020
228.000000	228.000000	1716198	5	1716198	1.000000	llinkGens:	9	linkTime:	4.06	linkFFE:	1652162	totalInd:	8		111111111111111111111111111111111111111111111111111111111111111111111111111111111111111111111111111111111111111111111111111111111111111111111111111111111111111111111111111111111111111111111111111111111111111111111111111111111111111111111111111111111111111111111111111111111111111111111111111111111111111111111111111111111111111111111111111111111111111111111111111111111111111111111111111111111111111	5	1559222025
228.000000	228.000000	1735412	5	1735412	1.000000	llinkGens:	10	linkTime:	4.02	linkFFE:	1669868	totalInd:	8		111111111111111111111111111111111111111111111111111111111111111111111111111111111111111111111111111111111111111111111111111111111111111111111111111111111111111111111111111111111111111111111111111111111111111111111111111111111111111111111111111111111111111111111111111111111111111111111111111111111111111111111111111111111111111111111111111111111111111111111111111111111111111111111111111111111111111	5	1559222033
228.000000	228.000000	1360184	4	1360184	1.000000	llinkGens:	7	linkTime:	3.35	linkFFE:	1313699	totalInd:	6		111111111111111111111111111111111111111111111111111111111111111111111111111111111111111111111111111111111111111111111111111111111111111111111111111111111111111111111111111111111111111111111111111111111111111111111111111111111111111111111111111111111111111111111111111111111111111111111111111111111111111111111111111111111111111111111111111111111111111111111111111111111111111111111111111111111111111	4	1559222038
228.000000	228.000000	1721760	5	1721760	1.000000	llinkGens:	9	linkTime:	4.07	linkFFE:	1657980	totalInd:	8		111111111111111111111111111111111111111111111111111111111111111111111111111111111111111111111111111111111111111111111111111111111111111111111111111111111111111111111111111111111111111111111111111111111111111111111111111111111111111111111111111111111111111111111111111111111111111111111111111111111111111111111111111111111111111111111111111111111111111111111111111111111111111111111111111111111111111	5	1559222043
228.000000	228.000000	1373031	5	1373031	1.000000	llinkGens:	7	linkTime:	3.51	linkFFE:	1326146	totalInd:	6		111111111111111111111111111111111111111111111111111111111111111111111111111111111111111111111111111111111111111111111111111111111111111111111111111111111111111111111111111111111111111111111111111111111111111111111111111111111111111111111111111111111111111111111111111111111111111111111111111111111111111111111111111111111111111111111111111111111111111111111111111111111111111111111111111111111111111	5	1559222048
228.000000	228.000000	2423660	8	2423660	1.000000	llinkGens:	13	linkTime:	5.96	linkFFE:	2322036	totalInd:	13		111111111111111111111111111111111111111111111111111111111111111111111111111111111111111111111111111111111111111111111111111111111111111111111111111111111111111111111111111111111111111111111111111111111111111111111111111111111111111111111111111111111111111111111111111111111111111111111111111111111111111111111111111111111111111111111111111111111111111111111111111111111111111111111111111111111111111	8	1559222056
228.000000	228.000000	1765127	6	1765127	1.000000	llinkGens:	11	linkTime:	4.44	linkFFE:	1696129	totalInd:	8		111111111111111111111111111111111111111111111111111111111111111111111111111111111111111111111111111111111111111111111111111111111111111111111111111111111111111111111111111111111111111111111111111111111111111111111111111111111111111111111111111111111111111111111111111111111111111111111111111111111111111111111111111111111111111111111111111111111111111111111111111111111111111111111111111111111111111	6	1559222061
228.000000	228.000000	1708232	6	1708232	1.000000	llinkGens:	9	linkTime:	4.25	linkFFE:	1644267	totalInd:	8		111111111111111111111111111111111111111111111111111111111111111111111111111111111111111111111111111111111111111111111111111111111111111111111111111111111111111111111111111111111111111111111111111111111111111111111111111111111111111111111111111111111111111111111111111111111111111111111111111111111111111111111111111111111111111111111111111111111111111111111111111111111111111111111111111111111111111	6	1559222066
228.000000	228.000000	1718789	6	1718789	1.000000	llinkGens:	9	linkTime:	4.18	linkFFE:	1655474	totalInd:	8		111111111111111111111111111111111111111111111111111111111111111111111111111111111111111111111111111111111111111111111111111111111111111111111111111111111111111111111111111111111111111111111111111111111111111111111111111111111111111111111111111111111111111111111111111111111111111111111111111111111111111111111111111111111111111111111111111111111111111111111111111111111111111111111111111111111111111	6	1559222071
228.000000	228.000000	1367997	4	1367997	1.000000	llinkGens:	7	linkTime:	3.27	linkFFE:	1321246	totalInd:	6		111111111111111111111111111111111111111111111111111111111111111111111111111111111111111111111111111111111111111111111111111111111111111111111111111111111111111111111111111111111111111111111111111111111111111111111111111111111111111111111111111111111111111111111111111111111111111111111111111111111111111111111111111111111111111111111111111111111111111111111111111111111111111111111111111111111111111	4	1559222079
228.000000	228.000000	2064109	7	2064109	1.000000	llinkGens:	11	linkTime:	4.91	linkFFE:	1981829	totalInd:	10		111111111111111111111111111111111111111111111111111111111111111111111111111111111111111111111111111111111111111111111111111111111111111111111111111111111111111111111111111111111111111111111111111111111111111111111111111111111111111111111111111111111111111111111111111111111111111111111111111111111111111111111111111111111111111111111111111111111111111111111111111111111111111111111111111111111111111	7	1559222084
228.000000	228.000000	1737646	6	1737646	1.000000	llinkGens:	10	linkTime:	4.36	linkFFE:	1671122	totalInd:	8		111111111111111111111111111111111111111111111111111111111111111111111111111111111111111111111111111111111111111111111111111111111111111111111111111111111111111111111111111111111111111111111111111111111111111111111111111111111111111111111111111111111111111111111111111111111111111111111111111111111111111111111111111111111111111111111111111111111111111111111111111111111111111111111111111111111111111	6	1559222089
228.000000	228.000000	1394402	5	1394402	1.000000	llinkGens:	8	linkTime:	3.60	linkFFE:	1344589	totalInd:	6		111111111111111111111111111111111111111111111111111111111111111111111111111111111111111111111111111111111111111111111111111111111111111111111111111111111111111111111111111111111111111111111111111111111111111111111111111111111111111111111111111111111111111111111111111111111111111111111111111111111111111111111111111111111111111111111111111111111111111111111111111111111111111111111111111111111111111	5	1559222094
228.000000	228.000000	2436181	8	2436181	1.000000	llinkGens:	13	linkTime:	5.78	linkFFE:	2330497	totalInd:	13		111111111111111111111111111111111111111111111111111111111111111111111111111111111111111111111111111111111111111111111111111111111111111111111111111111111111111111111111111111111111111111111111111111111111111111111111111111111111111111111111111111111111111111111111111111111111111111111111111111111111111111111111111111111111111111111111111111111111111111111111111111111111111111111111111111111111111	8	1559222102
228.000000	228.000000	1359443	5	1359443	1.000000	llinkGens:	7	linkTime:	3.51	linkFFE:	1312986	totalInd:	6		111111111111111111111111111111111111111111111111111111111111111111111111111111111111111111111111111111111111111111111111111111111111111111111111111111111111111111111111111111111111111111111111111111111111111111111111111111111111111111111111111111111111111111111111111111111111111111111111111111111111111111111111111111111111111111111111111111111111111111111111111111111111111111111111111111111111111	5	1559222107
228.000000	228.000000	1366006	4	1366006	1.000000	llinkGens:	7	linkTime:	3.30	linkFFE:	1319485	totalInd:	6		111111111111111111111111111111111111111111111111111111111111111111111111111111111111111111111111111111111111111111111111111111111111111111111111111111111111111111111111111111111111111111111111111111111111111111111111111111111111111111111111111111111111111111111111111111111111111111111111111111111111111111111111111111111111111111111111111111111111111111111111111111111111111111111111111111111111111	4	1559222112
228.000000	228.000000	1714832	6	1714832	1.000000	llinkGens:	9	linkTime:	4.21	linkFFE:	1651044	totalInd:	8		111111111111111111111111111111111111111111111111111111111111111111111111111111111111111111111111111111111111111111111111111111111111111111111111111111111111111111111111111111111111111111111111111111111111111111111111111111111111111111111111111111111111111111111111111111111111111111111111111111111111111111111111111111111111111111111111111111111111111111111111111111111111111111111111111111111111111	6	1559222117
228.000000	228.000000	1013176	3	1013176	1.000000	llinkGens:	5	linkTime:	2.43	linkFFE:	983946	totalInd:	4		111111111111111111111111111111111111111111111111111111111111111111111111111111111111111111111111111111111111111111111111111111111111111111111111111111111111111111111111111111111111111111111111111111111111111111111111111111111111111111111111111111111111111111111111111111111111111111111111111111111111111111111111111111111111111111111111111111111111111111111111111111111111111111111111111111111111111	3	1559222125
228.000000	228.000000	1394988	5	1394988	1.000000	llinkGens:	8	linkTime:	3.34	linkFFE:	1345695	totalInd:	6		111111111111111111111111111111111111111111111111111111111111111111111111111111111111111111111111111111111111111111111111111111111111111111111111111111111111111111111111111111111111111111111111111111111111111111111111111111111111111111111111111111111111111111111111111111111111111111111111111111111111111111111111111111111111111111111111111111111111111111111111111111111111111111111111111111111111111	5	1559222130
228.000000	228.000000	1745436	6	1745436	1.000000	llinkGens:	10	linkTime:	4.25	linkFFE:	1679277	totalInd:	8		111111111111111111111111111111111111111111111111111111111111111111111111111111111111111111111111111111111111111111111111111111111111111111111111111111111111111111111111111111111111111111111111111111111111111111111111111111111111111111111111111111111111111111111111111111111111111111111111111111111111111111111111111111111111111111111111111111111111111111111111111111111111111111111111111111111111111	6	1559222135
228.000000	228.000000	2485946	8	2485946	1.000000	llinkGens:	15	linkTime:	5.81	linkFFE:	2376976	totalInd:	13		111111111111111111111111111111111111111111111111111111111111111111111111111111111111111111111111111111111111111111111111111111111111111111111111111111111111111111111111111111111111111111111111111111111111111111111111111111111111111111111111111111111111111111111111111111111111111111111111111111111111111111111111111111111111111111111111111111111111111111111111111111111111111111111111111111111111111	8	1559222140
228.000000	228.000000	2806013	9	2806013	1.000000	llinkGens:	16	linkTime:	6.89	linkFFE:	2686024	totalInd:	15		111111111111111111111111111111111111111111111111111111111111111111111111111111111111111111111111111111111111111111111111111111111111111111111111111111111111111111111111111111111111111111111111111111111111111111111111111111111111111111111111111111111111111111111111111111111111111111111111111111111111111111111111111111111111111111111111111111111111111111111111111111111111111111111111111111111111111	9	1559222148
