1.000000	1.000000	55979362	1118	55979362	0.555000	11011111100000111101101011111010111111000101011011111001111100010101110001000111001011001001101111101011010011001001011010100011001000001000111101000101110001001111001101110001111101010110100111010100	1118	1536930615
1.000000	1.000000	55979362	1114	55979362	0.555000	11011111100000111101101011111010111111000101011011111001111100010101110001000111001011001001101111101011010011001001011010100011001000001000111101000101110001001111001101110001111101010110100111010100	1114	1536930615
1.000000	1.000000	55979362	1122	55979362	0.555000	11011111100000111101101011111010111111000101011011111001111100010101110001000111001011001001101111101011010011001001011010100011001000001000111101000101110001001111001101110001111101010110100111010100	1122	1536930615
1.000000	1.000000	55979362	1110	55979362	0.555000	11011111100000111101101011111010111111000101011011111001111100010101110001000111001011001001101111101011010011001001011010100011001000001000111101000101110001001111001101110001111101010110100111010100	1110	1536930615
1.000000	1.000000	55979362	1119	55979362	0.555000	11011111100000111101101011111010111111000101011011111001111100010101110001000111001011001001101111101011010011001001011010100011001000001000111101000101110001001111001101110001111101010110100111010100	1119	1536930615
1.000000	1.000000	55979362	1120	55979362	0.555000	11011111100000111101101011111010111111000101011011111001111100010101110001000111001011001001101111101011010011001001011010100011001000001000111101000101110001001111001101110001111101010110100111010100	1120	1536930615
1.000000	1.000000	55979362	1112	55979362	0.555000	11011111100000111101101011111010111111000101011011111001111100010101110001000111001011001001101111101011010011001001011010100011001000001000111101000101110001001111001101110001111101010110100111010100	1112	1536930615
1.000000	1.000000	55979362	1114	55979362	0.555000	11011111100000111101101011111010111111000101011011111001111100010101110001000111001011001001101111101011010011001001011010100011001000001000111101000101110001001111001101110001111101010110100111010100	1114	1536930615
1.000000	1.000000	55979362	1115	55979362	0.555000	11011111100000111101101011111010111111000101011011111001111100010101110001000111001011001001101111101011010011001001011010100011001000001000111101000101110001001111001101110001111101010110100111010100	1115	1536930615
1.000000	1.000000	55979362	1108	55979362	0.555000	11011111100000111101101011111010111111000101011011111001111100010101110001000111001011001001101111101011010011001001011010100011001000001000111101000101110001001111001101110001111101010110100111010100	1108	1536930615
1.000000	1.000000	55979362	1122	55979362	0.555000	11011111100000111101101011111010111111000101011011111001111100010101110001000111001011001001101111101011010011001001011010100011001000001000111101000101110001001111001101110001111101010110100111010100	1122	1536930615
1.000000	1.000000	55979362	1112	55979362	0.555000	11011111100000111101101011111010111111000101011011111001111100010101110001000111001011001001101111101011010011001001011010100011001000001000111101000101110001001111001101110001111101010110100111010100	1112	1536930615
1.000000	1.000000	55979362	1111	55979362	0.555000	11011111100000111101101011111010111111000101011011111001111100010101110001000111001011001001101111101011010011001001011010100011001000001000111101000101110001001111001101110001111101010110100111010100	1112	1536930615
1.000000	1.000000	55979362	1112	55979362	0.555000	11011111100000111101101011111010111111000101011011111001111100010101110001000111001011001001101111101011010011001001011010100011001000001000111101000101110001001111001101110001111101010110100111010100	1113	1536930615
1.000000	1.000000	55979362	1112	55979362	0.555000	11011111100000111101101011111010111111000101011011111001111100010101110001000111001011001001101111101011010011001001011010100011001000001000111101000101110001001111001101110001111101010110100111010100	1113	1536930615
1.000000	1.000000	55979362	1111	55979362	0.555000	11011111100000111101101011111010111111000101011011111001111100010101110001000111001011001001101111101011010011001001011010100011001000001000111101000101110001001111001101110001111101010110100111010100	1113	1536930615
1.000000	1.000000	55979362	1111	55979362	0.555000	11011111100000111101101011111010111111000101011011111001111100010101110001000111001011001001101111101011010011001001011010100011001000001000111101000101110001001111001101110001111101010110100111010100	1112	1536930615
1.000000	1.000000	55979362	1111	55979362	0.555000	11011111100000111101101011111010111111000101011011111001111100010101110001000111001011001001101111101011010011001001011010100011001000001000111101000101110001001111001101110001111101010110100111010100	1112	1536930615
1.000000	1.000000	55979362	1109	55979362	0.555000	11011111100000111101101011111010111111000101011011111001111100010101110001000111001011001001101111101011010011001001011010100011001000001000111101000101110001001111001101110001111101010110100111010100	1110	1536930615
1.000000	1.000000	55979362	1110	55979362	0.555000	11011111100000111101101011111010111111000101011011111001111100010101110001000111001011001001101111101011010011001001011010100011001000001000111101000101110001001111001101110001111101010110100111010100	1111	1536930615
1.000000	1.000000	55979362	1109	55979362	0.555000	11011111100000111101101011111010111111000101011011111001111100010101110001000111001011001001101111101011010011001001011010100011001000001000111101000101110001001111001101110001111101010110100111010100	1110	1536930615
1.000000	1.000000	55979362	1112	55979362	0.555000	11011111100000111101101011111010111111000101011011111001111100010101110001000111001011001001101111101011010011001001011010100011001000001000111101000101110001001111001101110001111101010110100111010100	1112	1536930615
1.000000	1.000000	55979362	1112	55979362	0.555000	11011111100000111101101011111010111111000101011011111001111100010101110001000111001011001001101111101011010011001001011010100011001000001000111101000101110001001111001101110001111101010110100111010100	1112	1536930615
1.000000	1.000000	55979362	1113	55979362	0.555000	11011111100000111101101011111010111111000101011011111001111100010101110001000111001011001001101111101011010011001001011010100011001000001000111101000101110001001111001101110001111101010110100111010100	1113	1536930615
1.000000	1.000000	55979362	1112	55979362	0.555000	11011111100000111101101011111010111111000101011011111001111100010101110001000111001011001001101111101011010011001001011010100011001000001000111101000101110001001111001101110001111101010110100111010100	1112	1536930615
1.000000	1.000000	55979362	1113	55979362	0.555000	11011111100000111101101011111010111111000101011011111001111100010101110001000111001011001001101111101011010011001001011010100011001000001000111101000101110001001111001101110001111101010110100111010100	1113	1536930615
1.000000	1.000000	55979362	1112	55979362	0.555000	11011111100000111101101011111010111111000101011011111001111100010101110001000111001011001001101111101011010011001001011010100011001000001000111101000101110001001111001101110001111101010110100111010100	1112	1536930615
1.000000	1.000000	55979362	1112	55979362	0.555000	11011111100000111101101011111010111111000101011011111001111100010101110001000111001011001001101111101011010011001001011010100011001000001000111101000101110001001111001101110001111101010110100111010100	1112	1536930615
1.000000	1.000000	55979362	1111	55979362	0.555000	11011111100000111101101011111010111111000101011011111001111100010101110001000111001011001001101111101011010011001001011010100011001000001000111101000101110001001111001101110001111101010110100111010100	1111	1536930615
1.000000	1.000000	55979362	1109	55979362	0.555000	11011111100000111101101011111010111111000101011011111001111100010101110001000111001011001001101111101011010011001001011010100011001000001000111101000101110001001111001101110001111101010110100111010100	1109	1536930615
1.000000	1.000000	55979362	1109	55979362	0.555000	11011111100000111101101011111010111111000101011011111001111100010101110001000111001011001001101111101011010011001001011010100011001000001000111101000101110001001111001101110001111101010110100111010100	1109	1536930615
1.000000	1.000000	55979362	1109	55979362	0.555000	11011111100000111101101011111010111111000101011011111001111100010101110001000111001011001001101111101011010011001001011010100011001000001000111101000101110001001111001101110001111101010110100111010100	1109	1536930615
1.000000	1.000000	55979362	1113	55979362	0.555000	11011111100000111101101011111010111111000101011011111001111100010101110001000111001011001001101111101011010011001001011010100011001000001000111101000101110001001111001101110001111101010110100111010100	1113	1536930615
1.000000	1.000000	55979362	1113	55979362	0.555000	11011111100000111101101011111010111111000101011011111001111100010101110001000111001011001001101111101011010011001001011010100011001000001000111101000101110001001111001101110001111101010110100111010100	1113	1536930615
1.000000	1.000000	55979362	1113	55979362	0.555000	11011111100000111101101011111010111111000101011011111001111100010101110001000111001011001001101111101011010011001001011010100011001000001000111101000101110001001111001101110001111101010110100111010100	1113	1536930615
1.000000	1.000000	55979362	1112	55979362	0.555000	11011111100000111101101011111010111111000101011011111001111100010101110001000111001011001001101111101011010011001001011010100011001000001000111101000101110001001111001101110001111101010110100111010100	1112	1536930615
1.000000	1.000000	55979362	1112	55979362	0.555000	11011111100000111101101011111010111111000101011011111001111100010101110001000111001011001001101111101011010011001001011010100011001000001000111101000101110001001111001101110001111101010110100111010100	1112	1536930615
1.000000	1.000000	55979362	1113	55979362	0.555000	11011111100000111101101011111010111111000101011011111001111100010101110001000111001011001001101111101011010011001001011010100011001000001000111101000101110001001111001101110001111101010110100111010100	1113	1536930615
1.000000	1.000000	55979362	1113	55979362	0.555000	11011111100000111101101011111010111111000101011011111001111100010101110001000111001011001001101111101011010011001001011010100011001000001000111101000101110001001111001101110001111101010110100111010100	1113	1536930615
1.000000	1.000000	55979362	1111	55979362	0.555000	11011111100000111101101011111010111111000101011011111001111100010101110001000111001011001001101111101011010011001001011010100011001000001000111101000101110001001111001101110001111101010110100111010100	1111	1536930615
1.000000	1.000000	55979362	1109	55979362	0.555000	11011111100000111101101011111010111111000101011011111001111100010101110001000111001011001001101111101011010011001001011010100011001000001000111101000101110001001111001101110001111101010110100111010100	1109	1536930615
1.000000	1.000000	55979362	1111	55979362	0.555000	11011111100000111101101011111010111111000101011011111001111100010101110001000111001011001001101111101011010011001001011010100011001000001000111101000101110001001111001101110001111101010110100111010100	1111	1536930615
1.000000	1.000000	55979362	1109	55979362	0.555000	11011111100000111101101011111010111111000101011011111001111100010101110001000111001011001001101111101011010011001001011010100011001000001000111101000101110001001111001101110001111101010110100111010100	1109	1536930615
1.000000	1.000000	55979362	1112	55979362	0.555000	11011111100000111101101011111010111111000101011011111001111100010101110001000111001011001001101111101011010011001001011010100011001000001000111101000101110001001111001101110001111101010110100111010100	1112	1536930615
1.000000	1.000000	55979362	1111	55979362	0.555000	11011111100000111101101011111010111111000101011011111001111100010101110001000111001011001001101111101011010011001001011010100011001000001000111101000101110001001111001101110001111101010110100111010100	1111	1536930615
1.000000	1.000000	55979362	1113	55979362	0.555000	11011111100000111101101011111010111111000101011011111001111100010101110001000111001011001001101111101011010011001001011010100011001000001000111101000101110001001111001101110001111101010110100111010100	1113	1536930615
1.000000	1.000000	55979362	1113	55979362	0.555000	11011111100000111101101011111010111111000101011011111001111100010101110001000111001011001001101111101011010011001001011010100011001000001000111101000101110001001111001101110001111101010110100111010100	1113	1536930615
1.000000	1.000000	55979362	1113	55979362	0.555000	11011111100000111101101011111010111111000101011011111001111100010101110001000111001011001001101111101011010011001001011010100011001000001000111101000101110001001111001101110001111101010110100111010100	1113	1536930615
1.000000	1.000000	55979362	1112	55979362	0.555000	11011111100000111101101011111010111111000101011011111001111100010101110001000111001011001001101111101011010011001001011010100011001000001000111101000101110001001111001101110001111101010110100111010100	1112	1536930615
1.000000	1.000000	55979362	1111	55979362	0.555000	11011111100000111101101011111010111111000101011011111001111100010101110001000111001011001001101111101011010011001001011010100011001000001000111101000101110001001111001101110001111101010110100111010100	1111	1536930615
1.000000	1.000000	55979362	1113	55979362	0.555000	11011111100000111101101011111010111111000101011011111001111100010101110001000111001011001001101111101011010011001001011010100011001000001000111101000101110001001111001101110001111101010110100111010100	1113	1536930615
1.000000	1.000000	55979362	1113	55979362	0.555000	11011111100000111101101011111010111111000101011011111001111100010101110001000111001011001001101111101011010011001001011010100011001000001000111101000101110001001111001101110001111101010110100111010100	1113	1536930615
1.000000	1.000000	55979362	1111	55979362	0.555000	11011111100000111101101011111010111111000101011011111001111100010101110001000111001011001001101111101011010011001001011010100011001000001000111101000101110001001111001101110001111101010110100111010100	1111	1536930615
1.000000	1.000000	55979362	1116	55979362	0.555000	11011111100000111101101011111010111111000101011011111001111100010101110001000111001011001001101111101011010011001001011010100011001000001000111101000101110001001111001101110001111101010110100111010100	1117	1536930615
1.000000	1.000000	55979362	1111	55979362	0.555000	11011111100000111101101011111010111111000101011011111001111100010101110001000111001011001001101111101011010011001001011010100011001000001000111101000101110001001111001101110001111101010110100111010100	1111	1536930615
1.000000	1.000000	55979362	1112	55979362	0.555000	11011111100000111101101011111010111111000101011011111001111100010101110001000111001011001001101111101011010011001001011010100011001000001000111101000101110001001111001101110001111101010110100111010100	1113	1536930615
1.000000	1.000000	55979362	1111	55979362	0.555000	11011111100000111101101011111010111111000101011011111001111100010101110001000111001011001001101111101011010011001001011010100011001000001000111101000101110001001111001101110001111101010110100111010100	1112	1536930615
1.000000	1.000000	55979362	1109	55979362	0.555000	11011111100000111101101011111010111111000101011011111001111100010101110001000111001011001001101111101011010011001001011010100011001000001000111101000101110001001111001101110001111101010110100111010100	1110	1536930615
1.000000	1.000000	55979362	1109	55979362	0.555000	11011111100000111101101011111010111111000101011011111001111100010101110001000111001011001001101111101011010011001001011010100011001000001000111101000101110001001111001101110001111101010110100111010100	1110	1536930615
1.000000	1.000000	55979362	1111	55979362	0.555000	11011111100000111101101011111010111111000101011011111001111100010101110001000111001011001001101111101011010011001001011010100011001000001000111101000101110001001111001101110001111101010110100111010100	1112	1536930615
1.000000	1.000000	55979362	1111	55979362	0.555000	11011111100000111101101011111010111111000101011011111001111100010101110001000111001011001001101111101011010011001001011010100011001000001000111101000101110001001111001101110001111101010110100111010100	1111	1536930615
1.000000	1.000000	55979362	1111	55979362	0.555000	11011111100000111101101011111010111111000101011011111001111100010101110001000111001011001001101111101011010011001001011010100011001000001000111101000101110001001111001101110001111101010110100111010100	1111	1536930615
1.000000	1.000000	55979362	1123	55979362	0.555000	11011111100000111101101011111010111111000101011011111001111100010101110001000111001011001001101111101011010011001001011010100011001000001000111101000101110001001111001101110001111101010110100111010100	1123	1536930615
1.000000	1.000000	55979362	1112	55979362	0.555000	11011111100000111101101011111010111111000101011011111001111100010101110001000111001011001001101111101011010011001001011010100011001000001000111101000101110001001111001101110001111101010110100111010100	1112	1536930615
1.000000	1.000000	55979362	1113	55979362	0.555000	11011111100000111101101011111010111111000101011011111001111100010101110001000111001011001001101111101011010011001001011010100011001000001000111101000101110001001111001101110001111101010110100111010100	1113	1536930615
1.000000	1.000000	55979362	1112	55979362	0.555000	11011111100000111101101011111010111111000101011011111001111100010101110001000111001011001001101111101011010011001001011010100011001000001000111101000101110001001111001101110001111101010110100111010100	1112	1536930615
1.000000	1.000000	55979362	1111	55979362	0.555000	11011111100000111101101011111010111111000101011011111001111100010101110001000111001011001001101111101011010011001001011010100011001000001000111101000101110001001111001101110001111101010110100111010100	1111	1536930615
1.000000	1.000000	55979362	1110	55979362	0.555000	11011111100000111101101011111010111111000101011011111001111100010101110001000111001011001001101111101011010011001001011010100011001000001000111101000101110001001111001101110001111101010110100111010100	1110	1536930615
1.000000	1.000000	55979362	1113	55979362	0.555000	11011111100000111101101011111010111111000101011011111001111100010101110001000111001011001001101111101011010011001001011010100011001000001000111101000101110001001111001101110001111101010110100111010100	1113	1536930615
1.000000	1.000000	55979362	1111	55979362	0.555000	11011111100000111101101011111010111111000101011011111001111100010101110001000111001011001001101111101011010011001001011010100011001000001000111101000101110001001111001101110001111101010110100111010100	1111	1536930615
1.000000	1.000000	55979362	1112	55979362	0.555000	11011111100000111101101011111010111111000101011011111001111100010101110001000111001011001001101111101011010011001001011010100011001000001000111101000101110001001111001101110001111101010110100111010100	1112	1536930615
1.000000	1.000000	55979362	1117	55979362	0.555000	11011111100000111101101011111010111111000101011011111001111100010101110001000111001011001001101111101011010011001001011010100011001000001000111101000101110001001111001101110001111101010110100111010100	1117	1536930615
1.000000	1.000000	55979362	1114	55979362	0.555000	11011111100000111101101011111010111111000101011011111001111100010101110001000111001011001001101111101011010011001001011010100011001000001000111101000101110001001111001101110001111101010110100111010100	1114	1536930615
1.000000	1.000000	55979362	1113	55979362	0.555000	11011111100000111101101011111010111111000101011011111001111100010101110001000111001011001001101111101011010011001001011010100011001000001000111101000101110001001111001101110001111101010110100111010100	1113	1536930615
1.000000	1.000000	55979362	1111	55979362	0.555000	11011111100000111101101011111010111111000101011011111001111100010101110001000111001011001001101111101011010011001001011010100011001000001000111101000101110001001111001101110001111101010110100111010100	1111	1536930615
1.000000	1.000000	55979362	1112	55979362	0.555000	11011111100000111101101011111010111111000101011011111001111100010101110001000111001011001001101111101011010011001001011010100011001000001000111101000101110001001111001101110001111101010110100111010100	1112	1536930615
1.000000	1.000000	55979362	1112	55979362	0.555000	11011111100000111101101011111010111111000101011011111001111100010101110001000111001011001001101111101011010011001001011010100011001000001000111101000101110001001111001101110001111101010110100111010100	1112	1536930615
1.000000	1.000000	55979362	1111	55979362	0.555000	11011111100000111101101011111010111111000101011011111001111100010101110001000111001011001001101111101011010011001001011010100011001000001000111101000101110001001111001101110001111101010110100111010100	1111	1536930615
1.000000	1.000000	55979362	1112	55979362	0.555000	11011111100000111101101011111010111111000101011011111001111100010101110001000111001011001001101111101011010011001001011010100011001000001000111101000101110001001111001101110001111101010110100111010100	1112	1536930615
1.000000	1.000000	55979362	1112	55979362	0.555000	11011111100000111101101011111010111111000101011011111001111100010101110001000111001011001001101111101011010011001001011010100011001000001000111101000101110001001111001101110001111101010110100111010100	1112	1536930615
1.000000	1.000000	55979362	1111	55979362	0.555000	11011111100000111101101011111010111111000101011011111001111100010101110001000111001011001001101111101011010011001001011010100011001000001000111101000101110001001111001101110001111101010110100111010100	1111	1536930615
1.000000	1.000000	55979362	1112	55979362	0.555000	11011111100000111101101011111010111111000101011011111001111100010101110001000111001011001001101111101011010011001001011010100011001000001000111101000101110001001111001101110001111101010110100111010100	1112	1536930615
1.000000	1.000000	55979362	1109	55979362	0.555000	11011111100000111101101011111010111111000101011011111001111100010101110001000111001011001001101111101011010011001001011010100011001000001000111101000101110001001111001101110001111101010110100111010100	1109	1536930615
1.000000	1.000000	55979362	1109	55979362	0.555000	11011111100000111101101011111010111111000101011011111001111100010101110001000111001011001001101111101011010011001001011010100011001000001000111101000101110001001111001101110001111101010110100111010100	1109	1536930615
1.000000	1.000000	55979362	1116	55979362	0.555000	11011111100000111101101011111010111111000101011011111001111100010101110001000111001011001001101111101011010011001001011010100011001000001000111101000101110001001111001101110001111101010110100111010100	1116	1536930615
1.000000	1.000000	55979362	1109	55979362	0.555000	11011111100000111101101011111010111111000101011011111001111100010101110001000111001011001001101111101011010011001001011010100011001000001000111101000101110001001111001101110001111101010110100111010100	1109	1536930615
1.000000	1.000000	55979362	1113	55979362	0.555000	11011111100000111101101011111010111111000101011011111001111100010101110001000111001011001001101111101011010011001001011010100011001000001000111101000101110001001111001101110001111101010110100111010100	1113	1536930615
1.000000	1.000000	55979362	1112	55979362	0.555000	11011111100000111101101011111010111111000101011011111001111100010101110001000111001011001001101111101011010011001001011010100011001000001000111101000101110001001111001101110001111101010110100111010100	1112	1536930615
1.000000	1.000000	55979362	1111	55979362	0.555000	11011111100000111101101011111010111111000101011011111001111100010101110001000111001011001001101111101011010011001001011010100011001000001000111101000101110001001111001101110001111101010110100111010100	1112	1536930615
1.000000	1.000000	55979362	1112	55979362	0.555000	11011111100000111101101011111010111111000101011011111001111100010101110001000111001011001001101111101011010011001001011010100011001000001000111101000101110001001111001101110001111101010110100111010100	1113	1536930615
1.000000	1.000000	55979362	1110	55979362	0.555000	11011111100000111101101011111010111111000101011011111001111100010101110001000111001011001001101111101011010011001001011010100011001000001000111101000101110001001111001101110001111101010110100111010100	1111	1536930615
1.000000	1.000000	55979362	1111	55979362	0.555000	11011111100000111101101011111010111111000101011011111001111100010101110001000111001011001001101111101011010011001001011010100011001000001000111101000101110001001111001101110001111101010110100111010100	1111	1536930615
1.000000	1.000000	55979362	1111	55979362	0.555000	11011111100000111101101011111010111111000101011011111001111100010101110001000111001011001001101111101011010011001001011010100011001000001000111101000101110001001111001101110001111101010110100111010100	1111	1536930615
1.000000	1.000000	55979362	1113	55979362	0.555000	11011111100000111101101011111010111111000101011011111001111100010101110001000111001011001001101111101011010011001001011010100011001000001000111101000101110001001111001101110001111101010110100111010100	1113	1536930615
1.000000	1.000000	55979362	1109	55979362	0.555000	11011111100000111101101011111010111111000101011011111001111100010101110001000111001011001001101111101011010011001001011010100011001000001000111101000101110001001111001101110001111101010110100111010100	1109	1536930615
1.000000	1.000000	55979362	1110	55979362	0.555000	11011111100000111101101011111010111111000101011011111001111100010101110001000111001011001001101111101011010011001001011010100011001000001000111101000101110001001111001101110001111101010110100111010100	1110	1536930615
1.000000	1.000000	55979362	1111	55979362	0.555000	11011111100000111101101011111010111111000101011011111001111100010101110001000111001011001001101111101011010011001001011010100011001000001000111101000101110001001111001101110001111101010110100111010100	1111	1536930615
1.000000	1.000000	55979362	1108	55979362	0.555000	11011111100000111101101011111010111111000101011011111001111100010101110001000111001011001001101111101011010011001001011010100011001000001000111101000101110001001111001101110001111101010110100111010100	1108	1536930615
1.000000	1.000000	55979362	1112	55979362	0.555000	11011111100000111101101011111010111111000101011011111001111100010101110001000111001011001001101111101011010011001001011010100011001000001000111101000101110001001111001101110001111101010110100111010100	1112	1536930615
1.000000	1.000000	55979362	1112	55979362	0.555000	11011111100000111101101011111010111111000101011011111001111100010101110001000111001011001001101111101011010011001001011010100011001000001000111101000101110001001111001101110001111101010110100111010100	1112	1536930615
1.000000	1.000000	55979362	1110	55979362	0.555000	11011111100000111101101011111010111111000101011011111001111100010101110001000111001011001001101111101011010011001001011010100011001000001000111101000101110001001111001101110001111101010110100111010100	1110	1536930615
1.000000	1.000000	55979362	1110	55979362	0.555000	11011111100000111101101011111010111111000101011011111001111100010101110001000111001011001001101111101011010011001001011010100011001000001000111101000101110001001111001101110001111101010110100111010100	1110	1536930615
1.000000	1.000000	55979362	1110	55979362	0.555000	11011111100000111101101011111010111111000101011011111001111100010101110001000111001011001001101111101011010011001001011010100011001000001000111101000101110001001111001101110001111101010110100111010100	1110	1536930615
1.000000	1.000000	55979362	1110	55979362	0.555000	11011111100000111101101011111010111111000101011011111001111100010101110001000111001011001001101111101011010011001001011010100011001000001000111101000101110001001111001101110001111101010110100111010100	1110	1536930615
1.000000	1.000000	55979362	1109	55979362	0.555000	11011111100000111101101011111010111111000101011011111001111100010101110001000111001011001001101111101011010011001001011010100011001000001000111101000101110001001111001101110001111101010110100111010100	1109	1536930615
1.000000	1.000000	55979362	1111	55979362	0.555000	11011111100000111101101011111010111111000101011011111001111100010101110001000111001011001001101111101011010011001001011010100011001000001000111101000101110001001111001101110001111101010110100111010100	1111	1536930615
1.000000	1.000000	55979362	1107	55979362	0.555000	11011111100000111101101011111010111111000101011011111001111100010101110001000111001011001001101111101011010011001001011010100011001000001000111101000101110001001111001101110001111101010110100111010100	1107	1536930615
1.000000	1.000000	55979362	1106	55979362	0.555000	11011111100000111101101011111010111111000101011011111001111100010101110001000111001011001001101111101011010011001001011010100011001000001000111101000101110001001111001101110001111101010110100111010100	1106	1536930615
1.000000	1.000000	55979362	1107	55979362	0.555000	11011111100000111101101011111010111111000101011011111001111100010101110001000111001011001001101111101011010011001001011010100011001000001000111101000101110001001111001101110001111101010110100111010100	1107	1536930615
1.000000	1.000000	55979362	1106	55979362	0.555000	11011111100000111101101011111010111111000101011011111001111100010101110001000111001011001001101111101011010011001001011010100011001000001000111101000101110001001111001101110001111101010110100111010100	1106	1536930615
1.000000	1.000000	55979362	1109	55979362	0.555000	11011111100000111101101011111010111111000101011011111001111100010101110001000111001011001001101111101011010011001001011010100011001000001000111101000101110001001111001101110001111101010110100111010100	1109	1536930615
1.000000	1.000000	55979362	1111	55979362	0.555000	11011111100000111101101011111010111111000101011011111001111100010101110001000111001011001001101111101011010011001001011010100011001000001000111101000101110001001111001101110001111101010110100111010100	1111	1536930615
1.000000	1.000000	55979362	1109	55979362	0.555000	11011111100000111101101011111010111111000101011011111001111100010101110001000111001011001001101111101011010011001001011010100011001000001000111101000101110001001111001101110001111101010110100111010100	1109	1536930615
1.000000	1.000000	55979362	1109	55979362	0.555000	11011111100000111101101011111010111111000101011011111001111100010101110001000111001011001001101111101011010011001001011010100011001000001000111101000101110001001111001101110001111101010110100111010100	1109	1536930615
1.000000	1.000000	55979362	1106	55979362	0.555000	11011111100000111101101011111010111111000101011011111001111100010101110001000111001011001001101111101011010011001001011010100011001000001000111101000101110001001111001101110001111101010110100111010100	1106	1536930615
1.000000	1.000000	55979362	1110	55979362	0.555000	11011111100000111101101011111010111111000101011011111001111100010101110001000111001011001001101111101011010011001001011010100011001000001000111101000101110001001111001101110001111101010110100111010100	1110	1536930615
1.000000	1.000000	55979362	1107	55979362	0.555000	11011111100000111101101011111010111111000101011011111001111100010101110001000111001011001001101111101011010011001001011010100011001000001000111101000101110001001111001101110001111101010110100111010100	1107	1536930615
1.000000	1.000000	55979362	1109	55979362	0.555000	11011111100000111101101011111010111111000101011011111001111100010101110001000111001011001001101111101011010011001001011010100011001000001000111101000101110001001111001101110001111101010110100111010100	1109	1536930615
1.000000	1.000000	55979362	1107	55979362	0.555000	11011111100000111101101011111010111111000101011011111001111100010101110001000111001011001001101111101011010011001001011010100011001000001000111101000101110001001111001101110001111101010110100111010100	1107	1536930615
1.000000	1.000000	55979362	1106	55979362	0.555000	11011111100000111101101011111010111111000101011011111001111100010101110001000111001011001001101111101011010011001001011010100011001000001000111101000101110001001111001101110001111101010110100111010100	1106	1536930615
1.000000	1.000000	55979362	1111	55979362	0.555000	11011111100000111101101011111010111111000101011011111001111100010101110001000111001011001001101111101011010011001001011010100011001000001000111101000101110001001111001101110001111101010110100111010100	1111	1536930615
1.000000	1.000000	55979362	1107	55979362	0.555000	11011111100000111101101011111010111111000101011011111001111100010101110001000111001011001001101111101011010011001001011010100011001000001000111101000101110001001111001101110001111101010110100111010100	1109	1536930615
1.000000	1.000000	55979362	1107	55979362	0.555000	11011111100000111101101011111010111111000101011011111001111100010101110001000111001011001001101111101011010011001001011010100011001000001000111101000101110001001111001101110001111101010110100111010100	1108	1536930615
