198.000000	198.000000	12626022	320	12626022	0.575758	000000111111111111111111000000111111111111000000000000000000111111000000000000111111111111000000111111111111111111000000000000000000111111111111111111000000000000000000000000111111111111111111000000111111111111000000111111111111111111000000111111000000111111111111111111111111111111000000000000111111000000111111111111111111111111000000111111000000000000000000111111111111111111111111000000000000	322	1513003695
198.000000	198.000000	14138656	366	14138656	0.454545	000000000000111111111111111111000000000000111111111111111111000000000000000000000000111111111111111111111111000000000000111111111111000000111111111111000000111111000000000000111111000000111111000000000000111111000000111111000000111111000000000000000000000000000000000000111111111111000000111111000000000000111111000000111111111111000000111111111111111111000000111111000000000000000000000000000000	367	1513004022
198.000000	198.000000	14002228	387	14002228	0.500000	111111111111111111111111111111111111000000111111111111111111000000000000000000000000111111111111111111111111111111000000111111000000000000000000000000111111000000111111111111000000111111000000000000111111000000111111000000000000000000111111000000000000000000000000000000111111000000111111000000111111000000111111000000111111111111000000111111000000000000111111000000111111111111000000000000111111	389	1513004173
198.000000	198.000000	15009989	395	15009989	0.454545	000000111111000000111111000000111111000000000000000000000000000000000000000000111111000000000000000000111111000000000000000000111111000000000000000000111111111111111111000000111111111111000000111111111111111111111111111111000000111111000000000000111111111111000000000000111111111111111111111111000000111111000000000000000000111111111111111111000000000000000000000000000000111111000000111111111111	395	1513004392
198.000000	198.000000	14738792	367	14738792	0.469697	000000000000000000000000000000111111000000000000000000000000111111111111111111111111000000000000111111111111000000000000111111111111000000000000000000000000000000000000111111000000111111111111000000111111111111000000000000111111000000111111111111111111000000000000111111111111111111000000111111000000111111111111000000111111000000111111111111111111111111000000000000000000000000000000111111111111	367	1513004563
198.000000	198.000000	13506848	337	13506848	0.500000	111111111111111111000000000000111111000000111111000000000000111111000000000000000000000000111111111111000000111111111111000000111111111111111111000000111111111111111111111111000000000000111111111111000000111111111111000000000000000000111111111111111111000000000000000000111111111111000000000000111111000000000000000000111111000000000000111111000000111111111111000000111111000000111111000000000000	337	1513004784
198.000000	198.000000	12792318	308	12792318	0.590909	111111000000111111000000111111111111111111000000111111111111111111000000000000000000111111111111000000000000111111111111111111000000111111000000000000111111111111000000000000111111111111000000111111000000000000111111000000111111000000111111111111000000111111111111111111111111111111111111000000111111111111000000000000111111000000111111111111111111000000000000000000111111000000111111111111111111	308	1513004792
198.000000	198.000000	11277731	302	11277731	0.484848	111111111111111111000000111111111111000000000000000000111111111111000000000000111111000000111111111111000000111111111111000000000000111111111111111111000000111111111111111111000000000000111111000000000000000000000000000000111111111111000000000000000000000000111111111111111111000000000000000000111111111111000000111111111111111111000000111111000000000000111111000000000000111111000000000000000000	302	1513004932
198.000000	198.000000	13223529	371	13223529	0.484848	111111000000111111111111111111111111000000111111000000000000000000000000111111111111000000000000111111111111111111000000111111000000111111000000000000000000000000111111000000111111111111000000111111111111111111000000111111111111000000111111000000000000000000111111000000000000000000111111111111111111111111000000111111000000000000000000000000111111000000111111000000000000111111000000000000111111	371	1513005103
198.000000	198.000000	16017335	425	16017335	0.545455	111111111111111111000000111111000000111111111111111111111111000000111111111111111111111111111111000000000000111111111111000000111111111111111111111111111111111111111111000000111111111111000000111111111111000000000000000000111111000000111111000000000000000000111111111111111111111111000000000000000000000000000000000000000000000000111111111111000000000000000000111111000000000000000000000000111111	425	1513005123
198.000000	198.000000	16400383	394	16400383	0.469697	111111000000111111111111000000111111111111111111111111000000000000111111000000000000000000000000000000111111111111111111111111000000111111000000000000111111000000000000000000000000111111111111111111000000111111000000000000000000000000111111000000000000111111111111000000111111111111111111000000000000000000000000111111000000111111000000000000111111000000111111111111000000111111000000000000111111	394	1513005236
198.000000	198.000000	11237800	323	11237800	0.515152	000000000000111111111111000000000000111111111111111111000000000000111111111111111111111111111111000000000000111111111111111111111111000000000000000000000000111111111111000000000000111111111111111111111111000000000000000000000000111111111111000000111111111111111111000000000000000000111111000000000000000000111111000000000000111111000000111111111111111111111111000000111111000000000000000000111111	323	1513005262
198.000000	198.000000	13203190	387	13203190	0.484848	111111000000000000000000000000000000000000111111000000111111111111000000111111000000111111111111000000000000111111111111111111000000111111111111000000000000111111111111000000000000000000111111111111000000111111000000111111111111000000111111111111000000111111111111000000111111000000111111000000111111111111111111000000000000000000000000111111111111111111000000111111000000000000000000000000000000	387	1513005477
198.000000	198.000000	13529418	373	13529418	0.500000	111111111111000000000000111111111111111111111111000000111111111111000000111111000000000000111111111111111111000000111111111111000000000000000000000000111111000000111111000000000000111111000000000000000000000000111111111111000000000000111111000000111111000000000000111111111111000000000000000000111111000000111111000000000000111111000000111111111111000000111111111111000000111111111111000000111111	373	1513005551
198.000000	198.000000	15159500	379	15159500	0.439394	000000000000000000111111000000000000000000000000000000000000111111000000111111111111111111000000000000000000111111111111000000000000111111111111111111111111111111111111111111111111000000111111000000000000000000000000111111111111111111000000000000000000000000000000111111111111000000111111000000000000000000111111111111111111000000000000000000000000111111000000111111111111000000000000000000111111	379	1513005586
198.000000	198.000000	13578939	377	13578939	0.469697	000000000000000000111111111111000000000000111111000000111111000000000000111111000000111111111111000000111111111111111111000000000000000000111111111111111111000000000000000000000000000000111111000000111111111111111111000000111111000000111111000000111111000000111111000000111111000000000000111111111111111111111111111111000000111111000000111111000000000000000000000000111111000000000000000000111111	377	1513005633
198.000000	198.000000	13440444	338	13440444	0.409091	111111111111000000000000111111000000000000111111000000000000000000000000000000111111000000111111111111111111000000000000111111000000111111111111000000000000111111000000000000111111000000111111000000111111000000111111000000000000000000000000111111000000111111000000000000111111111111000000000000000000111111111111111111111111000000111111000000000000111111000000000000000000111111000000000000000000	339	1513005866
198.000000	198.000000	10839638	309	10839638	0.621212	111111111111111111111111111111000000111111000000000000111111111111111111000000111111111111111111000000111111111111111111000000000000000000000000000000111111000000111111000000111111000000000000111111111111111111111111000000111111111111111111111111111111000000000000000000000000111111111111111111000000111111000000111111111111000000111111000000111111111111000000000000111111111111111111111111111111	309	1513005926
198.000000	198.000000	15045082	404	15045082	0.545455	111111111111000000111111000000000000111111000000000000111111111111000000000000000000111111111111000000111111111111111111000000111111000000111111111111000000111111111111000000000000000000000000111111000000111111000000111111111111111111000000111111000000111111111111111111111111111111111111111111111111000000111111000000000000000000111111000000000000000000111111000000111111111111000000111111000000	404	1513005967
198.000000	198.000000	13474582	366	13474582	0.409091	111111000000000000000000111111111111111111000000000000000000000000000000000000111111000000000000000000111111000000000000111111000000000000000000111111000000000000000000111111000000000000111111111111000000000000111111111111000000000000111111000000111111111111111111000000000000000000000000111111000000111111111111111111000000000000111111111111000000111111000000111111000000111111000000000000111111	366	1513006011
198.000000	198.000000	11881384	338	11881384	0.348485	111111111111000000000000111111111111111111111111000000111111000000111111000000000000111111000000111111000000000000000000000000000000000000111111000000111111000000000000000000000000000000111111000000000000000000000000000000000000000000111111000000000000111111000000000000111111111111111111111111000000111111000000000000111111000000000000111111000000000000111111000000000000000000000000000000000000	338	1513006205
198.000000	198.000000	12258954	314	12258954	0.439394	111111111111111111111111111111000000000000000000000000000000111111000000000000000000000000111111000000000000111111111111000000000000111111000000000000000000111111000000111111111111111111000000111111111111111111111111000000111111000000111111000000000000111111111111111111000000000000111111000000000000000000000000111111000000111111111111000000000000000000000000000000111111000000000000111111000000	314	1513006237
198.000000	198.000000	13558178	328	13558178	0.530303	111111000000111111000000000000111111111111111111000000111111111111000000000000111111000000111111000000000000111111000000111111111111111111111111111111000000111111111111111111111111111111000000000000000000111111111111000000111111000000000000000000000000111111000000111111000000111111111111111111000000111111000000000000111111000000111111000000000000111111000000000000111111000000111111000000111111	328	1513006374
198.000000	198.000000	14498316	369	14498316	0.439394	000000111111000000111111000000000000111111000000111111111111000000000000111111000000000000000000000000111111111111000000000000000000111111111111000000000000000000111111111111000000000000000000000000000000111111111111111111000000000000000000111111111111111111000000111111000000111111000000000000111111111111000000000000000000111111111111000000000000111111111111111111111111000000111111000000000000	369	1513006382
198.000000	198.000000	18311130	436	18311130	0.500000	111111111111000000000000000000111111000000000000000000111111000000000000000000111111000000111111000000000000111111000000111111000000000000111111111111111111111111111111111111111111111111000000000000000000000000111111111111000000111111000000111111111111000000111111000000111111111111000000000000000000000000000000111111111111111111000000111111111111000000111111111111000000111111000000111111000000	437	1513006546
198.000000	198.000000	13108342	353	13108342	0.378788	000000000000111111000000111111111111000000111111111111000000000000111111000000000000000000111111111111000000000000000000000000000000111111000000111111000000000000000000111111111111111111000000111111111111000000000000000000000000000000000000111111111111111111000000000000111111000000111111111111111111000000111111000000000000000000000000000000111111000000000000000000111111000000000000000000000000	353	1513006554
198.000000	198.000000	16105689	399	16105689	0.590909	111111111111111111000000111111000000000000111111111111000000111111111111111111111111111111000000000000111111111111111111111111000000111111000000111111111111000000111111111111000000111111000000000000000000000000000000111111111111000000111111000000000000111111111111111111000000111111111111111111000000111111111111111111000000111111000000000000000000000000111111000000111111111111000000111111111111	399	1513006703
198.000000	198.000000	14524977	381	14524977	0.560606	111111111111111111000000000000000000000000111111111111000000111111111111111111111111111111000000000000111111000000111111111111111111111111111111111111111111000000111111111111111111000000000000000000000000000000111111111111111111111111111111000000000000000000000000000000000000000000111111111111111111111111111111000000000000000000000000000000000000111111000000111111000000111111111111111111111111	381	1513006753
198.000000	198.000000	16280889	420	16280889	0.530303	111111111111111111000000000000111111111111000000111111111111111111111111000000000000000000111111000000111111111111000000000000111111111111111111000000111111111111000000000000111111000000000000000000111111111111111111111111000000000000000000111111000000111111111111111111111111111111000000000000111111000000000000000000000000111111111111111111000000000000000000111111000000111111111111000000000000	421	1513006908
198.000000	198.000000	15234112	406	15234112	0.545455	111111000000111111111111111111000000000000111111111111000000000000000000111111000000000000000000111111111111111111111111111111000000111111000000111111000000000000000000000000000000111111111111111111111111111111111111000000111111111111000000000000000000111111111111000000111111111111111111000000000000000000000000111111111111111111111111111111000000111111000000000000000000111111111111111111000000	407	1513006986
198.000000	198.000000	13124504	359	13124504	0.469697	111111111111000000000000111111000000111111000000000000000000111111000000111111111111111111111111000000000000000000000000000000111111111111000000000000000000111111111111111111000000000000111111111111000000111111111111111111000000111111000000111111000000000000000000111111111111111111111111000000000000000000000000111111111111111111111111111111000000000000000000111111000000000000000000000000000000	359	1513007105
198.000000	198.000000	14066920	382	14066920	0.515152	000000000000111111000000111111111111000000111111000000111111000000111111000000000000111111000000000000111111000000000000000000000000111111000000000000111111111111111111000000111111111111111111111111111111111111000000000000111111111111111111000000000000000000111111000000111111111111111111111111000000000000111111000000111111000000000000000000111111000000111111111111111111000000000000111111111111	383	1513007134
198.000000	198.000000	14685142	415	14685142	0.590909	111111111111111111111111111111111111111111111111111111111111000000000000111111000000000000000000111111000000000000111111000000111111000000000000111111000000111111111111000000111111000000111111000000111111000000000000000000111111111111000000000000111111111111111111111111111111111111000000000000000000111111111111111111111111111111111111000000000000111111111111111111111111000000000000111111000000	416	1513007331
198.000000	198.000000	13215466	377	13215466	0.469697	111111000000111111000000111111000000000000000000000000111111111111111111111111000000111111000000000000000000111111000000000000111111111111111111111111000000111111111111000000000000000000111111000000000000111111000000000000111111000000000000000000111111000000111111111111111111111111111111000000000000000000111111111111111111000000111111000000000000000000000000000000111111000000000000111111111111	377	1513007393
198.000000	198.000000	13687423	358	13687423	0.439394	000000000000111111000000000000111111111111111111111111111111000000111111000000000000000000000000000000000000111111000000000000000000000000000000000000111111111111000000111111000000000000111111111111111111111111000000000000111111000000000000111111111111111111111111000000111111000000000000000000111111111111000000111111111111000000000000000000111111000000111111111111111111000000000000000000000000	359	1513007467
198.000000	198.000000	14325500	401	14325500	0.454545	111111000000111111000000000000000000000000000000111111111111111111111111000000000000111111000000111111000000111111000000000000000000111111111111111111111111111111000000111111000000111111000000111111111111000000111111000000000000000000111111111111000000111111000000000000000000000000000000000000000000111111111111111111000000000000000000111111111111111111000000000000000000000000111111000000111111	401	1513007517
198.000000	198.000000	13844935	383	13844935	0.500000	000000000000000000000000111111000000000000000000111111000000000000111111000000000000111111000000111111111111000000000000000000000000000000111111111111111111111111000000111111111111111111111111000000111111111111111111000000111111000000111111111111000000000000000000111111111111000000000000111111111111000000111111000000111111000000111111111111111111000000000000111111111111111111000000111111000000	383	1513007747
198.000000	198.000000	11703406	327	11703406	0.454545	111111000000000000000000111111111111000000111111000000000000000000111111000000111111111111000000111111000000000000111111111111000000111111111111000000111111000000111111000000111111111111000000111111111111111111111111000000000000111111111111000000000000000000111111111111111111000000000000111111000000000000111111000000000000000000000000000000000000111111000000000000111111000000111111000000000000	328	1513007770
198.000000	198.000000	11879142	332	11879142	0.469697	000000111111000000111111000000000000000000111111000000111111111111111111000000000000111111000000111111111111000000111111000000000000000000111111111111111111111111111111111111111111000000000000000000111111000000000000000000111111111111000000111111111111000000000000111111000000000000111111000000000000000000111111000000111111000000000000000000000000000000111111000000000000111111111111111111111111	332	1513007826
198.000000	198.000000	13502264	381	13502264	0.636364	111111000000111111111111000000111111000000000000111111111111111111111111111111111111111111111111000000000000000000000000000000111111111111111111000000000000000000000000111111000000111111000000111111111111111111111111111111111111111111000000111111111111111111000000111111111111111111000000111111111111111111111111000000111111111111111111111111111111111111000000000000000000000000000000111111111111	382	1513007919
198.000000	198.000000	15900031	437	15900031	0.378788	111111111111111111000000111111111111111111000000000000111111000000000000111111111111000000000000111111000000000000000000000000000000000000111111000000000000000000000000000000111111000000000000000000000000111111000000000000111111111111000000111111111111000000000000000000000000000000111111111111000000111111111111000000000000000000111111000000000000111111000000111111000000111111000000000000000000	437	1513008098
198.000000	198.000000	11044328	288	11044328	0.484848	000000000000000000000000000000111111111111000000000000111111000000111111111111000000111111111111000000111111111111000000111111000000111111000000000000000000111111111111111111111111111111000000111111111111111111000000000000000000111111000000000000111111000000111111000000111111000000000000000000111111000000111111000000000000000000000000111111111111000000000000111111111111111111111111000000111111	289	1513008133
198.000000	198.000000	13784261	357	13784261	0.469697	111111000000111111000000111111000000111111000000000000000000000000000000000000111111111111111111111111000000000000111111111111111111111111000000000000111111111111000000111111000000000000000000111111000000111111111111000000000000000000111111000000111111111111000000000000000000111111000000111111111111111111111111000000000000000000111111000000000000111111000000111111000000111111111111000000000000	358	1513008159
198.000000	198.000000	16067569	422	16067569	0.545455	000000111111111111000000111111000000000000111111111111111111000000111111111111000000000000111111111111111111000000111111111111111111111111000000111111111111111111000000111111000000000000000000000000111111111111111111111111000000111111000000000000111111111111000000000000111111111111000000111111000000111111000000000000000000000000111111000000111111000000000000111111111111111111000000000000111111	422	1513008302
198.000000	198.000000	15869099	422	15869099	0.530303	000000111111000000000000000000111111000000111111111111000000111111000000000000111111111111000000000000111111111111111111000000111111111111111111000000111111111111000000000000000000000000000000111111000000111111111111111111000000111111000000000000111111111111111111111111000000111111000000111111000000111111111111111111000000000000111111111111000000000000000000000000111111111111111111111111000000	422	1513008424
198.000000	198.000000	15841062	443	15841062	0.545455	000000000000000000000000111111111111111111111111000000000000111111111111111111000000111111111111000000000000111111111111111111111111111111111111000000111111000000000000111111000000000000111111111111111111111111000000000000111111111111111111111111000000111111000000000000000000111111000000000000111111111111111111000000000000000000111111111111000000000000000000111111111111000000111111111111000000	443	1513008519
198.000000	198.000000	14615966	390	14615966	0.515152	111111111111000000111111111111000000111111000000000000000000000000000000000000000000111111000000000000111111000000111111000000000000111111111111111111111111000000111111111111111111111111000000000000000000111111111111111111111111111111000000000000000000111111111111111111111111111111000000111111000000111111000000111111000000000000000000111111111111111111000000000000000000000000111111000000111111	390	1513008536
198.000000	198.000000	14277864	386	14277864	0.409091	111111111111111111000000111111000000000000000000111111111111000000000000111111000000000000000000000000000000111111000000111111000000000000111111000000111111000000111111111111000000000000000000111111000000000000000000000000111111111111111111111111000000000000111111000000000000000000111111111111000000111111111111000000000000000000000000000000111111111111111111000000000000000000000000000000111111	387	1513008724
198.000000	198.000000	15315949	422	15315949	0.515152	111111000000000000000000111111000000111111000000111111111111111111111111111111111111111111111111111111000000000000000000000000000000000000111111111111111111111111111111000000000000111111111111000000000000111111000000000000000000000000111111111111000000111111000000000000000000000000111111000000111111000000111111111111000000000000000000000000111111111111111111111111000000000000111111111111111111	422	1513008849
198.000000	198.000000	16000710	393	16000710	0.515152	000000000000111111111111000000000000111111000000000000111111000000000000000000000000111111111111000000000000000000111111111111111111000000111111000000111111000000000000111111111111000000000000111111111111111111000000000000111111111111111111000000000000111111111111111111111111111111111111111111111111000000000000111111111111000000111111111111000000111111000000000000000000111111111111000000000000	394	1513008927
