198.000000	198.000000	5498660	14	5498660	0.409091	000000111111111111111111000000000000111111111111000000000000111111000000111111000000111111000000000000000000000000000000111111111111111111111111000000000000111111111111111111000000000000111111000000000000111111111111000000111111000000111111000000000000111111000000000000000000000000000000111111000000111111000000000000000000111111000000000000000000111111000000000000111111111111000000000000000000	14	1569445238
198.000000	198.000000	5603243	14	5603243	0.454545	000000000000000000000000000000111111000000000000000000111111000000000000000000000000000000111111000000111111000000000000111111111111111111000000111111000000111111111111000000000000111111111111000000000000000000111111111111000000000000111111111111000000000000111111111111111111111111111111000000111111111111111111000000111111000000111111000000111111000000000000000000000000111111111111000000111111	14	1569445243
198.000000	198.000000	5793085	15	5793085	0.515152	000000111111000000111111000000000000111111111111000000000000111111000000000000111111111111111111111111111111111111000000111111000000111111111111111111111111111111000000111111111111000000000000111111111111000000111111111111000000000000000000000000111111111111111111111111000000000000111111111111000000000000000000000000111111000000000000111111111111000000111111000000111111000000000000000000000000	15	1569445248
198.000000	198.000000	5442336	14	5442336	0.439394	000000000000000000000000000000000000111111000000000000111111000000000000000000000000000000111111111111000000000000111111111111111111000000000000111111111111111111111111111111000000000000111111111111000000000000000000111111000000111111000000000000111111111111000000111111111111000000000000000000000000000000000000111111111111111111000000111111000000111111111111000000111111111111000000000000111111	14	1569445253
198.000000	198.000000	7164730	18	7164730	0.606061	111111111111000000000000111111000000111111111111111111111111000000000000000000111111000000111111111111111111111111111111111111111111111111000000111111000000111111111111111111000000111111111111000000111111000000111111111111000000111111000000000000111111000000111111111111000000000000000000111111111111111111000000000000000000111111111111111111000000000000111111111111000000111111111111000000111111	18	1569445258
198.000000	198.000000	10136785	26	10136785	0.560606	111111111111000000111111000000111111111111111111111111111111000000000000111111000000111111111111000000111111111111000000000000111111111111111111000000111111000000111111111111000000000000000000000000111111111111000000111111111111111111000000111111000000111111000000111111000000111111000000111111111111000000111111000000111111000000111111111111000000000000000000111111111111000000111111000000000000	26	1569445263
198.000000	198.000000	5692554	15	5692554	0.469697	000000000000111111111111000000111111000000111111000000111111111111111111000000111111111111000000111111111111111111111111000000111111111111000000111111000000000000000000000000111111000000000000000000111111000000111111000000000000111111000000111111000000000000000000111111111111111111111111000000000000111111111111000000111111000000111111111111000000000000000000000000000000000000000000000000111111	15	1569445268
198.000000	198.000000	5472263	14	5472263	0.515152	000000111111000000000000111111111111111111000000000000000000111111000000000000000000000000000000111111111111000000000000111111111111000000111111000000111111000000000000111111000000111111000000111111000000111111111111000000000000000000111111111111111111000000000000111111111111111111111111111111111111111111000000000000111111111111111111111111000000111111000000000000000000111111111111000000111111	14	1569445273
198.000000	198.000000	8765922	22	8765922	0.469697	111111000000111111000000000000111111000000111111000000000000111111000000000000111111000000000000000000111111111111000000111111000000000000000000111111000000000000000000111111111111000000000000111111111111111111000000111111111111000000000000111111111111000000111111111111000000000000000000000000111111000000111111111111000000000000111111000000000000111111111111111111111111000000111111000000111111	22	1569445278
198.000000	198.000000	5539503	14	5539503	0.545455	000000000000000000111111000000000000111111000000000000111111111111111111111111111111111111111111000000111111111111000000000000111111111111111111000000111111111111111111111111000000000000111111000000111111000000000000000000111111111111111111111111000000111111111111111111000000111111111111111111000000000000000000111111111111000000111111000000000000000000000000111111111111111111000000000000000000	14	1569445283
198.000000	198.000000	5433127	14	5433127	0.424242	000000000000111111000000111111000000000000000000000000000000111111111111000000000000000000111111111111111111000000111111000000111111000000111111000000000000000000000000000000000000111111111111111111000000000000000000111111111111000000000000000000000000000000111111000000111111111111111111111111000000000000111111000000111111000000000000111111111111000000000000111111111111000000111111000000111111	14	1569445288
198.000000	198.000000	5475584	14	5475584	0.606061	111111111111000000111111111111000000111111111111111111111111000000111111000000111111000000111111111111111111000000111111111111111111000000111111111111000000111111000000000000000000000000111111111111111111111111000000111111000000111111111111000000000000000000111111000000000000111111111111111111111111000000000000111111111111111111111111000000000000111111111111111111111111000000000000000000111111	14	1569445293
198.000000	198.000000	7547229	19	7547229	0.454545	111111000000000000111111111111000000111111111111000000111111111111000000000000000000111111000000111111111111000000000000000000111111000000111111111111000000111111111111000000000000000000111111000000000000111111000000000000111111111111111111111111111111111111000000111111000000000000111111000000111111111111111111000000000000000000111111000000000000111111000000000000000000000000000000000000000000	19	1569445298
198.000000	198.000000	5798562	15	5798562	0.454545	111111000000000000111111111111111111111111111111000000111111000000111111000000000000111111111111111111000000000000111111000000000000000000111111111111000000111111000000000000000000000000111111111111000000000000111111000000111111000000111111000000000000000000111111000000111111000000111111000000000000000000111111000000111111000000111111000000111111000000000000000000000000111111000000111111111111	15	1569445303
198.000000	198.000000	5528757	14	5528757	0.439394	000000111111000000000000111111111111000000111111111111000000000000000000000000000000000000111111000000000000000000111111000000111111000000111111000000111111111111000000000000111111111111111111000000111111000000111111111111111111000000111111000000111111000000000000111111111111000000000000111111111111000000000000000000000000111111111111111111111111000000000000000000111111000000000000000000000000	14	1569445308
198.000000	198.000000	5463494	14	5463494	0.454545	000000111111000000000000111111111111000000000000111111000000111111111111000000000000111111000000111111000000111111000000111111000000111111000000111111111111111111111111111111000000000000000000000000000000000000111111000000000000000000111111000000111111111111000000000000111111111111111111000000000000000000000000111111000000111111111111111111111111111111000000000000000000000000000000111111000000	14	1569445313
198.000000	198.000000	7002431	18	7002431	0.500000	111111000000000000111111000000000000111111111111000000000000111111111111000000111111111111111111000000000000111111111111000000111111111111111111000000000000000000111111000000000000000000111111000000000000000000111111111111000000111111000000111111111111111111111111111111000000000000000000111111000000111111000000000000111111111111000000000000000000111111000000111111111111111111000000111111000000	18	1569445318
198.000000	198.000000	7099593	18	7099593	0.500000	000000111111000000111111000000111111111111111111111111000000111111111111000000000000111111000000000000111111111111111111111111111111000000111111000000111111111111111111000000111111000000111111000000111111000000000000111111000000000000000000111111000000111111000000111111000000000000000000000000111111000000111111111111000000111111000000000000000000111111111111000000000000000000000000111111111111	18	1569445323
198.000000	198.000000	5529442	14	5529442	0.515152	111111000000000000111111000000111111000000000000111111000000111111111111000000111111111111000000111111111111000000111111000000111111000000000000000000000000000000111111000000000000111111111111000000000000000000000000111111111111111111000000111111111111000000000000000000111111111111111111111111000000000000000000111111111111111111000000000000111111111111111111111111111111111111000000111111000000	14	1569445328
198.000000	198.000000	5326830	14	5326830	0.409091	000000111111111111111111111111000000000000111111000000000000000000000000000000111111111111000000000000000000111111000000000000000000000000000000111111000000000000000000111111000000111111111111111111000000111111000000000000111111000000000000111111111111000000111111000000000000000000000000111111111111000000000000111111111111111111000000000000000000000000000000111111111111111111000000000000111111	14	1569445333
198.000000	198.000000	8659329	23	8659329	0.545455	111111111111111111000000111111000000111111111111000000111111111111000000000000000000111111111111000000111111111111000000111111000000111111111111111111000000111111111111000000111111000000000000111111000000111111000000111111111111000000111111111111000000000000111111000000000000111111000000111111000000111111111111000000111111000000111111111111111111111111000000000000000000000000000000111111000000	23	1569445338
198.000000	198.000000	7109260	18	7109260	0.560606	111111111111111111000000000000000000111111111111111111000000111111000000000000111111000000000000111111000000000000000000111111000000111111000000000000111111000000111111000000111111111111111111111111000000111111111111111111000000000000111111000000111111000000111111000000000000111111000000111111111111111111000000111111000000111111000000111111111111111111111111000000111111111111111111000000111111	18	1569445343
198.000000	198.000000	5747186	16	5747186	0.424242	000000000000000000000000000000000000000000000000000000000000111111111111111111111111000000000000111111111111111111111111111111111111111111111111111111000000111111111111000000111111111111111111000000000000111111000000000000000000000000111111111111000000000000000000000000000000000000111111111111000000000000000000000000000000111111000000111111000000111111000000000000000000111111000000000000111111	16	1569445348
198.000000	198.000000	5758551	15	5758551	0.484848	000000000000111111000000000000111111000000000000111111000000111111000000111111111111000000000000000000000000111111000000111111111111111111111111111111111111000000111111000000000000111111000000111111000000000000111111111111111111111111000000111111111111000000111111111111000000111111111111000000000000000000000000000000000000111111000000000000000000111111111111111111111111000000000000111111000000	15	1569445356
198.000000	198.000000	5494376	14	5494376	0.515152	111111111111000000111111000000111111111111111111000000000000000000000000111111111111111111000000000000111111111111000000000000000000111111000000000000111111111111000000111111111111000000000000111111000000111111111111111111000000000000000000000000111111000000111111000000000000111111111111111111111111000000000000111111000000111111111111000000111111111111111111000000111111000000000000000000111111	14	1569445361
198.000000	198.000000	6999656	18	6999656	0.545455	111111111111000000111111111111111111111111111111000000111111111111111111000000000000111111000000000000000000000000111111000000000000111111000000111111000000000000000000000000000000111111111111111111000000000000111111111111111111000000111111000000111111111111111111111111111111111111111111000000111111111111000000111111000000000000111111000000111111111111111111000000000000111111000000000000000000	18	1569445366
198.000000	198.000000	5641852	14	5641852	0.590909	000000000000000000000000111111111111000000111111000000000000000000111111111111000000111111111111000000111111000000111111111111111111111111111111111111111111111111111111000000111111000000111111000000000000111111000000000000111111000000111111111111000000111111111111111111111111111111111111000000111111111111111111111111000000111111000000111111111111000000000000111111111111000000000000000000111111	14	1569445371
198.000000	198.000000	6011944	15	6011944	0.484848	000000111111000000000000000000000000111111000000111111111111000000111111000000000000111111000000000000111111111111000000000000000000111111111111000000111111111111111111111111000000111111000000111111000000000000111111000000000000000000000000111111000000111111111111000000111111000000111111111111111111000000111111111111111111000000111111000000000000000000111111000000111111111111000000111111000000	15	1569445376
198.000000	198.000000	5602775	15	5602775	0.530303	111111111111000000000000111111111111111111000000111111111111111111000000000000111111111111111111000000111111000000000000111111000000000000000000000000111111111111111111000000000000111111111111111111111111000000111111111111000000000000000000000000111111111111000000000000111111111111000000000000000000111111111111111111111111111111000000000000000000111111111111111111000000000000000000111111000000	15	1569445381
198.000000	198.000000	5415099	14	5415099	0.424242	000000111111111111000000000000111111111111111111000000000000111111111111111111111111000000000000111111000000111111000000000000111111000000000000000000000000000000111111000000000000000000111111000000000000111111000000111111000000000000111111000000000000111111111111000000111111000000000000000000111111111111000000111111000000000000000000111111000000111111111111000000000000000000111111000000111111	14	1569445386
