198.000000	198.000000	828545	11	828545	0.469697	111111000000000000111111111111000000111111000000000000000000111111000000111111000000111111111111111111111111000000111111111111111111111111000000111111111111000000000000111111000000000000000000111111000000000000111111000000000000111111000000000000111111111111000000000000111111000000000000111111000000000000111111111111000000000000000000111111000000111111000000000000111111000000111111000000111111	11	1537377158
198.000000	198.000000	1559093	14	1559093	0.545455	111111000000000000111111000000111111000000000000111111111111111111000000000000111111000000000000111111000000000000111111111111000000111111111111111111111111111111000000111111111111000000111111000000111111111111000000111111111111111111111111111111000000111111111111000000000000111111111111000000111111000000000000000000111111111111111111111111000000111111111111000000000000000000000000000000000000	14	1537377169
198.000000	198.000000	1606015	14	1606015	0.439394	000000000000000000000000111111111111000000000000000000000000000000000000111111111111111111111111000000111111000000111111000000111111111111000000111111111111000000000000000000111111111111000000000000000000111111111111000000000000000000000000000000000000000000000000000000111111111111111111111111111111111111111111000000000000000000000000111111111111111111111111111111000000111111000000000000000000	14	1537377183
198.000000	198.000000	1247462	12	1247462	0.606061	000000000000000000000000111111111111000000111111000000111111111111111111111111000000111111111111111111111111111111000000111111111111111111111111111111111111111111111111111111000000000000111111000000111111000000000000000000111111000000000000111111111111000000000000111111111111111111111111111111000000000000111111111111111111000000111111111111111111111111000000000000000000000000111111111111000000	12	1537377197
198.000000	198.000000	1574097	14	1574097	0.454545	000000000000111111000000000000000000000000111111111111000000111111000000111111000000111111111111000000111111000000111111000000000000111111111111000000000000111111000000111111000000000000111111111111000000111111000000000000000000111111111111000000000000000000111111000000000000111111000000111111111111000000000000111111111111111111000000111111111111000000000000111111111111000000111111000000000000	14	1537377211
198.000000	198.000000	1548796	14	1548796	0.439394	000000111111000000000000000000111111111111111111111111000000111111000000111111111111000000000000111111000000000000111111000000000000000000111111111111111111111111000000000000000000111111000000000000000000000000000000111111000000111111000000000000111111000000000000111111111111111111000000000000111111000000111111111111000000111111000000000000111111000000111111111111111111000000000000000000000000	14	1537377225
198.000000	198.000000	1550813	14	1550813	0.500000	111111000000111111111111111111111111000000000000000000111111111111000000000000111111000000111111111111111111000000000000111111111111000000111111111111111111000000000000000000111111000000111111000000111111000000000000111111000000000000111111111111111111111111111111111111000000111111111111000000000000111111111111000000000000000000111111000000000000000000000000111111000000111111000000000000000000	14	1537377239
198.000000	198.000000	1614725	15	1614725	0.606061	111111000000000000111111111111000000111111111111111111111111111111111111111111111111000000000000000000111111000000111111111111000000000000111111000000000000111111111111111111000000111111111111111111111111000000111111111111111111000000111111111111000000000000000000111111111111000000111111000000000000111111111111111111111111000000000000000000111111000000111111000000000000111111111111111111111111	15	1537377253
198.000000	198.000000	1544604	14	1544604	0.469697	111111000000000000111111111111111111000000000000000000111111000000000000111111000000000000000000111111111111000000000000111111000000000000111111111111111111111111111111111111000000111111111111000000000000000000000000000000111111111111111111000000000000111111111111000000111111111111000000000000000000111111000000111111000000000000111111000000111111000000000000111111000000000000111111000000111111	14	1537377270
198.000000	198.000000	1630348	16	1630348	0.500000	000000000000000000000000111111111111000000111111111111111111000000111111000000000000000000000000111111111111000000111111111111000000111111111111111111111111111111111111111111000000000000111111111111000000111111111111111111000000111111000000111111000000000000000000111111000000000000000000111111000000000000111111000000000000000000111111000000111111000000111111111111111111000000000000000000111111	16	1537377284
198.000000	198.000000	1555750	15	1555750	0.484848	000000000000111111111111000000000000111111000000000000111111111111111111111111111111000000000000000000111111000000000000000000000000111111111111111111111111000000111111000000111111000000111111000000000000111111000000111111111111000000000000111111111111000000000000111111111111000000111111111111111111111111000000111111000000000000111111000000000000000000000000000000111111000000111111000000111111	15	1537377301
198.000000	198.000000	1208812	12	1208812	0.530303	000000000000111111000000111111111111111111000000000000111111000000111111000000111111111111000000000000111111111111000000000000111111111111111111111111000000111111111111000000000000000000000000111111111111111111111111000000111111000000111111000000111111111111000000000000000000111111111111000000000000111111111111000000000000111111111111111111000000000000111111000000111111000000111111111111000000	12	1537377318
198.000000	198.000000	1556962	14	1556962	0.424242	111111000000000000111111111111000000000000000000000000111111111111000000111111000000111111000000111111111111000000000000000000111111111111000000000000000000111111111111000000000000000000000000111111000000000000000000000000111111111111111111111111000000111111111111111111000000111111000000000000000000111111000000000000000000111111000000000000111111111111000000111111000000000000000000111111000000	14	1537377332
198.000000	198.000000	1241183	13	1241183	0.515152	000000111111111111000000000000111111111111000000111111000000000000000000000000111111000000111111111111000000000000111111000000111111111111111111111111111111000000111111111111111111000000111111000000000000000000111111111111111111000000000000000000000000000000000000111111111111111111000000111111000000111111111111111111000000000000000000111111000000111111111111000000000000111111111111000000111111	13	1537377346
198.000000	198.000000	1631416	15	1631416	0.454545	111111000000000000111111000000111111000000111111000000111111111111000000000000000000111111000000111111111111000000111111000000000000000000000000000000111111000000111111000000111111111111111111000000111111000000000000000000000000111111111111000000000000111111000000111111000000000000111111000000111111111111000000000000111111000000111111111111000000000000111111000000000000111111000000111111111111	15	1537377360
198.000000	198.000000	1612699	16	1612699	0.424242	000000000000111111111111111111000000111111000000000000000000000000000000111111000000000000000000111111000000111111111111000000111111000000111111000000111111000000000000000000000000000000000000111111111111000000111111000000000000000000111111111111111111000000111111000000000000000000000000111111000000111111111111111111000000111111000000111111111111000000111111000000111111000000111111000000000000	16	1537377377
198.000000	198.000000	1636697	15	1636697	0.409091	000000111111000000111111000000000000111111000000000000111111000000111111000000000000000000000000111111000000111111000000000000111111000000000000000000000000000000000000000000111111000000000000000000111111000000111111111111111111000000111111000000111111000000111111000000111111111111000000111111000000111111000000111111000000111111111111000000000000000000000000111111000000000000111111111111111111	15	1537377395
198.000000	198.000000	1584515	14	1584515	0.621212	000000111111000000000000000000000000000000111111000000111111000000111111111111000000111111111111000000111111000000111111000000111111000000111111000000000000000000000000111111000000111111111111000000111111111111111111000000111111000000111111111111111111111111111111000000111111000000000000111111111111111111111111111111111111111111111111111111111111111111111111111111111111111111000000111111111111	14	1537377412
198.000000	198.000000	1568274	13	1568274	0.530303	111111111111000000000000111111111111111111000000000000000000000000111111111111000000000000111111000000000000000000000000111111111111000000111111111111000000111111000000000000111111111111111111000000111111000000111111000000111111111111000000000000111111000000111111111111111111111111000000111111111111000000111111000000000000111111111111000000111111111111000000111111000000000000111111000000111111	13	1537377429
198.000000	198.000000	1563624	14	1563624	0.393939	111111000000000000000000000000000000000000111111000000111111111111000000000000000000000000111111111111000000000000111111000000111111000000000000111111111111000000000000111111111111000000111111000000111111111111000000111111000000000000000000000000000000000000000000000000111111000000000000111111000000111111111111000000111111111111000000111111111111000000000000000000000000000000111111000000111111	14	1537377443
198.000000	198.000000	1584007	14	1584007	0.393939	000000111111000000111111111111111111000000000000111111000000111111000000111111111111111111000000000000111111000000000000111111000000000000000000000000000000111111000000000000111111111111000000000000000000000000000000000000000000000000111111111111000000111111000000111111000000111111000000111111000000000000111111000000111111111111000000000000000000000000000000111111111111000000000000000000111111	14	1537377460
198.000000	198.000000	1632314	14	1632314	0.500000	111111111111111111111111000000000000111111111111000000111111111111000000000000000000111111000000000000000000000000000000000000000000000000111111111111111111000000000000000000111111111111000000111111000000000000000000000000000000111111000000000000111111111111111111000000111111111111111111111111111111111111111111000000000000000000111111000000111111111111111111111111000000111111000000111111000000	14	1537377474
198.000000	198.000000	1597654	14	1597654	0.484848	000000111111000000000000000000111111000000111111000000111111000000111111000000111111000000000000111111111111111111111111111111111111111111000000000000000000000000000000000000000000000000111111000000000000111111000000111111000000111111000000111111000000111111000000111111111111111111000000000000000000000000000000111111000000111111111111111111111111111111111111000000111111111111111111000000000000	14	1537377491
198.000000	198.000000	1235122	12	1235122	0.500000	111111000000111111000000000000111111111111000000000000111111000000111111111111111111000000111111000000111111111111000000111111111111000000111111111111000000000000000000000000000000111111000000111111000000000000111111000000111111000000000000000000111111000000000000111111000000111111000000111111111111111111111111000000111111111111000000111111111111111111111111000000000000000000000000111111000000	12	1537377508
198.000000	198.000000	1601699	14	1601699	0.545455	111111111111111111000000000000000000111111000000111111111111111111111111000000000000000000111111111111000000000000111111111111000000111111000000000000000000000000111111111111111111000000111111000000111111111111111111000000111111000000111111000000000000000000000000000000000000000000000000111111111111111111111111000000111111111111111111111111111111111111111111111111111111000000000000111111000000	14	1537377522
198.000000	198.000000	1611951	14	1611951	0.439394	111111000000000000000000111111111111000000000000000000111111000000000000000000111111000000000000111111111111000000111111111111000000111111000000111111000000111111000000111111000000000000000000000000111111111111000000111111000000111111000000000000111111000000111111000000000000000000000000111111111111000000111111111111111111000000111111000000000000111111000000111111000000000000000000111111111111	14	1537377539
198.000000	198.000000	1507711	13	1507711	0.515152	111111111111000000000000000000000000111111000000000000111111000000111111000000000000111111111111111111000000000000111111000000111111000000000000000000111111000000000000111111000000111111000000000000111111111111000000000000000000111111000000000000111111111111111111111111000000111111111111000000111111111111111111111111000000111111000000111111111111111111000000111111111111000000000000111111111111	13	1537377556
198.000000	198.000000	1569093	14	1569093	0.393939	000000111111000000111111000000111111000000111111000000000000000000111111000000111111111111000000111111111111000000000000000000000000000000000000111111111111111111111111000000000000000000111111111111000000000000000000111111111111111111000000000000000000000000111111111111000000000000111111000000000000000000000000111111111111000000000000000000000000000000111111000000000000111111111111000000000000	14	1537377570
198.000000	198.000000	1233209	12	1233209	0.545455	000000111111111111111111111111111111111111111111000000111111111111111111000000111111111111000000000000000000000000000000000000000000111111000000000000111111000000111111111111111111111111111111111111000000000000000000111111000000111111111111000000000000000000111111111111111111111111111111111111000000111111000000111111000000000000000000111111000000111111000000000000000000000000111111111111111111	12	1537377584
198.000000	198.000000	1219388	12	1219388	0.545455	111111000000111111111111111111000000111111111111000000111111000000111111111111000000000000111111111111000000000000000000111111000000000000000000111111111111000000111111111111000000000000111111000000000000111111000000000000000000111111000000111111111111000000000000000000000000111111111111111111000000111111111111111111111111111111000000111111000000111111111111111111111111111111111111000000000000	12	1537377598
