198.000000	198.000000	46957546	142	46957546	0.515152	111111111111111111111111000000111111000000000000111111000000000000111111000000111111111111111111000000111111000000000000111111111111000000111111000000000000000000111111000000000000111111000000111111000000111111111111111111111111000000111111111111000000111111000000000000000000111111000000000000111111000000111111000000111111111111111111000000000000000000000000111111000000111111111111111111000000	142	1536832033
198.000000	198.000000	45743668	138	45743668	0.454545	000000000000000000111111000000000000000000000000000000111111111111000000111111000000000000111111111111000000111111111111111111111111111111111111000000111111111111000000000000111111000000000000000000111111111111000000111111000000000000111111000000111111111111000000000000000000111111000000000000000000000000111111000000111111000000111111000000111111111111111111000000111111111111000000000000000000	138	1536832095
198.000000	198.000000	44713209	135	44713209	0.515152	000000000000111111111111111111000000111111111111000000111111111111111111000000111111111111000000111111000000111111000000111111111111111111111111111111111111000000111111111111000000000000000000000000000000111111111111111111111111000000111111000000000000000000000000111111000000000000111111000000000000111111111111000000111111000000000000000000111111000000111111000000000000111111000000111111000000	135	1536832124
198.000000	198.000000	45278960	134	45278960	0.378788	000000111111000000000000111111000000000000111111000000111111111111000000000000000000111111000000111111000000111111111111111111000000000000000000111111000000111111000000111111000000000000000000111111000000000000000000000000000000000000000000000000000000111111111111000000000000000000000000000000111111000000111111111111000000111111111111000000000000000000000000111111111111000000111111111111000000	134	1536832177
198.000000	198.000000	44362963	134	44362963	0.454545	000000111111000000000000000000000000111111000000000000111111000000000000000000000000111111111111000000000000111111111111000000111111000000111111000000000000000000111111000000000000000000111111111111111111000000000000111111111111000000111111000000000000111111111111000000000000111111000000111111000000000000111111111111000000000000111111111111111111000000000000000000111111111111111111111111111111	134	1536832236
198.000000	198.000000	45751981	136	45751981	0.606061	111111111111111111000000000000111111111111000000111111000000000000000000000000111111111111111111111111111111000000111111000000111111111111111111111111111111111111000000000000000000111111111111000000000000000000111111000000000000111111111111111111111111111111111111111111111111111111111111000000000000000000111111000000111111000000000000000000111111111111111111000000111111111111111111000000111111	136	1536832262
198.000000	198.000000	46045017	139	46045017	0.424242	111111000000000000111111000000000000000000000000000000000000111111111111000000000000111111000000111111111111000000111111000000000000111111000000111111000000111111111111000000000000111111111111000000000000000000000000000000000000111111111111111111000000111111111111000000111111000000111111000000000000111111000000000000111111000000111111111111000000000000000000111111000000111111111111000000000000	139	1536832312
198.000000	198.000000	47100530	149	47100530	0.454545	000000111111111111111111000000000000000000000000000000000000000000000000000000111111111111000000000000111111111111000000000000111111111111000000000000000000000000000000111111111111000000111111111111111111000000000000000000000000111111111111111111111111111111000000000000111111000000000000000000000000111111111111000000111111111111000000111111000000111111111111000000111111111111000000111111000000	149	1536832371
198.000000	198.000000	44381773	135	44381773	0.500000	000000111111111111111111000000000000111111111111111111000000000000111111000000000000000000111111000000111111111111000000111111111111000000000000111111000000000000111111000000000000000000000000111111000000000000111111111111111111000000111111111111111111000000111111111111111111111111000000111111000000000000111111000000111111000000111111000000111111000000000000000000000000111111111111000000111111	135	1536832400
198.000000	198.000000	44613112	138	44613112	0.515152	111111111111111111000000111111000000111111000000111111111111111111111111111111000000111111111111111111000000111111111111111111111111000000111111000000000000000000000000000000000000000000000000000000111111111111000000000000111111000000111111000000000000000000111111000000111111000000111111000000111111111111000000111111111111111111000000111111111111000000000000000000111111111111000000000000000000	138	1536832453
198.000000	198.000000	47679480	146	47679480	0.500000	000000000000111111111111111111000000111111111111111111000000000000111111111111000000111111111111111111000000000000111111111111000000000000000000111111000000111111111111111111000000111111111111000000000000000000000000000000111111111111111111000000111111111111000000000000111111111111111111000000000000111111111111000000000000000000000000111111111111000000000000111111000000111111000000000000000000	146	1536832521
198.000000	198.000000	45265318	138	45265318	0.424242	000000000000000000000000111111111111000000000000000000111111111111000000000000111111111111000000111111111111000000000000000000111111111111000000111111000000000000000000111111111111000000111111111111000000111111111111000000111111111111000000111111000000111111000000111111111111111111000000000000000000000000000000000000000000111111000000000000000000111111111111000000000000000000111111000000000000	138	1536832538
198.000000	198.000000	45050707	138	45050707	0.500000	000000000000000000000000111111000000111111000000111111000000000000000000111111111111111111111111111111000000111111111111000000111111111111000000000000111111000000000000111111111111111111000000000000000000000000111111000000111111000000111111000000000000000000111111111111000000111111111111000000000000111111000000000000111111111111111111111111000000111111111111111111000000000000111111000000111111	138	1536832546
198.000000	198.000000	46964627	144	46964627	0.439394	000000000000000000000000000000000000000000111111111111000000111111111111111111000000000000111111111111111111000000000000000000000000000000111111111111000000111111000000111111000000111111000000111111000000000000111111000000000000000000111111000000000000000000111111111111111111000000111111111111000000000000000000000000111111111111111111111111000000000000111111000000111111000000111111111111000000	144	1536832593
198.000000	198.000000	46491200	143	46491200	0.439394	000000111111000000000000000000000000000000111111111111111111111111000000000000000000000000111111111111111111000000111111000000000000111111000000000000000000000000111111111111111111000000000000000000000000111111000000111111111111111111000000000000000000000000000000000000000000000000000000000000000000111111111111111111111111111111111111111111000000111111111111111111000000000000111111111111000000	143	1536832667
198.000000	198.000000	48325662	150	48325662	0.409091	000000111111000000000000000000111111111111111111000000000000000000111111000000111111111111111111000000000000000000000000111111111111000000000000000000111111000000000000111111111111111111000000000000000000111111000000000000111111111111000000000000000000000000111111111111000000000000111111000000111111000000000000111111111111111111000000000000111111000000000000000000111111111111000000000000000000	150	1536832678
198.000000	198.000000	45428555	137	45428555	0.469697	111111111111000000111111000000111111000000111111000000111111000000000000111111000000111111111111111111000000000000111111000000111111000000000000000000000000111111000000000000111111111111111111111111000000000000000000000000000000111111000000111111000000000000000000000000000000000000111111111111111111000000000000111111000000111111111111111111111111111111000000111111000000111111000000000000111111	137	1536832686
198.000000	198.000000	45305955	140	45305955	0.484848	111111111111000000000000111111000000000000111111000000000000000000111111111111000000111111000000000000000000000000111111111111111111000000111111111111111111111111000000000000111111111111000000111111000000000000111111111111111111000000111111000000000000111111111111000000000000111111000000000000000000000000111111111111111111000000111111000000111111111111000000000000000000111111000000111111000000	140	1536832739
198.000000	198.000000	45306020	138	45306020	0.500000	000000111111000000000000000000000000111111111111000000000000111111000000000000111111000000111111111111111111000000000000111111111111000000111111111111000000111111111111111111111111000000000000000000111111111111000000111111000000111111000000000000000000000000000000111111000000000000111111111111000000000000111111000000000000111111111111000000111111000000111111111111111111111111111111111111000000	138	1536832810
198.000000	198.000000	44861844	139	44861844	0.439394	000000111111111111111111111111000000000000000000000000000000111111000000111111000000111111000000111111000000000000000000000000000000000000000000000000111111000000000000000000000000000000111111111111111111000000000000111111000000111111000000111111111111111111111111111111000000111111000000111111000000111111111111111111000000000000000000000000111111111111000000000000000000000000111111111111111111	139	1536832824
198.000000	198.000000	48606496	147	48606496	0.575758	000000000000000000111111000000111111111111000000000000000000000000111111000000000000111111111111111111111111000000111111111111111111111111111111111111111111000000111111111111000000111111000000111111111111000000111111000000111111111111000000111111111111111111000000000000000000000000000000111111111111111111000000000000000000000000111111111111111111000000111111111111111111111111111111111111000000	147	1536832832
198.000000	198.000000	44769452	137	44769452	0.378788	111111111111111111000000000000000000000000111111111111000000111111111111000000111111000000000000000000000000000000000000111111111111000000111111000000000000000000000000111111000000000000000000111111111111000000000000000000000000111111000000111111111111000000111111000000000000000000111111000000000000000000000000000000111111000000111111000000111111000000000000111111000000111111000000111111000000	137	1536832882
198.000000	198.000000	45840750	144	45840750	0.484848	000000000000111111000000111111000000111111111111000000111111111111111111111111111111000000000000111111000000111111111111111111111111111111000000111111111111111111111111111111000000111111111111000000000000111111111111000000111111000000000000000000111111000000000000000000000000000000111111000000111111000000000000000000000000111111111111000000111111000000000000000000111111000000000000000000000000	144	1536832951
198.000000	198.000000	44960830	137	44960830	0.545455	111111111111000000111111111111000000000000000000000000000000000000111111000000000000111111000000111111000000000000111111111111111111000000000000111111000000111111000000000000000000000000111111000000111111000000111111111111000000111111111111111111111111000000111111111111111111111111111111111111000000111111111111111111111111111111111111000000000000000000000000111111111111000000000000111111111111	137	1536832965
198.000000	198.000000	47368632	152	47368632	0.424242	111111000000111111000000000000111111111111000000000000111111000000111111111111111111111111000000111111000000000000000000000000111111000000000000111111111111000000000000111111000000000000000000111111111111111111111111000000000000000000111111000000000000111111111111000000111111000000000000000000000000111111000000000000000000000000000000000000000000111111111111111111111111000000000000000000111111	152	1536832982
198.000000	198.000000	45573427	138	45573427	0.530303	111111111111000000111111000000000000000000000000111111111111111111000000111111111111000000000000111111111111000000000000000000000000111111000000111111111111000000111111000000111111111111000000111111111111111111111111111111000000000000000000111111111111111111000000111111111111000000000000111111111111111111000000000000000000111111111111111111000000111111111111000000000000111111000000000000000000	138	1536833020
198.000000	198.000000	44495786	134	44495786	0.515152	111111000000111111111111000000000000111111000000111111111111111111000000000000000000000000000000000000111111000000111111000000000000000000000000111111111111111111111111111111000000111111000000111111111111111111111111111111111111000000000000000000000000000000000000111111111111111111111111111111111111111111000000000000000000000000111111111111111111000000111111000000000000111111111111000000000000	134	1536833097
198.000000	198.000000	45599089	140	45599089	0.469697	111111111111000000000000111111111111111111111111111111000000000000111111000000111111000000000000000000111111000000000000111111000000000000111111111111111111111111111111000000000000000000111111000000000000111111000000111111000000000000000000111111111111111111000000000000111111111111111111000000000000000000000000111111000000000000000000111111111111000000000000000000000000111111111111111111000000	140	1536833105
198.000000	198.000000	47326670	141	47326670	0.530303	111111000000111111111111111111111111111111111111111111000000111111111111000000000000111111111111111111000000000000000000000000000000000000111111000000000000111111111111000000111111111111000000111111111111000000111111111111000000000000111111000000000000111111111111111111111111000000111111111111111111000000111111000000000000000000000000111111111111000000111111000000000000111111000000000000000000	141	1536833137
198.000000	198.000000	45190772	137	45190772	0.439394	111111000000111111000000111111111111111111111111000000111111111111000000000000111111000000111111111111111111000000111111000000111111111111000000000000000000111111000000000000000000000000000000000000000000000000111111000000000000000000111111111111000000000000000000000000111111000000000000111111000000000000111111000000111111111111111111111111000000111111000000111111000000111111000000000000000000	137	1536833160
