198.000000	198.000000	11039004	24	11039004	0.424242	111111000000111111000000000000000000111111000000111111000000111111000000111111111111111111000000000000111111000000000000111111111111111111000000000000111111111111111111000000111111000000000000000000000000000000000000000000000000111111111111000000000000111111111111000000111111000000111111000000000000000000000000000000111111111111111111000000000000000000000000111111000000111111000000111111000000	24	1570655975
198.000000	198.000000	12547101	28	12547101	0.484848	000000111111111111000000111111000000111111111111111111000000000000111111111111111111000000111111000000000000111111000000000000000000000000111111111111000000000000111111000000000000111111111111111111000000000000000000000000000000000000000000111111111111000000111111000000111111111111000000111111111111111111000000000000000000111111111111000000000000000000111111000000111111111111000000111111111111	28	1570655980
198.000000	198.000000	11057161	24	11057161	0.530303	111111000000111111000000111111000000111111111111111111111111000000000000000000111111000000000000000000111111111111111111111111000000111111111111111111000000000000000000111111000000111111000000000000111111111111000000111111000000111111000000111111000000111111111111000000000000111111111111000000111111111111000000000000000000000000111111111111000000000000000000111111000000111111111111111111111111	24	1570655985
198.000000	198.000000	9559283	20	9559283	0.469697	000000111111000000000000111111111111000000000000111111111111111111000000111111000000111111000000000000000000000000111111000000111111111111000000000000111111111111111111111111000000111111111111000000000000000000000000000000000000111111000000111111000000000000000000111111000000111111111111111111111111000000000000111111000000000000000000111111111111000000000000111111000000111111000000111111111111	20	1570655990
198.000000	198.000000	12342455	27	12342455	0.378788	000000111111111111000000111111111111000000000000000000000000111111111111000000000000111111000000000000000000000000000000000000111111111111111111000000111111111111111111111111000000000000000000000000000000000000000000000000111111111111000000000000000000000000000000000000000000111111000000000000111111000000111111111111111111000000111111000000111111000000000000000000111111000000000000000000111111	27	1570655995
198.000000	198.000000	11118063	25	11118063	0.515152	111111111111111111000000000000000000111111111111111111000000000000111111111111000000111111111111000000111111000000111111111111111111000000111111000000000000111111000000111111111111000000000000000000000000000000000000111111111111000000111111000000000000111111000000000000000000000000000000000000000000000000111111111111111111111111000000000000111111111111000000111111111111111111111111111111111111	25	1570656000
198.000000	198.000000	9534591	20	9534591	0.530303	000000111111111111000000111111111111111111000000000000000000111111111111000000111111111111000000111111000000111111111111000000111111111111111111000000000000111111000000111111000000000000000000111111000000111111000000111111000000000000000000111111000000111111111111111111000000111111111111111111111111111111000000111111000000000000000000111111111111111111000000000000000000000000111111000000111111	20	1570656005
198.000000	198.000000	6653444	14	6653444	0.409091	111111111111111111111111000000111111000000111111000000111111000000111111111111000000111111111111111111000000111111000000000000111111111111111111000000111111111111000000000000000000000000000000111111111111000000000000000000111111000000111111111111000000111111000000000000000000000000111111000000000000000000000000111111000000000000000000000000000000000000000000000000000000000000111111000000000000	14	1570656010
198.000000	198.000000	9484644	20	9484644	0.454545	000000111111111111111111111111111111000000000000000000111111000000000000111111000000111111000000000000111111000000000000000000000000111111000000111111000000111111111111111111111111000000111111111111111111000000000000111111111111000000000000111111000000000000000000000000111111111111000000000000000000111111111111111111000000111111000000111111111111000000000000000000000000111111000000000000000000	20	1570656015
198.000000	198.000000	6656938	15	6656938	0.439394	000000000000000000111111000000000000000000111111111111000000000000000000111111000000000000111111000000000000111111000000000000111111111111111111111111111111000000111111000000000000111111111111000000111111111111111111000000000000111111111111000000000000000000000000111111111111000000111111111111000000111111111111111111000000000000000000000000000000000000000000000000000000111111111111111111000000	15	1570656020
198.000000	198.000000	6612866	15	6612866	0.590909	111111111111000000000000111111111111000000000000111111000000000000000000000000111111000000111111000000111111000000111111111111000000000000000000111111111111111111111111111111111111000000000000111111111111000000111111111111111111111111111111000000000000111111111111111111000000000000111111111111111111111111111111111111000000000000000000000000000000111111111111000000111111111111111111111111111111	15	1570656025
198.000000	198.000000	11140426	25	11140426	0.484848	111111111111000000111111000000000000111111111111111111000000000000000000000000111111111111111111111111000000000000111111111111111111000000000000111111000000111111111111111111000000111111000000111111000000111111111111000000000000000000111111111111000000000000000000111111000000000000000000000000000000000000000000000000000000111111111111000000111111000000000000000000111111111111111111111111111111	25	1570656030
198.000000	198.000000	9380233	20	9380233	0.500000	000000111111000000000000111111111111000000111111111111111111000000111111000000111111111111111111111111000000111111000000111111000000000000000000111111111111000000111111111111000000000000111111111111111111000000000000000000000000111111000000111111000000000000111111111111111111000000000000111111111111000000111111111111111111000000000000111111000000000000111111000000000000000000111111000000000000	20	1570656035
198.000000	198.000000	6685744	15	6685744	0.560606	111111111111111111000000111111000000111111000000000000000000000000111111000000111111000000000000000000000000111111000000111111111111111111000000000000111111000000111111111111111111111111111111111111111111000000111111111111111111111111000000111111000000000000111111111111000000111111000000000000111111111111000000111111000000000000111111111111000000111111111111000000000000000000111111111111111111	15	1570656040
198.000000	198.000000	10847567	24	10847567	0.393939	111111111111000000000000111111000000000000000000000000000000000000111111111111000000111111000000000000000000000000000000000000000000111111111111000000000000000000111111000000000000111111111111000000000000000000000000000000000000000000111111111111111111000000000000000000111111000000000000111111000000111111111111000000111111000000000000111111111111111111111111000000000000111111111111000000111111	24	1570656045
198.000000	198.000000	12401297	28	12401297	0.469697	111111000000000000111111000000111111000000000000000000111111000000000000111111111111000000000000000000000000111111000000111111111111000000000000000000111111111111111111000000111111000000000000000000000000111111111111000000000000111111111111111111000000000000111111000000111111111111111111000000000000111111111111111111111111000000000000000000111111111111000000111111000000000000111111000000111111	28	1570656050
198.000000	198.000000	6603206	14	6603206	0.575758	111111000000000000111111000000000000111111000000111111111111111111000000000000111111111111000000000000111111000000000000000000111111111111000000111111111111111111111111111111111111000000111111111111111111111111111111111111000000111111000000000000111111111111111111111111000000000000000000000000000000111111111111111111000000111111111111000000000000000000111111000000111111111111111111111111000000	14	1570656055
198.000000	198.000000	6620330	15	6620330	0.545455	000000111111111111000000111111111111111111000000000000000000000000000000000000111111111111000000111111000000000000111111111111111111111111111111111111000000111111111111000000111111000000000000000000111111111111111111111111000000000000111111000000111111111111111111000000000000000000111111111111000000111111000000000000111111111111000000111111000000000000000000111111111111000000111111111111111111	15	1570656060
198.000000	198.000000	11235265	25	11235265	0.575758	111111111111000000111111000000111111111111000000111111111111111111111111111111000000111111000000000000111111111111111111000000111111000000000000111111111111000000111111000000111111111111111111111111000000111111111111111111000000000000111111000000111111111111000000000000111111111111000000111111000000000000111111000000111111000000111111000000111111000000111111000000000000111111111111000000000000	25	1570656065
198.000000	198.000000	9516746	20	9516746	0.530303	000000000000000000000000111111111111000000000000111111111111111111000000111111111111111111111111000000000000111111111111111111000000111111111111111111111111000000000000000000000000111111000000000000111111000000111111111111000000111111111111111111111111111111111111000000111111111111000000000000111111000000111111111111000000111111000000000000111111000000111111111111000000000000000000000000000000	20	1570656070
198.000000	198.000000	9534348	20	9534348	0.606061	000000000000000000111111111111000000000000111111000000000000111111111111111111111111000000111111111111111111111111000000111111111111000000000000000000000000000000111111111111000000000000000000000000111111111111111111111111111111111111111111111111111111111111000000111111000000111111111111111111111111111111111111111111000000000000111111000000111111000000111111111111111111000000111111000000111111	20	1570656075
198.000000	198.000000	9608387	21	9608387	0.484848	000000000000000000111111111111000000000000111111111111111111111111111111000000000000000000111111111111111111111111000000111111000000000000111111000000111111111111000000000000111111111111111111000000111111111111000000000000111111111111111111111111000000000000000000111111000000111111000000000000000000000000000000111111000000111111000000111111000000111111111111111111000000000000000000000000000000	21	1570656080
198.000000	198.000000	6652178	15	6652178	0.515152	000000111111000000000000111111000000000000111111000000000000000000000000000000111111111111000000000000111111111111000000111111111111000000000000111111000000000000111111000000111111000000000000111111111111111111111111000000111111000000111111000000111111111111000000111111000000111111111111111111000000111111000000111111111111111111111111000000000000111111111111111111000000111111000000111111000000	15	1570656085
198.000000	198.000000	6683950	15	6683950	0.530303	111111000000000000000000111111000000000000000000111111000000000000111111111111111111111111000000111111000000000000111111000000111111000000000000000000000000111111111111111111111111111111000000111111000000111111111111000000111111111111111111111111111111000000000000000000111111111111111111111111111111111111000000111111111111111111111111000000000000000000000000111111111111000000000000000000000000	15	1570656093
198.000000	198.000000	9544049	21	9544049	0.681818	000000111111000000111111000000000000000000111111111111111111000000111111111111111111111111111111111111000000000000000000111111111111111111111111111111000000111111111111111111000000111111111111111111111111000000111111111111000000111111000000111111000000111111000000111111111111111111111111111111111111111111000000111111111111000000111111111111111111111111000000000000000000111111111111111111111111	21	1570656098
198.000000	198.000000	9575798	21	9575798	0.590909	000000111111111111111111000000000000111111111111000000000000111111111111111111000000000000000000111111000000111111111111000000111111111111111111000000111111111111000000000000000000000000111111111111111111111111000000111111000000111111000000000000111111000000111111000000000000111111111111111111111111111111111111000000000000000000000000000000111111111111111111111111111111111111111111111111111111	21	1570656103
198.000000	198.000000	6696369	15	6696369	0.409091	000000000000000000111111111111000000000000000000000000000000111111111111000000111111111111111111111111111111000000000000000000111111111111000000111111111111000000000000111111000000000000000000000000111111000000111111000000000000111111000000111111111111111111111111000000000000000000000000111111000000111111111111000000000000000000111111000000111111111111000000000000000000000000000000000000000000	15	1570656108
198.000000	198.000000	11573404	26	11573404	0.393939	111111000000111111000000000000111111000000000000000000000000111111111111111111111111000000000000000000000000000000000000000000000000000000000000000000111111000000111111000000111111111111000000111111000000111111111111111111111111000000000000000000111111000000000000000000000000000000000000000000000000000000000000000000000000111111000000000000111111111111111111111111111111000000111111111111111111	26	1570656113
198.000000	198.000000	12569804	29	12569804	0.469697	000000000000111111000000111111111111000000000000000000000000111111000000000000111111000000000000000000111111111111000000111111000000111111111111000000111111111111000000000000111111111111111111111111000000111111000000000000000000000000000000000000000000000000111111111111111111111111000000000000111111000000111111000000000000000000111111000000000000111111111111111111111111111111000000111111111111	29	1570656118
198.000000	198.000000	6625815	15	6625815	0.575758	111111000000000000000000111111111111111111111111000000111111111111000000000000111111000000111111111111000000111111111111111111111111000000111111111111111111000000111111111111000000111111111111111111000000000000000000000000111111000000000000000000000000000000000000111111111111111111111111111111000000111111111111111111111111111111000000000000111111000000111111000000111111111111000000000000111111	15	1570656123
