160.000000	160.000000	608019847	8613	608019847	0.650000	1111111111111111111100000000001111111111111111111111111111111111111111111111111100000000000000000000000000000011111111111111111111111111111100000000001111111111000000000011111111111111111111000000000000000000001111111111000000000000000000001111111111111111111111111111111111111111111111111111111111111111111111111111111100000000001111111111111111111111111111110000000000111111111100000000000000000000	8613	1539351437
160.000000	160.000000	630532290	9608	630532290	0.425000	0000000000111111111111111111111111111111111111111111111111110000000000000000000011111111111111111111000000000000000000001111111111000000000011111111111111111111000000000000000000000000000000000000000000000000000000000000000000000000000000001111111111000000000011111111110000000000111111111111111111111111111111000000000000000000000000000000000000000000000000001111111111000000000000000000001111111111	9609	1539351724
160.000000	160.000000	510677568	7227	510677568	0.475000	1111111111111111111111111111111111111111000000000000000000001111111111111111111111111111110000000000000000000011111111110000000000111111111111111111110000000000111111111100000000000000000000000000000011111111110000000000000000000000000000000000000000111111111100000000000000000000111111111111111111110000000000000000000000000000001111111111000000000011111111111111111111111111111100000000000000000000	7227	1539351741
160.000000	160.000000	531983096	8539	531983096	0.450000	0000000000111111111111111111110000000000111111111111111111110000000000111111111100000000000000000000111111111100000000000000000000000000000011111111111111111111111111111111111111110000000000000000000000000000001111111111000000000011111111110000000000111111111100000000000000000000111111111100000000000000000000111111111111111111110000000000000000000000000000000000000000111111111100000000001111111111	8539	1539351759
160.000000	160.000000	506869154	7245	506869154	0.575000	1111111111000000000000000000001111111111111111111100000000001111111111000000000011111111111111111111000000000000000000001111111111111111111111111111111111111111111111111111111111110000000000000000000011111111110000000000000000000011111111110000000000111111111111111111111111111111111111111111111111110000000000000000000011111111111111111111111111111100000000000000000000000000000000000000001111111111	7245	1539351908
160.000000	160.000000	518283217	8295	518283217	0.475000	1111111111000000000000000000001111111111111111111100000000000000000000000000000000000000001111111111000000000011111111111111111111111111111111111111111111111111000000000000000000000000000000111111111111111111111111111111111111111100000000000000000000111111111111111111111111111111000000000011111111110000000000000000000000000000000000000000111111111111111111110000000000000000000000000000000000000000	8296	1539352075
160.000000	160.000000	620773068	8349	620773068	0.400000	0000000000000000000000000000000000000000111111111100000000000000000000000000000000000000000000000000000000000011111111111111111111111111111111111111110000000000000000000011111111111111111111000000000000000000000000000000000000000000000000000000000000111111111111111111110000000000000000000011111111110000000000000000000011111111111111111111000000000011111111111111111111000000000011111111111111111111	8349	1539352299
160.000000	160.000000	445272842	8968	445272842	0.550000	0000000000000000000000000000001111111111000000000000000000000000000000111111111111111111111111111111111111111100000000000000000000000000000000000000001111111111000000000011111111111111111111111111111100000000001111111111111111111100000000001111111111111111111111111111110000000000111111111100000000001111111111111111111111111111110000000000111111111111111111110000000000111111111100000000001111111111	8968	1539352337
160.000000	160.000000	405554999	6994	405554999	0.400000	0000000000111111111100000000001111111111111111111111111111111111111111111111111111111111111111111111000000000000000000000000000000111111111100000000000000000000000000000000000000000000000000111111111100000000001111111111111111111100000000000000000000000000000000000000000000000000111111111100000000000000000000000000000000000000000000000000111111111100000000000000000000111111111111111111110000000000	6994	1539353107
160.000000	160.000000	512656776	7911	512656776	0.450000	1111111111111111111100000000001111111111111111111100000000000000000000000000000011111111110000000000111111111111111111110000000000111111111100000000000000000000000000000011111111111111111111111111111111111111110000000000000000000000000000001111111111111111111100000000001111111111000000000011111111110000000000000000000000000000001111111111000000000000000000000000000000000000000011111111110000000000	7911	1539353140
160.000000	160.000000	401815306	8127	401815306	0.425000	1111111111111111111100000000000000000000111111111100000000000000000000000000000000000000000000000000000000000000000000000000000000000000000000000000000000000000000000000000000000001111111111111111111100000000001111111111111111111100000000001111111111000000000011111111111111111111111111111100000000001111111111111111111100000000001111111111111111111111111111111111111111000000000000000000000000000000	8127	1539353190
160.000000	160.000000	362627618	7651	362627618	0.500000	0000000000111111111100000000000000000000111111111100000000000000000000111111111100000000001111111111111111111111111111111111111111111111111111111111111111111111111111111100000000000000000000111111111100000000000000000000111111111100000000001111111111000000000011111111111111111111000000000000000000000000000000111111111100000000001111111111111111111100000000000000000000000000000011111111110000000000	7652	1539353309
160.000000	160.000000	580591594	8798	580591594	0.525000	0000000000111111111100000000000000000000000000000011111111111111111111000000000011111111110000000000000000000000000000000000000000000000000011111111110000000000111111111111111111110000000000000000000011111111111111111111000000000011111111111111111111000000000011111111111111111111000000000011111111111111111111111111111111111111110000000000000000000000000000001111111111111111111111111111111111111111	8798	1539353389
160.000000	160.000000	626899806	8541	626899806	0.475000	0000000000000000000011111111110000000000111111111100000000000000000000000000000011111111110000000000111111111100000000001111111111000000000011111111111111111111000000000011111111110000000000000000000000000000000000000000111111111100000000001111111111000000000011111111111111111111111111111100000000001111111111000000000011111111110000000000111111111100000000000000000000111111111111111111111111111111	8542	1539353472
160.000000	160.000000	566843185	7813	566843185	0.500000	1111111111111111111100000000000000000000000000000011111111111111111111111111111111111111111111111111000000000011111111111111111111000000000000000000000000000000000000000000000000000000000000000000000011111111111111111111000000000000000000001111111111000000000011111111111111111111111111111111111111110000000000000000000011111111111111111111111111111100000000000000000000000000000011111111110000000000	7813	1539354026
160.000000	160.000000	609761750	7822	609761750	0.425000	1111111111111111111111111111111111111111000000000011111111110000000000000000000000000000001111111111000000000000000000001111111111000000000011111111111111111111111111111100000000000000000000000000000000000000000000000000111111111100000000000000000000111111111111111111110000000000000000000000000000001111111111000000000000000000000000000000000000000000000000001111111111000000000011111111111111111111	7823	1539355544
160.000000	160.000000	591957633	7409	591957633	0.550000	1111111111111111111111111111110000000000000000000000000000000000000000111111111111111111110000000000111111111100000000000000000000000000000000000000000000000000111111111111111111111111111111111111111100000000001111111111000000000000000000000000000000000000000011111111111111111111111111111111111111111111111111111111111111111111111111111111000000000011111111111111111111000000000011111111110000000000	7409	1539358970
160.000000	160.000000	399528598	6269	399528598	0.575000	1111111111000000000011111111111111111111111111111111111111111111111111111111111100000000001111111111000000000000000000001111111111000000000011111111110000000000000000000011111111110000000000000000000000000000000000000000111111111100000000001111111111000000000011111111111111111111000000000011111111110000000000111111111100000000001111111111111111111111111111110000000000111111111111111111111111111111	6269	1539359155
160.000000	160.000000	511836038	6537	511836038	0.425000	0000000000111111111100000000001111111111111111111100000000000000000000000000000011111111111111111111111111111111111111110000000000000000000000000000001111111111000000000000000000000000000000111111111100000000001111111111000000000000000000000000000000111111111100000000000000000000111111111100000000000000000000000000000011111111111111111111111111111100000000000000000000111111111111111111110000000000	6538	1539360051
160.000000	160.000000	474307907	6410	474307907	0.525000	1111111111000000000000000000000000000000111111111111111111111111111111111111111100000000001111111111000000000011111111110000000000000000000011111111111111111111000000000000000000001111111111000000000011111111111111111111111111111100000000001111111111000000000011111111111111111111111111111111111111110000000000000000000000000000001111111111000000000011111111110000000000111111111100000000000000000000	6410	1539360101
160.000000	160.000000	544569515	6568	544569515	0.475000	0000000000000000000000000000000000000000000000000000000000001111111111000000000000000000001111111111111111111111111111111111111111000000000011111111110000000000000000000000000000001111111111111111111111111111110000000000000000000011111111111111111111111111111100000000000000000000111111111111111111111111111111111111111100000000000000000000000000000011111111111111111111000000000000000000001111111111	6569	1539360299
160.000000	160.000000	408479310	6435	408479310	0.375000	0000000000000000000000000000001111111111111111111100000000001111111111000000000000000000000000000000000000000011111111111111111111111111111111111111110000000000111111111111111111111111111111111111111100000000001111111111000000000000000000000000000000000000000000000000001111111111000000000000000000000000000000000000000000000000000000000000111111111111111111110000000000000000000000000000000000000000	6435	1539360373
160.000000	160.000000	518000508	6346	518000508	0.525000	0000000000111111111100000000001111111111111111111100000000000000000000000000000000000000001111111111000000000011111111111111111111000000000000000000001111111111000000000011111111111111111111111111111100000000000000000000111111111111111111111111111111111111111100000000000000000000111111111111111111111111111111000000000000000000000000000000111111111111111111111111111111111111111100000000000000000000	6346	1539360651
160.000000	160.000000	472829718	6257	472829718	0.500000	0000000000111111111100000000001111111111000000000011111111110000000000000000000011111111110000000000000000000000000000001111111111000000000011111111111111111111111111111100000000000000000000000000000000000000001111111111000000000000000000001111111111111111111111111111111111111111000000000011111111111111111111000000000011111111110000000000111111111100000000001111111111000000000011111111111111111111	6257	1539360962
160.000000	160.000000	500598905	6497	500598905	0.475000	0000000000000000000011111111111111111111000000000000000000000000000000000000000011111111110000000000000000000000000000000000000000111111111100000000000000000000111111111111111111111111111111000000000011111111111111111111000000000011111111111111111111000000000011111111111111111111111111111100000000000000000000000000000000000000001111111111111111111111111111111111111111111111111100000000000000000000	6498	1539361054
160.000000	160.000000	480533978	6381	480533978	0.500000	1111111111000000000011111111110000000000111111111100000000000000000000111111111100000000001111111111111111111100000000001111111111000000000011111111110000000000000000000011111111110000000000000000000000000000000000000000111111111111111111111111111111000000000000000000001111111111111111111111111111110000000000000000000011111111111111111111000000000011111111111111111111111111111100000000000000000000	6381	1539361308
160.000000	160.000000	476822390	6396	476822390	0.525000	1111111111111111111111111111110000000000000000000000000000001111111111111111111100000000000000000000111111111100000000001111111111000000000000000000000000000000000000000000000000001111111111000000000000000000001111111111000000000011111111110000000000111111111111111111111111111111000000000011111111110000000000111111111111111111111111111111111111111100000000001111111111111111111100000000001111111111	6396	1539361319
160.000000	160.000000	429292918	6591	429292918	0.450000	1111111111111111111100000000000000000000111111111100000000001111111111000000000000000000000000000000111111111100000000000000000000000000000011111111111111111111000000000011111111110000000000000000000011111111110000000000111111111100000000000000000000000000000000000000000000000000111111111111111111111111111111000000000011111111111111111111111111111100000000000000000000111111111100000000001111111111	6592	1539361333
160.000000	160.000000	503279822	6734	503279822	0.500000	0000000000000000000000000000001111111111000000000011111111110000000000000000000000000000000000000000111111111100000000000000000000111111111111111111111111111111000000000011111111111111111111111111111100000000001111111111111111111100000000001111111111000000000000000000000000000000111111111100000000001111111111111111111111111111111111111111000000000011111111111111111111000000000011111111110000000000	6735	1539361840
160.000000	160.000000	623257520	8523	623257520	0.425000	0000000000000000000011111111110000000000000000000011111111111111111111111111111111111111110000000000000000000000000000001111111111000000000011111111110000000000000000000000000000001111111111111111111100000000000000000000111111111111111111111111111111111111111100000000001111111111000000000011111111110000000000111111111111111111110000000000000000000000000000000000000000000000000000000000000000000000	8523	1539362016
