160.000000	160.000000	1379521172	12700	1379521172	0.525000	0000000000111111111100000000001111111111111111111100000000000000000000111111111111111111111111111111000000000011111111111111111111000000000000000000000000000000000000000011111111110000000000111111111111111111110000000000111111111100000000001111111111111111111111111111110000000000000000000000000000000000000000111111111111111111110000000000111111111111111111111111111111000000000011111111110000000000	12700	1539322451
160.000000	160.000000	1160702824	11648	1160702824	0.525000	1111111111111111111100000000001111111111000000000011111111110000000000000000000000000000000000000000000000000000000000000000000000000000000000000000001111111111000000000011111111111111111111111111111111111111110000000000111111111111111111111111111111111111111111111111111111111111111111111100000000000000000000111111111111111111110000000000000000000000000000001111111111000000000011111111111111111111	11648	1539324183
160.000000	160.000000	1155121528	12472	1155121528	0.600000	1111111111000000000011111111110000000000111111111100000000001111111111111111111100000000000000000000000000000011111111110000000000000000000011111111111111111111111111111111111111111111111111111111111111111111110000000000000000000000000000001111111111111111111111111111111111111111000000000011111111111111111111111111111111111111111111111111111111111100000000000000000000111111111100000000000000000000	12472	1539324629
160.000000	160.000000	1370428787	14825	1370428787	0.600000	1111111111111111111111111111111111111111111111111100000000000000000000000000000000000000001111111111000000000011111111110000000000111111111111111111111111111111111111111111111111111111111111000000000011111111110000000000111111111100000000001111111111000000000011111111110000000000111111111111111111111111111111111111111111111111110000000000000000000011111111110000000000111111111100000000000000000000	14825	1539324697
160.000000	160.000000	418320395	2675	418320395	0.575000	1111111111000000000011111111111111111111111111111111111111111111111111000000000011111111110000000000000000000011111111110000000000111111111111111111111111111111000000000000000000000000000000111111111111111111111111111111111111111100000000000000000000000000000011111111111111111111111111111100000000001111111111000000000000000000000000000000000000000011111111111111111111000000000011111111111111111111	2676	1539325143
160.000000	160.000000	1135067861	12798	1135067861	0.550000	0000000000111111111111111111111111111111000000000000000000000000000000000000000011111111110000000000111111111100000000000000000000000000000000000000000000000000111111111111111111111111111111111111111111111111110000000000000000000011111111111111111111111111111100000000001111111111111111111111111111111111111111000000000011111111110000000000111111111111111111111111111111000000000000000000001111111111	12798	1539326280
160.000000	160.000000	1148851776	12702	1148851776	0.500000	0000000000111111111111111111110000000000000000000011111111110000000000111111111100000000000000000000111111111111111111110000000000000000000000000000000000000000000000000000000000001111111111111111111111111111111111111111000000000011111111111111111111000000000011111111110000000000111111111111111111111111111111111111111100000000000000000000000000000011111111110000000000000000000011111111111111111111	12703	1539327474
160.000000	160.000000	1138147845	12243	1138147845	0.425000	0000000000111111111100000000000000000000000000000000000000001111111111111111111111111111111111111111000000000011111111110000000000000000000011111111111111111111000000000000000000000000000000000000000000000000001111111111000000000011111111111111111111000000000011111111111111111111000000000000000000000000000000000000000011111111110000000000000000000011111111111111111111111111111100000000000000000000	12243	1539327551
160.000000	160.000000	360282691	3021	360282691	0.550000	0000000000000000000011111111110000000000000000000011111111111111111111000000000011111111111111111111111111111100000000001111111111111111111100000000001111111111000000000000000000001111111111111111111100000000000000000000000000000000000000000000000000111111111111111111111111111111000000000000000000001111111111111111111111111111111111111111111111111111111111110000000000111111111100000000001111111111	3021	1539327820
160.000000	160.000000	386275193	3214	386275193	0.500000	1111111111000000000000000000000000000000111111111111111111110000000000111111111100000000000000000000111111111111111111111111111111000000000000000000001111111111000000000000000000000000000000111111111111111111111111111111111111111100000000001111111111111111111100000000000000000000000000000011111111111111111111111111111100000000001111111111000000000000000000001111111111000000000000000000001111111111	3214	1539327945
160.000000	160.000000	1121986776	11478	1121986776	0.550000	1111111111111111111100000000001111111111111111111100000000000000000000000000000000000000001111111111000000000011111111111111111111000000000000000000001111111111111111111100000000000000000000111111111100000000001111111111000000000011111111110000000000000000000000000000001111111111111111111111111111110000000000000000000011111111111111111111000000000011111111111111111111111111111111111111111111111111	11478	1539330844
160.000000	160.000000	1175288144	11776	1175288144	0.300000	1111111111000000000000000000000000000000000000000000000000000000000000111111111100000000000000000000000000000000000000000000000000000000000000000000001111111111000000000000000000000000000000000000000000000000001111111111111111111100000000000000000000000000000011111111111111111111111111111111111111110000000000000000000011111111110000000000111111111100000000000000000000111111111100000000000000000000	11776	1539331161
160.000000	160.000000	1186916241	12334	1186916241	0.425000	0000000000111111111100000000001111111111111111111100000000001111111111000000000011111111110000000000000000000000000000000000000000111111111111111111110000000000111111111100000000001111111111111111111111111111111111111111000000000000000000001111111111111111111100000000000000000000000000000011111111110000000000000000000000000000000000000000000000000000000000001111111111000000000000000000001111111111	12334	1539331226
160.000000	160.000000	912350334	6583	912350334	0.450000	0000000000000000000000000000000000000000000000000000000000000000000000000000000011111111111111111111111111111100000000000000000000111111111111111111110000000000000000000011111111111111111111000000000000000000001111111111111111111111111111111111111111000000000011111111111111111111111111111100000000000000000000111111111100000000000000000000111111111100000000000000000000111111111100000000001111111111	6583	1539331381
160.000000	160.000000	563393997	3119	563393997	0.500000	1111111111111111111111111111110000000000000000000011111111111111111111000000000011111111110000000000111111111100000000001111111111111111111111111111110000000000111111111111111111110000000000000000000011111111111111111111000000000000000000001111111111111111111100000000000000000000000000000000000000000000000000000000000011111111111111111111000000000000000000000000000000111111111111111111110000000000	3119	1539332259
160.000000	160.000000	883770285	7342	883770285	0.525000	0000000000111111111111111111110000000000111111111111111111110000000000000000000000000000001111111111111111111100000000001111111111000000000000000000001111111111000000000011111111111111111111111111111100000000001111111111111111111111111111110000000000000000000011111111111111111111000000000000000000000000000000111111111100000000000000000000000000000000000000001111111111111111111111111111111111111111	7342	1539332760
160.000000	160.000000	1162275955	10988	1162275955	0.525000	0000000000000000000011111111111111111111111111111100000000000000000000000000000000000000000000000000111111111100000000001111111111111111111100000000001111111111000000000000000000000000000000111111111111111111110000000000000000000000000000001111111111000000000011111111111111111111111111111111111111110000000000111111111111111111111111111111000000000011111111111111111111111111111111111111110000000000	10988	1539334100
160.000000	160.000000	668030075	6161	668030075	0.475000	1111111111000000000000000000001111111111111111111111111111111111111111111111111111111111110000000000111111111100000000001111111111000000000000000000001111111111111111111111111111110000000000000000000000000000001111111111000000000011111111111111111111000000000000000000000000000000000000000011111111110000000000000000000000000000001111111111000000000000000000001111111111000000000000000000001111111111	6161	1539335152
160.000000	160.000000	809097035	7922	809097035	0.525000	0000000000111111111100000000001111111111111111111111111111111111111111000000000011111111110000000000000000000000000000001111111111111111111111111111111111111111111111111111111111111111111111111111111100000000000000000000000000000000000000001111111111111111111111111111110000000000000000000000000000000000000000111111111111111111110000000000000000000000000000000000000000111111111111111111110000000000	7922	1539335202
160.000000	160.000000	1171415177	11366	1171415177	0.525000	0000000000111111111100000000001111111111000000000000000000000000000000000000000000000000001111111111000000000011111111111111111111000000000011111111110000000000000000000011111111111111111111111111111111111111111111111111111111111111111111110000000000111111111111111111110000000000111111111100000000001111111111000000000011111111110000000000000000000000000000001111111111000000000011111111111111111111	11366	1539335379
160.000000	160.000000	938485058	8966	938485058	0.525000	0000000000000000000011111111110000000000000000000000000000001111111111000000000000000000000000000000111111111111111111110000000000000000000011111111111111111111111111111100000000001111111111111111111111111111111111111111000000000011111111110000000000111111111111111111111111111111111111111100000000000000000000111111111100000000001111111111111111111100000000000000000000111111111100000000001111111111	8966	1539335834
160.000000	160.000000	655331730	6682	655331730	0.325000	0000000000111111111111111111111111111111000000000011111111110000000000000000000000000000000000000000000000000000000000001111111111111111111100000000000000000000000000000000000000001111111111111111111100000000001111111111000000000011111111110000000000000000000000000000000000000000000000000000000000001111111111000000000011111111110000000000000000000000000000001111111111000000000000000000000000000000	6682	1539336139
160.000000	160.000000	1161125923	10810	1161125923	0.600000	1111111111111111111100000000001111111111000000000011111111111111111111000000000011111111110000000000000000000011111111111111111111000000000011111111110000000000111111111111111111111111111111111111111111111111111111111111111111111100000000001111111111111111111100000000001111111111111111111100000000000000000000000000000000000000000000000000111111111111111111111111111111111111111100000000000000000000	10810	1539337102
160.000000	160.000000	1378527082	13758	1378527082	0.475000	1111111111111111111111111111110000000000000000000011111111110000000000000000000011111111111111111111000000000000000000000000000000111111111100000000001111111111000000000011111111110000000000000000000011111111111111111111111111111100000000000000000000111111111100000000000000000000111111111111111111110000000000000000000000000000001111111111000000000011111111110000000000111111111100000000001111111111	13758	1539337965
160.000000	160.000000	1139073181	11806	1139073181	0.325000	0000000000111111111100000000001111111111000000000011111111110000000000000000000000000000000000000000111111111100000000001111111111111111111100000000000000000000000000000000000000001111111111111111111111111111110000000000000000000000000000000000000000000000000000000000001111111111000000000000000000001111111111000000000000000000001111111111000000000011111111110000000000000000000000000000000000000000	11807	1539339080
160.000000	160.000000	669932458	6067	669932458	0.500000	1111111111000000000000000000001111111111111111111100000000000000000000000000000000000000001111111111111111111100000000000000000000000000000011111111111111111111000000000000000000000000000000111111111111111111111111111111111111111111111111111111111111000000000000000000001111111111000000000011111111110000000000000000000011111111111111111111111111111100000000001111111111000000000011111111110000000000	6067	1539339524
160.000000	160.000000	1344332950	13673	1344332950	0.625000	1111111111111111111111111111110000000000111111111100000000001111111111111111111111111111111111111111000000000000000000000000000000111111111111111111110000000000111111111111111111110000000000000000000011111111111111111111000000000011111111111111111111111111111100000000001111111111111111111111111111111111111111000000000000000000001111111111111111111111111111110000000000000000000000000000001111111111	13673	1539339796
160.000000	160.000000	1165295016	11801	1165295016	0.500000	0000000000111111111111111111110000000000000000000011111111110000000000000000000011111111111111111111111111111111111111111111111111111111111100000000001111111111111111111111111111110000000000000000000000000000001111111111111111111100000000001111111111000000000000000000001111111111111111111100000000001111111111000000000011111111110000000000000000000000000000000000000000000000000011111111110000000000	11801	1539340104
160.000000	160.000000	1136267777	11894	1136267777	0.475000	0000000000111111111111111111111111111111111111111100000000000000000000111111111111111111110000000000111111111100000000000000000000000000000011111111111111111111111111111111111111111111111111111111111111111111110000000000000000000011111111110000000000000000000000000000001111111111111111111100000000000000000000000000000000000000000000000000000000000000000000001111111111000000000011111111110000000000	11894	1539340178
160.000000	160.000000	1186956267	12073	1186956267	0.600000	1111111111000000000000000000001111111111000000000011111111110000000000111111111111111111111111111111111111111111111111110000000000000000000000000000001111111111111111111111111111111111111111111111111111111111110000000000000000000011111111111111111111000000000011111111111111111111111111111100000000000000000000000000000011111111111111111111000000000000000000001111111111111111111100000000001111111111	12073	1539341315
