48.000000	48.000000	141842840	598	141842840	0.562500  	LogFile:	_3lo_dsm_000.txt	111111000000000000111111111111111111111111000000000000000000111111111111000000111111000000111111	598	1559283986
48.000000	48.000000	40113185	252	40113185	0.437500  	LogFile:	_3lo_dsm_001.txt	000000000000000000111111111111000000111111000000000000111111000000111111000000111111000000111111	252	1559283994
48.000000	48.000000	151605014	550	151605014	0.625000  	LogFile:	_3lo_dsm_002.txt	111111111111111111000000111111000000111111111111111111111111000000111111000000000000000000111111	550	1559284040
48.000000	48.000000	159543247	508	159543247	0.187500  	LogFile:	_3lo_dsm_003.txt	000000000000000000000000000000000000000000000000000000111111111111000000000000111111000000000000	508	1559284077
48.000000	48.000000	75260109	374	75260109	0.500000  	LogFile:	_3lo_dsm_004.txt	000000000000111111000000111111111111111111111111000000000000111111000000000000111111111111000000	374	1559284123
48.000000	48.000000	130552533	462	130552533	0.562500  	LogFile:	_3lo_dsm_005.txt	111111111111000000000000111111000000111111111111000000111111000000111111000000111111000000111111	462	1559284134
48.000000	48.000000	153016660	486	153016660	0.625000  	LogFile:	_3lo_dsm_006.txt	000000111111111111111111111111111111000000000000111111111111111111000000000000111111111111000000	486	1559284140
48.000000	48.000000	38929582	254	38929582	0.500000  	LogFile:	_3lo_dsm_007.txt	111111000000111111000000111111111111000000000000000000111111111111111111000000000000111111000000	254	1559284148
48.000000	48.000000	137372946	479	137372946	0.500000  	LogFile:	_3lo_dsm_008.txt	111111111111000000111111111111000000000000000000111111111111000000000000000000000000111111111111	479	1559284153
48.000000	48.000000	55483483	262	55483483	0.562500  	LogFile:	_3lo_dsm_009.txt	111111111111000000000000111111111111111111000000111111000000111111000000111111000000000000111111	262	1559284158
48.000000	48.000000	167713677	524	167713677	0.312500  	LogFile:	_3lo_dsm_010.txt	111111000000111111111111000000000000000000000000000000000000000000111111000000111111000000000000	524	1559284166
48.000000	48.000000	77799209	343	77799209	0.187500  	LogFile:	_3lo_dsm_011.txt	111111000000000000000000000000000000000000000000000000000000000000000000000000000000111111111111	343	1559284171
48.000000	48.000000	71945871	350	71945871	0.625000  	LogFile:	_3lo_dsm_012.txt	111111111111000000111111111111111111000000111111111111111111000000000000000000000000111111111111	350	1559284179
48.000000	48.000000	49192556	270	49192556	0.312500  	LogFile:	_3lo_dsm_013.txt	000000000000111111000000111111000000000000000000000000111111111111000000000000000000111111000000	270	1559284184
48.000000	48.000000	67641900	299	67641900	0.500000  	LogFile:	_3lo_dsm_014.txt	000000000000111111000000000000111111000000111111000000111111111111111111000000000000111111111111	299	1559284189
48.000000	48.000000	136766483	436	136766483	0.750000  	LogFile:	_3lo_dsm_015.txt	111111000000000000111111000000111111111111111111000000111111111111111111111111111111111111111111	436	1559284197
48.000000	48.000000	94455874	364	94455874	0.312500  	LogFile:	_3lo_dsm_016.txt	111111111111000000000000111111000000000000000000000000000000000000111111111111000000000000000000	364	1559284202
48.000000	48.000000	82794754	332	82794754	0.250000  	LogFile:	_3lo_dsm_017.txt	000000111111000000111111000000000000000000000000000000111111000000111111000000000000000000000000	332	1559284210
48.000000	48.000000	108292701	373	108292701	0.437500  	LogFile:	_3lo_dsm_018.txt	111111111111111111000000111111000000000000000000000000000000111111000000000000111111000000111111	373	1559284231
48.000000	48.000000	244400185	528	244400185	0.500000  	LogFile:	_3lo_dsm_019.txt	000000111111111111000000111111111111000000111111111111000000000000000000000000111111111111000000	528	1559284249
48.000000	48.000000	94915136	374	94915136	0.500000  	LogFile:	_3lo_dsm_020.txt	000000000000111111111111111111111111111111000000000000111111000000111111111111000000000000000000	374	1559284291
48.000000	48.000000	97452747	365	97452747	0.562500  	LogFile:	_3lo_dsm_021.txt	000000111111000000000000111111000000000000111111111111111111111111111111111111000000000000111111	365	1559284321
48.000000	48.000000	95713529	296	95713529	0.500000  	LogFile:	_3lo_dsm_022.txt	000000000000111111111111000000111111111111111111000000000000111111000000111111111111000000000000	296	1559284329
48.000000	48.000000	113721808	289	113721808	0.375000  	LogFile:	_3lo_dsm_023.txt	000000111111000000000000000000111111000000111111111111000000111111000000000000111111000000000000	289	1559284381
48.000000	48.000000	123674493	290	123674493	0.562500  	LogFile:	_3lo_dsm_024.txt	111111111111111111000000111111000000111111111111000000000000000000000000000000111111111111111111	290	1559284405
48.000000	48.000000	166741174	337	166741174	0.562500  	LogFile:	_3lo_dsm_025.txt	000000111111111111111111111111000000000000000000000000111111000000111111111111111111111111000000	337	1559284422
48.000000	48.000000	55338146	186	55338146	0.312500  	LogFile:	_3lo_dsm_026.txt	111111111111000000000000111111000000000000000000000000000000111111000000111111000000000000000000	186	1559284455
48.000000	48.000000	100278753	227	100278753	0.687500  	LogFile:	_3lo_dsm_027.txt	111111000000000000111111111111111111111111111111111111000000111111111111111111000000111111000000	227	1559284491
48.000000	48.000000	62830991	168	62830991	0.437500  	LogFile:	_3lo_dsm_028.txt	000000000000111111000000111111111111000000111111000000000000000000111111111111000000111111000000	168	1559284499
48.000000	48.000000	83866588	172	83866588	0.500000  	LogFile:	_3lo_dsm_029.txt	000000111111111111000000111111000000000000000000111111111111111111000000000000000000111111111111	172	1559284516
