90.000000	100.000000	862849	2	26103990573	0.500000	0000000000111111111100000000000000000000000000000011111111110000000000111111111111111111111111111111	54773	1539056200
90.000000	100.000000	1784205	4	30371742316	0.500000	0000000000000000000011111111111111111111111111111111111111110000000000111111111100000000000000000000	74558	1539056205
90.000000	100.000000	1743736	3	460889847	0.500000	1111111111000000000000000000001111111111111111111100000000001111111111000000000011111111110000000000	71328	1539056210
90.000000	100.000000	899999	2	3057362792	0.500000	0000000000000000000011111111110000000000000000000000000000001111111111111111111111111111111111111111	73661	1539056215
90.000000	100.000000	476379	1	23562026138	0.500000	0000000000111111111111111111111111111111000000000011111111110000000000000000000000000000001111111111	59062	1539056220
90.000000	100.000000	3589916	8	43939210270	0.500000	0000000000000000000000000000000000000000111111111100000000001111111111111111111111111111111111111111	110161	1539056225
90.000000	100.000000	854345	2	26732679213	0.500000	0000000000111111111100000000001111111111000000000011111111111111111111000000000011111111110000000000	56621	1539056230
90.000000	100.000000	870663	2	15650367811	0.500000	0000000000000000000011111111110000000000111111111100000000000000000000111111111111111111111111111111	55775	1539056235
90.000000	100.000000	870663	2	3948581438	0.500000	stopped_by_hand	319071	unknown
90.000000	100.000000	917434	2	45767967448	0.500000	1111111111111111111100000000000000000000000000000011111111110000000000111111111100000000001111111111	116485	1539057115
90.000000	100.000000	933343	2	381497307	0.500000	0000000000111111111111111111110000000000000000000000000000000000000000111111111111111111111111111111	56654	1539057120
90.000000	100.000000	1771472	3	43015128788	0.500000	0000000000000000000011111111111111111111000000000000000000001111111111000000000011111111111111111111	113280	1539057126
90.000000	100.000000	226476	0	222745067	0.500000	0000000000000000000000000000001111111111111111111100000000001111111111000000000011111111111111111111	69616	1539057131
90.000000	100.000000	482791	1	254779739	0.500000	1111111111000000000000000000001111111111111111111111111111110000000000111111111100000000000000000000	73457	1539057136
90.000000	100.000000	888588	2	32945459971	0.500000	0000000000000000000000000000001111111111111111111100000000001111111111111111111100000000001111111111	100889	1539057141
90.000000	100.000000	867776	1	6096265630	0.500000	1111111111111111111100000000001111111111111111111100000000000000000000000000000000000000001111111111	64624	1539057146
90.000000	100.000000	515639	1	469252017	0.500000	1111111111000000000011111111110000000000111111111100000000001111111111000000000011111111110000000000	71945	1539057151
90.000000	100.000000	847999	2	25134462711	0.500000	1111111111111111111111111111110000000000000000000000000000001111111111000000000011111111110000000000	67524	1539057156
90.000000	100.000000	871930	2	17596854623	0.500000	0000000000000000000011111111111111111111111111111111111111111111111111000000000000000000000000000000	79747	1539057428
90.000000	100.000000	932837	2	30651843963	0.500000	1111111111000000000000000000000000000000000000000000000000001111111111111111111111111111111111111111	72927	1539057433
90.000000	100.000000	1873257	5	36428615808	0.500000	1111111111111111111100000000000000000000111111111100000000000000000000111111111100000000001111111111	82051	1539057489
90.000000	100.000000	850715	2	7833222948	0.500000	1111111111111111111100000000001111111111111111111100000000000000000000111111111100000000000000000000	103360	1539058404
90.000000	100.000000	453514	1	51487042260	0.500000	0000000000111111111111111111111111111111000000000011111111110000000000000000000011111111110000000000	80018	1539059263
90.000000	100.000000	870663	2	1737798848	0.500000	stopped_by_hand	192821	unknown
90.000000	100.000000	870663	2	2284504882	0.500000	stopped_by_hand	491581	unknown
90.000000	100.000000	870663	2	109893331	0.500000	stopped_by_hand	158351	unknown
90.000000	100.000000	870663	2	789887392	0.500000	stopped_by_hand	460161	unknown
100.000000	100.000000	1366786442	3031	1366786442	0.000000	0000000000000000000000000000000000000000000000000000000000000000000000000000000000000000000000000000	3031	1539115283
90.000000	100.000000	870663	2	244959917	0.500000	stopped_by_hand	370931	unknown
90.000000	100.000000	1815538	4	38949477493	0.500000	0000000000000000000000000000001111111111000000000011111111111111111111111111111100000000001111111111	54061	1539121772
