100.000000	100.000000	46994767	173	46994767	0.000000	0000000000000000000000000000000000000000000000000000000000000000000000000000000000000000000000000000	173	1539125477
100.000000	100.000000	16367308	72	16367308	0.000000	0000000000000000000000000000000000000000000000000000000000000000000000000000000000000000000000000000	72	1539125653
100.000000	100.000000	15410195	80	15410195	0.000000	0000000000000000000000000000000000000000000000000000000000000000000000000000000000000000000000000000	80	1539125727
100.000000	100.000000	77609296	638	77609296	0.000000	0000000000000000000000000000000000000000000000000000000000000000000000000000000000000000000000000000	638	1539125807
100.000000	100.000000	7010476	34	7010476	0.000000	0000000000000000000000000000000000000000000000000000000000000000000000000000000000000000000000000000	34	1539126446
100.000000	100.000000	35145290	146	35145290	1.000000	1111111111111111111111111111111111111111111111111111111111111111111111111111111111111111111111111111	146	1539126481
100.000000	100.000000	11854286	57	11854286	0.000000	0000000000000000000000000000000000000000000000000000000000000000000000000000000000000000000000000000	57	1539126627
100.000000	100.000000	120517943	820	120517943	0.000000	0000000000000000000000000000000000000000000000000000000000000000000000000000000000000000000000000000	820	1539126686
100.000000	100.000000	30046380	136	30046380	1.000000	1111111111111111111111111111111111111111111111111111111111111111111111111111111111111111111111111111	136	1539126748
100.000000	100.000000	8721555	42	8721555	1.000000	1111111111111111111111111111111111111111111111111111111111111111111111111111111111111111111111111111	42	1539126885
100.000000	100.000000	12114890	48	12114890	0.000000	0000000000000000000000000000000000000000000000000000000000000000000000000000000000000000000000000000	48	1539126930
100.000000	100.000000	10905466	48	10905466	0.000000	0000000000000000000000000000000000000000000000000000000000000000000000000000000000000000000000000000	48	1539126980
100.000000	100.000000	17436401	76	17436401	1.000000	1111111111111111111111111111111111111111111111111111111111111111111111111111111111111111111111111111	76	1539127030
100.000000	100.000000	35107457	175	35107457	1.000000	1111111111111111111111111111111111111111111111111111111111111111111111111111111111111111111111111111	175	1539127107
100.000000	100.000000	17652489	76	17652489	0.000000	0000000000000000000000000000000000000000000000000000000000000000000000000000000000000000000000000000	76	1539127283
100.000000	100.000000	14571924	64	14571924	0.000000	0000000000000000000000000000000000000000000000000000000000000000000000000000000000000000000000000000	64	1539127360
100.000000	100.000000	54334923	253	54334923	1.000000	1111111111111111111111111111111111111111111111111111111111111111111111111111111111111111111111111111	253	1539127425
100.000000	100.000000	34675408	130	34675408	1.000000	1111111111111111111111111111111111111111111111111111111111111111111111111111111111111111111111111111	130	1539127508
100.000000	100.000000	47691969	208	47691969	1.000000	1111111111111111111111111111111111111111111111111111111111111111111111111111111111111111111111111111	208	1539127540
100.000000	100.000000	175905845	845	175905845	1.000000	1111111111111111111111111111111111111111111111111111111111111111111111111111111111111111111111111111	845	1539127638
100.000000	100.000000	43672528	173	43672528	0.000000	0000000000000000000000000000000000000000000000000000000000000000000000000000000000000000000000000000	173	1539127680
100.000000	100.000000	66545193	434	66545193	0.000000	0000000000000000000000000000000000000000000000000000000000000000000000000000000000000000000000000000	434	1539127751
100.000000	100.000000	91600768	494	91600768	1.000000	1111111111111111111111111111111111111111111111111111111111111111111111111111111111111111111111111111	494	1539127855
100.000000	100.000000	6422749	31	6422749	1.000000	1111111111111111111111111111111111111111111111111111111111111111111111111111111111111111111111111111	31	1539128187
100.000000	100.000000	4627463	23	4627463	1.000000	1111111111111111111111111111111111111111111111111111111111111111111111111111111111111111111111111111	23	1539128219
100.000000	100.000000	40892299	175	40892299	1.000000	1111111111111111111111111111111111111111111111111111111111111111111111111111111111111111111111111111	175	1539128245
100.000000	100.000000	12593732	58	12593732	0.000000	0000000000000000000000000000000000000000000000000000000000000000000000000000000000000000000000000000	58	1539128349
100.000000	100.000000	29412969	136	29412969	1.000000	1111111111111111111111111111111111111111111111111111111111111111111111111111111111111111111111111111	136	1539128408
100.000000	100.000000	40570161	185	40570161	1.000000	1111111111111111111111111111111111111111111111111111111111111111111111111111111111111111111111111111	185	1539128422
100.000000	100.000000	33104866	135	33104866	1.000000	1111111111111111111111111111111111111111111111111111111111111111111111111111111111111111111111111111	135	1539128484
