100.000000	100.000000	52880	1	52880	1.000000	llinkGens:	4	linkTime:	0.08	linkFFE:	41741	totalInd:	2		1111111111111111111111111111111111111111111111111111111111111111111111111111111111111111111111111111	1	1539012580
100.000000	100.000000	52839	1	52839	1.000000	llinkGens:	4	linkTime:	0.07	linkFFE:	41813	totalInd:	2		1111111111111111111111111111111111111111111111111111111111111111111111111111111111111111111111111111	1	1539012585
100.000000	100.000000	52839	1	52839	1.000000	llinkGens:	4	linkTime:	0.07	linkFFE:	41813	totalInd:	2		1111111111111111111111111111111111111111111111111111111111111111111111111111111111111111111111111111	1	1539012593
100.000000	100.000000	616141	5	616141	0.000000	llinkGens:	10	linkTime:	0.20	linkFFE:	124544	totalInd:	92		0000000000000000000000000000000000000000000000000000000000000000000000000000000000000000000000000000	5	1539012599
100.000000	100.000000	52709	0	52709	1.000000	llinkGens:	4	linkTime:	0.08	linkFFE:	42647	totalInd:	2		1111111111111111111111111111111111111111111111111111111111111111111111111111111111111111111111111111	1	1539012607
100.000000	100.000000	52839	0	52839	1.000000	llinkGens:	4	linkTime:	0.08	linkFFE:	41813	totalInd:	2		1111111111111111111111111111111111111111111111111111111111111111111111111111111111111111111111111111	0	1539012612
100.000000	100.000000	85756	0	85756	0.000000	llinkGens:	5	linkTime:	0.12	linkFFE:	62272	totalInd:	4		0000000000000000000000000000000000000000000000000000000000000000000000000000000000000000000000000000	0	1539012620
100.000000	100.000000	52869	0	52869	1.000000	llinkGens:	4	linkTime:	0.08	linkFFE:	42079	totalInd:	2		1111111111111111111111111111111111111111111111111111111111111111111111111111111111111111111111111111	0	1539012625
100.000000	100.000000	78585829	413	78585829	0.000000	llinkGens:	5	linkTime:	0.10	linkFFE:	62272	totalInd:	1362		0000000000000000000000000000000000000000000000000000000000000000000000000000000000000000000000000000	413	1539012633
100.000000	100.000000	52512	0	52512	0.000000	llinkGens:	4	linkTime:	0.07	linkFFE:	41899	totalInd:	2		0000000000000000000000000000000000000000000000000000000000000000000000000000000000000000000000000000	0	1539012638
100.000000	100.000000	6658383	38	6658383	1.000000	llinkGens:	10	linkTime:	0.21	linkFFE:	124544	totalInd:	413		1111111111111111111111111111111111111111111111111111111111111111111111111111111111111111111111111111	38	1539012646
100.000000	100.000000	5996893	34	5996893	0.000000	llinkGens:	7	linkTime:	0.16	linkFFE:	83257	totalInd:	375		0000000000000000000000000000000000000000000000000000000000000000000000000000000000000000000000000000	34	1539012651
100.000000	100.000000	380808134	4802	380808134	0.000000	llinkGens:	10	linkTime:	0.24	linkFFE:	124544	totalInd:	2891		0000000000000000000000000000000000000000000000000000000000000000000000000000000000000000000000000000	4802	1539012659
100.000000	100.000000	52983	0	52983	0.000000	llinkGens:	4	linkTime:	0.08	linkFFE:	41871	totalInd:	2		0000000000000000000000000000000000000000000000000000000000000000000000000000000000000000000000000000	0	1539012685
100.000000	100.000000	259532721	1956	259532721	1.000000	llinkGens:	13	linkTime:	0.27	linkFFE:	146331	totalInd:	2269		1111111111111111111111111111111111111111111111111111111111111111111111111111111111111111111111111111	1956	1539012693
100.000000	100.000000	52839	0	52839	1.000000	llinkGens:	4	linkTime:	0.09	linkFFE:	41813	totalInd:	2		1111111111111111111111111111111111111111111111111111111111111111111111111111111111111111111111111111	0	1539012698
100.000000	100.000000	52621	0	52621	1.000000	llinkGens:	4	linkTime:	0.09	linkFFE:	42323	totalInd:	2		1111111111111111111111111111111111111111111111111111111111111111111111111111111111111111111111111111	0	1539012706
100.000000	100.000000	2155647	16	2155647	1.000000	llinkGens:	7	linkTime:	0.15	linkFFE:	83277	totalInd:	231		1111111111111111111111111111111111111111111111111111111111111111111111111111111111111111111111111111	16	1539012714
100.000000	100.000000	52993	0	52993	0.000000	llinkGens:	4	linkTime:	0.07	linkFFE:	41641	totalInd:	2		0000000000000000000000000000000000000000000000000000000000000000000000000000000000000000000000000000	0	1539012731
100.000000	100.000000	12773400	61	12773400	0.000000	llinkGens:	7	linkTime:	0.14	linkFFE:	83257	totalInd:	564		0000000000000000000000000000000000000000000000000000000000000000000000000000000000000000000000000000	61	1539012739
100.000000	100.000000	232545	3	232545	1.000000	llinkGens:	7	linkTime:	0.13	linkFFE:	83277	totalInd:	30		1111111111111111111111111111111111111111111111111111111111111111111111111111111111111111111111111111	3	1539012801
100.000000	100.000000	52839	0	52839	1.000000	llinkGens:	4	linkTime:	0.07	linkFFE:	41813	totalInd:	2		1111111111111111111111111111111111111111111111111111111111111111111111111111111111111111111111111111	0	1539012809
100.000000	100.000000	52993	0	52993	0.000000	llinkGens:	4	linkTime:	0.07	linkFFE:	41641	totalInd:	2		0000000000000000000000000000000000000000000000000000000000000000000000000000000000000000000000000000	0	1539012817
100.000000	100.000000	16163180	82	16163180	0.000000	llinkGens:	11	linkTime:	0.18	linkFFE:	105398	totalInd:	664		0000000000000000000000000000000000000000000000000000000000000000000000000000000000000000000000000000	82	1539012825
100.000000	100.000000	52839	0	52839	1.000000	llinkGens:	4	linkTime:	0.07	linkFFE:	41813	totalInd:	2		1111111111111111111111111111111111111111111111111111111111111111111111111111111111111111111111111111	0	1539012909
100.000000	100.000000	852771968	9533	852771968	0.000000	llinkGens:	10	linkTime:	0.18	linkFFE:	105044	totalInd:	4178		0000000000000000000000000000000000000000000000000000000000000000000000000000000000000000000000000000	9533	1539012917
100.000000	100.000000	144596	1	144596	1.000000	llinkGens:	5	linkTime:	0.10	linkFFE:	62272	totalInd:	9		1111111111111111111111111111111111111111111111111111111111111111111111111111111111111111111111111111	1	1539013048
100.000000	100.000000	52839	0	52839	1.000000	llinkGens:	4	linkTime:	0.07	linkFFE:	41813	totalInd:	2		1111111111111111111111111111111111111111111111111111111111111111111111111111111111111111111111111111	0	1539013056
100.000000	100.000000	21224981	94	21224981	0.000000	llinkGens:	7	linkTime:	0.13	linkFFE:	83257	totalInd:	780		0000000000000000000000000000000000000000000000000000000000000000000000000000000000000000000000000000	94	1539013064
100.000000	100.000000	52839	0	52839	1.000000	llinkGens:	4	linkTime:	0.07	linkFFE:	41813	totalInd:	2		1111111111111111111111111111111111111111111111111111111111111111111111111111111111111111111111111111	0	1539013159
