100.000000	100.000000	15724055	17	15724055	0.000000	0000000000000000000000000000000000000000000000000000000000000000000000000000000000000000000000000000	17	1539125113
100.000000	100.000000	10447654	11	10447654	1.000000	1111111111111111111111111111111111111111111111111111111111111111111111111111111111111111111111111111	11	1539125130
100.000000	100.000000	10802053	11	10802053	0.000000	0000000000000000000000000000000000000000000000000000000000000000000000000000000000000000000000000000	11	1539125141
100.000000	100.000000	10799665	11	10799665	1.000000	1111111111111111111111111111111111111111111111111111111111111111111111111111111111111111111111111111	11	1539125155
100.000000	100.000000	10614604	11	10614604	1.000000	1111111111111111111111111111111111111111111111111111111111111111111111111111111111111111111111111111	11	1539125166
100.000000	100.000000	12431759	13	12431759	1.000000	1111111111111111111111111111111111111111111111111111111111111111111111111111111111111111111111111111	13	1539125177
100.000000	100.000000	13657459	14	13657459	1.000000	1111111111111111111111111111111111111111111111111111111111111111111111111111111111111111111111111111	14	1539125191
100.000000	100.000000	12187686	13	12187686	0.000000	0000000000000000000000000000000000000000000000000000000000000000000000000000000000000000000000000000	13	1539125208
100.000000	100.000000	6966282	7	6966282	0.000000	0000000000000000000000000000000000000000000000000000000000000000000000000000000000000000000000000000	7	1539125222
100.000000	100.000000	15516186	17	15516186	1.000000	1111111111111111111111111111111111111111111111111111111111111111111111111111111111111111111111111111	17	1539125230
100.000000	100.000000	10840336	11	10840336	0.000000	0000000000000000000000000000000000000000000000000000000000000000000000000000000000000000000000000000	11	1539125247
100.000000	100.000000	10254551	11	10254551	0.000000	0000000000000000000000000000000000000000000000000000000000000000000000000000000000000000000000000000	11	1539125258
100.000000	100.000000	7236850	8	7236850	0.000000	0000000000000000000000000000000000000000000000000000000000000000000000000000000000000000000000000000	8	1539125269
100.000000	100.000000	7176668	8	7176668	1.000000	1111111111111111111111111111111111111111111111111111111111111111111111111111111111111111111111111111	8	1539125277
100.000000	100.000000	12279697	12	12279697	1.000000	1111111111111111111111111111111111111111111111111111111111111111111111111111111111111111111111111111	12	1539125286
100.000000	100.000000	15732236	16	15732236	1.000000	1111111111111111111111111111111111111111111111111111111111111111111111111111111111111111111111111111	16	1539125300
100.000000	100.000000	10482796	10	10482796	0.000000	0000000000000000000000000000000000000000000000000000000000000000000000000000000000000000000000000000	10	1539125317
100.000000	100.000000	7917270	8	7917270	1.000000	1111111111111111111111111111111111111111111111111111111111111111111111111111111111111111111111111111	8	1539125328
100.000000	100.000000	10539015	10	10539015	0.000000	0000000000000000000000000000000000000000000000000000000000000000000000000000000000000000000000000000	10	1539125339
100.000000	100.000000	15162963	16	15162963	0.000000	0000000000000000000000000000000000000000000000000000000000000000000000000000000000000000000000000000	16	1539125350
100.000000	100.000000	10483710	10	10483710	1.000000	1111111111111111111111111111111111111111111111111111111111111111111111111111111111111111111111111111	10	1539125367
100.000000	100.000000	7095647	7	7095647	0.000000	0000000000000000000000000000000000000000000000000000000000000000000000000000000000000000000000000000	7	1539125378
100.000000	100.000000	13486893	14	13486893	0.000000	0000000000000000000000000000000000000000000000000000000000000000000000000000000000000000000000000000	14	1539125386
100.000000	100.000000	7744775	8	7744775	0.000000	0000000000000000000000000000000000000000000000000000000000000000000000000000000000000000000000000000	8	1539125400
100.000000	100.000000	10426139	10	10426139	1.000000	1111111111111111111111111111111111111111111111111111111111111111111111111111111111111111111111111111	10	1539125408
100.000000	100.000000	6749992	7	6749992	0.000000	0000000000000000000000000000000000000000000000000000000000000000000000000000000000000000000000000000	7	1539125419
100.000000	100.000000	10229057	10	10229057	0.000000	0000000000000000000000000000000000000000000000000000000000000000000000000000000000000000000000000000	10	1539125427
100.000000	100.000000	10478976	10	10478976	1.000000	1111111111111111111111111111111111111111111111111111111111111111111111111111111111111111111111111111	10	1539125438
100.000000	100.000000	9878685	10	9878685	1.000000	1111111111111111111111111111111111111111111111111111111111111111111111111111111111111111111111111111	10	1539125449
100.000000	100.000000	14127448	14	14127448	1.000000	1111111111111111111111111111111111111111111111111111111111111111111111111111111111111111111111111111	14	1539125460
