100.000000	100.000000	9765499	11	9765499	0.000000	0000000000000000000000000000000000000000000000000000000000000000000000000000000000000000000000000000	11	1539124680
100.000000	100.000000	9648737	11	9648737	0.000000	0000000000000000000000000000000000000000000000000000000000000000000000000000000000000000000000000000	11	1539124691
100.000000	100.000000	17732329	20	17732329	1.000000	1111111111111111111111111111111111111111111111111111111111111111111111111111111111111111111111111111	20	1539124702
100.000000	100.000000	17233387	20	17233387	0.000000	0000000000000000000000000000000000000000000000000000000000000000000000000000000000000000000000000000	20	1539124722
100.000000	100.000000	8004061	9	8004061	0.000000	0000000000000000000000000000000000000000000000000000000000000000000000000000000000000000000000000000	9	1539124742
100.000000	100.000000	9688065	11	9688065	0.000000	0000000000000000000000000000000000000000000000000000000000000000000000000000000000000000000000000000	11	1539124753
100.000000	100.000000	13701293	16	13701293	0.000000	0000000000000000000000000000000000000000000000000000000000000000000000000000000000000000000000000000	16	1539124764
100.000000	100.000000	10009770	12	10009770	0.000000	0000000000000000000000000000000000000000000000000000000000000000000000000000000000000000000000000000	12	1539124781
100.000000	100.000000	9446567	11	9446567	0.000000	0000000000000000000000000000000000000000000000000000000000000000000000000000000000000000000000000000	11	1539124795
100.000000	100.000000	12087752	13	12087752	1.000000	1111111111111111111111111111111111111111111111111111111111111111111111111111111111111111111111111111	13	1539124807
100.000000	100.000000	8795023	9	8795023	1.000000	1111111111111111111111111111111111111111111111111111111111111111111111111111111111111111111111111111	9	1539124821
100.000000	100.000000	10743018	11	10743018	0.000000	0000000000000000000000000000000000000000000000000000000000000000000000000000000000000000000000000000	11	1539124832
100.000000	100.000000	17739821	19	17739821	1.000000	1111111111111111111111111111111111111111111111111111111111111111111111111111111111111111111111111111	19	1539124846
100.000000	100.000000	11816851	13	11816851	1.000000	1111111111111111111111111111111111111111111111111111111111111111111111111111111111111111111111111111	13	1539124866
100.000000	100.000000	12041296	13	12041296	1.000000	1111111111111111111111111111111111111111111111111111111111111111111111111111111111111111111111111111	13	1539124880
100.000000	100.000000	10221395	11	10221395	1.000000	1111111111111111111111111111111111111111111111111111111111111111111111111111111111111111111111111111	11	1539124894
100.000000	100.000000	12492006	14	12492006	1.000000	1111111111111111111111111111111111111111111111111111111111111111111111111111111111111111111111111111	14	1539124908
100.000000	100.000000	10022117	11	10022117	1.000000	1111111111111111111111111111111111111111111111111111111111111111111111111111111111111111111111111111	11	1539124922
100.000000	100.000000	9952535	11	9952535	0.000000	0000000000000000000000000000000000000000000000000000000000000000000000000000000000000000000000000000	11	1539124936
100.000000	100.000000	13232543	15	13232543	1.000000	1111111111111111111111111111111111111111111111111111111111111111111111111111111111111111111111111111	15	1539124947
100.000000	100.000000	13159903	14	13159903	1.000000	1111111111111111111111111111111111111111111111111111111111111111111111111111111111111111111111111111	14	1539124964
100.000000	100.000000	13677747	15	13677747	0.000000	0000000000000000000000000000000000000000000000000000000000000000000000000000000000000000000000000000	15	1539124981
100.000000	100.000000	17395868	20	17395868	0.000000	0000000000000000000000000000000000000000000000000000000000000000000000000000000000000000000000000000	20	1539124998
100.000000	100.000000	8038282	9	8038282	0.000000	0000000000000000000000000000000000000000000000000000000000000000000000000000000000000000000000000000	9	1539125018
100.000000	100.000000	13380825	15	13380825	1.000000	1111111111111111111111111111111111111111111111111111111111111111111111111111111111111111111111111111	15	1539125029
100.000000	100.000000	8204628	9	8204628	0.000000	0000000000000000000000000000000000000000000000000000000000000000000000000000000000000000000000000000	9	1539125046
100.000000	100.000000	8148877	9	8148877	0.000000	0000000000000000000000000000000000000000000000000000000000000000000000000000000000000000000000000000	9	1539125057
100.000000	100.000000	13208057	15	13208057	1.000000	1111111111111111111111111111111111111111111111111111111111111111111111111111111111111111111111111111	15	1539125068
100.000000	100.000000	11026239	12	11026239	0.000000	0000000000000000000000000000000000000000000000000000000000000000000000000000000000000000000000000000	12	1539125085
100.000000	100.000000	10175499	11	10175499	0.000000	0000000000000000000000000000000000000000000000000000000000000000000000000000000000000000000000000000	11	1539125099
