228.000000	228.000000	1039288	5	1039288	1.000000	llinkGens:	9	linkTime:	3.46	linkFFE:	994504	totalInd:	6		1111111111111111111111111111111111111111111111111111111111111111111111111111111111111111111111111111111111111111111111111111111111111111111111111111111111111111111111111111111111111111111111111111111111111111111111111111111111111111111111111111111111111111111111111111111111111111111111111111111111111111111111111111111111111111111111111111111	5	1512134128
228.000000	228.000000	1591535	8	1591535	1.000000	llinkGens:	16	linkTime:	5.20	linkFFE:	1514634	totalInd:	10		1111111111111111111111111111111111111111111111111111111111111111111111111111111111111111111111111111111111111111111111111111111111111111111111111111111111111111111111111111111111111111111111111111111111111111111111111111111111111111111111111111111111111111111111111111111111111111111111111111111111111111111111111111111111111111111111111111111	8	1512134136
228.000000	228.000000	1060175	5	1060175	1.000000	llinkGens:	10	linkTime:	3.64	linkFFE:	1015940	totalInd:	6		1111111111111111111111111111111111111111111111111111111111111111111111111111111111111111111111111111111111111111111111111111111111111111111111111111111111111111111111111111111111111111111111111111111111111111111111111111111111111111111111111111111111111111111111111111111111111111111111111111111111111111111111111111111111111111111111111111111	5	1512134144
228.000000	228.000000	2139620	10	2139620	1.000000	llinkGens:	20	linkTime:	7.02	linkFFE:	2029116	totalInd:	15		1111111111111111111111111111111111111111111111111111111111111111111111111111111111111111111111111111111111111111111111111111111111111111111111111111111111111111111111111111111111111111111111111111111111111111111111111111111111111111111111111111111111111111111111111111111111111111111111111111111111111111111111111111111111111111111111111111111	10	1512134152
228.000000	228.000000	2131517	10	2131517	1.000000	llinkGens:	20	linkTime:	6.98	linkFFE:	2019973	totalInd:	15		1111111111111111111111111111111111111111111111111111111111111111111111111111111111111111111111111111111111111111111111111111111111111111111111111111111111111111111111111111111111111111111111111111111111111111111111111111111111111111111111111111111111111111111111111111111111111111111111111111111111111111111111111111111111111111111111111111111	10	1512134163
228.000000	228.000000	1060258	5	1060258	1.000000	llinkGens:	10	linkTime:	3.53	linkFFE:	1015397	totalInd:	6		1111111111111111111111111111111111111111111111111111111111111111111111111111111111111111111111111111111111111111111111111111111111111111111111111111111111111111111111111111111111111111111111111111111111111111111111111111111111111111111111111111111111111111111111111111111111111111111111111111111111111111111111111111111111111111111111111111111	5	1512134174
228.000000	228.000000	1328190	6	1328190	1.000000	llinkGens:	13	linkTime:	4.35	linkFFE:	1267693	totalInd:	8		1111111111111111111111111111111111111111111111111111111111111111111111111111111111111111111111111111111111111111111111111111111111111111111111111111111111111111111111111111111111111111111111111111111111111111111111111111111111111111111111111111111111111111111111111111111111111111111111111111111111111111111111111111111111111111111111111111111	6	1512134182
228.000000	228.000000	1868672	9	1868672	1.000000	llinkGens:	13	linkTime:	4.47	linkFFE:	1278224	totalInd:	13		1111111111111111111111111111111111111111111111111111111111111111111111111111111111111111111111111111111111111111111111111111111111111111111111111111111111111111111111111111111111111111111111111111111111111111111111111111111111111111111111111111111111111111111111111111111111111111111111111111111111111111111111111111111111111111111111111111111	9	1512134190
228.000000	228.000000	1294309	6	1294309	1.000000	llinkGens:	10	linkTime:	4.25	linkFFE:	1236319	totalInd:	8		1111111111111111111111111111111111111111111111111111111111111111111111111111111111111111111111111111111111111111111111111111111111111111111111111111111111111111111111111111111111111111111111111111111111111111111111111111111111111111111111111111111111111111111111111111111111111111111111111111111111111111111111111111111111111111111111111111111	6	1512134195
228.000000	228.000000	1592687	7	1592687	1.000000	llinkGens:	14	linkTime:	5.19	linkFFE:	1506502	totalInd:	13		1111111111111111111111111111111111111111111111111111111111111111111111111111111111111111111111111111111111111111111111111111111111111111111111111111111111111111111111111111111111111111111111111111111111111111111111111111111111111111111111111111111111111111111111111111111111111111111111111111111111111111111111111111111111111111111111111111111	7	1512134204
228.000000	228.000000	1586103	7	1586103	1.000000	llinkGens:	16	linkTime:	5.29	linkFFE:	1507802	totalInd:	10		1111111111111111111111111111111111111111111111111111111111111111111111111111111111111111111111111111111111111111111111111111111111111111111111111111111111111111111111111111111111111111111111111111111111111111111111111111111111111111111111111111111111111111111111111111111111111111111111111111111111111111111111111111111111111111111111111111111	7	1512134212
228.000000	228.000000	1855059	8	1855059	1.000000	llinkGens:	17	linkTime:	6.04	linkFFE:	1761810	totalInd:	13		1111111111111111111111111111111111111111111111111111111111111111111111111111111111111111111111111111111111111111111111111111111111111111111111111111111111111111111111111111111111111111111111111111111111111111111111111111111111111111111111111111111111111111111111111111111111111111111111111111111111111111111111111111111111111111111111111111111	8	1512134220
228.000000	228.000000	1328461	6	1328461	1.000000	llinkGens:	13	linkTime:	4.44	linkFFE:	1267754	totalInd:	8		1111111111111111111111111111111111111111111111111111111111111111111111111111111111111111111111111111111111111111111111111111111111111111111111111111111111111111111111111111111111111111111111111111111111111111111111111111111111111111111111111111111111111111111111111111111111111111111111111111111111111111111111111111111111111111111111111111111	6	1512134228
228.000000	228.000000	1309174	5	1309174	1.000000	llinkGens:	13	linkTime:	4.31	linkFFE:	1249855	totalInd:	8		1111111111111111111111111111111111111111111111111111111111111111111111111111111111111111111111111111111111111111111111111111111111111111111111111111111111111111111111111111111111111111111111111111111111111111111111111111111111111111111111111111111111111111111111111111111111111111111111111111111111111111111111111111111111111111111111111111111	5	1512134236
228.000000	228.000000	1577476	7	1577476	1.000000	llinkGens:	15	linkTime:	5.21	linkFFE:	1502069	totalInd:	10		1111111111111111111111111111111111111111111111111111111111111111111111111111111111111111111111111111111111111111111111111111111111111111111111111111111111111111111111111111111111111111111111111111111111111111111111111111111111111111111111111111111111111111111111111111111111111111111111111111111111111111111111111111111111111111111111111111111	7	1512134244
228.000000	228.000000	1011990	4	1011990	1.000000	llinkGens:	7	linkTime:	3.32	linkFFE:	972371	totalInd:	6		1111111111111111111111111111111111111111111111111111111111111111111111111111111111111111111111111111111111111111111111111111111111111111111111111111111111111111111111111111111111111111111111111111111111111111111111111111111111111111111111111111111111111111111111111111111111111111111111111111111111111111111111111111111111111111111111111111111	4	1512134252
228.000000	228.000000	1054042	4	1054042	1.000000	llinkGens:	10	linkTime:	3.54	linkFFE:	1009773	totalInd:	6		1111111111111111111111111111111111111111111111111111111111111111111111111111111111111111111111111111111111111111111111111111111111111111111111111111111111111111111111111111111111111111111111111111111111111111111111111111111111111111111111111111111111111111111111111111111111111111111111111111111111111111111111111111111111111111111111111111111	4	1512134260
228.000000	228.000000	1049358	4	1049358	1.000000	llinkGens:	10	linkTime:	3.48	linkFFE:	1005505	totalInd:	6		1111111111111111111111111111111111111111111111111111111111111111111111111111111111111111111111111111111111111111111111111111111111111111111111111111111111111111111111111111111111111111111111111111111111111111111111111111111111111111111111111111111111111111111111111111111111111111111111111111111111111111111111111111111111111111111111111111111	4	1512134268
228.000000	228.000000	1318072	6	1318072	1.000000	llinkGens:	13	linkTime:	4.37	linkFFE:	1257829	totalInd:	8		1111111111111111111111111111111111111111111111111111111111111111111111111111111111111111111111111111111111111111111111111111111111111111111111111111111111111111111111111111111111111111111111111111111111111111111111111111111111111111111111111111111111111111111111111111111111111111111111111111111111111111111111111111111111111111111111111111111	6	1512134276
228.000000	228.000000	1039941	4	1039941	1.000000	llinkGens:	10	linkTime:	3.48	linkFFE:	996119	totalInd:	6		1111111111111111111111111111111111111111111111111111111111111111111111111111111111111111111111111111111111111111111111111111111111111111111111111111111111111111111111111111111111111111111111111111111111111111111111111111111111111111111111111111111111111111111111111111111111111111111111111111111111111111111111111111111111111111111111111111111	4	1512134284
228.000000	228.000000	1575332	7	1575332	1.000000	llinkGens:	13	linkTime:	5.14	linkFFE:	1500044	totalInd:	11		1111111111111111111111111111111111111111111111111111111111111111111111111111111111111111111111111111111111111111111111111111111111111111111111111111111111111111111111111111111111111111111111111111111111111111111111111111111111111111111111111111111111111111111111111111111111111111111111111111111111111111111111111111111111111111111111111111111	7	1512134292
228.000000	228.000000	2388849	11	2388849	1.000000	llinkGens:	23	linkTime:	7.86	linkFFE:	2261695	totalInd:	17		1111111111111111111111111111111111111111111111111111111111111111111111111111111111111111111111111111111111111111111111111111111111111111111111111111111111111111111111111111111111111111111111111111111111111111111111111111111111111111111111111111111111111111111111111111111111111111111111111111111111111111111111111111111111111111111111111111111	11	1512134300
228.000000	228.000000	1601460	7	1601460	1.000000	llinkGens:	16	linkTime:	5.30	linkFFE:	1523436	totalInd:	10		1111111111111111111111111111111111111111111111111111111111111111111111111111111111111111111111111111111111111111111111111111111111111111111111111111111111111111111111111111111111111111111111111111111111111111111111111111111111111111111111111111111111111111111111111111111111111111111111111111111111111111111111111111111111111111111111111111111	7	1512134308
228.000000	228.000000	1326781	6	1326781	1.000000	llinkGens:	13	linkTime:	4.46	linkFFE:	1266483	totalInd:	8		1111111111111111111111111111111111111111111111111111111111111111111111111111111111111111111111111111111111111111111111111111111111111111111111111111111111111111111111111111111111111111111111111111111111111111111111111111111111111111111111111111111111111111111111111111111111111111111111111111111111111111111111111111111111111111111111111111111	6	1512134316
228.000000	228.000000	1009286	4	1009286	1.000000	llinkGens:	7	linkTime:	3.37	linkFFE:	969627	totalInd:	6		1111111111111111111111111111111111111111111111111111111111111111111111111111111111111111111111111111111111111111111111111111111111111111111111111111111111111111111111111111111111111111111111111111111111111111111111111111111111111111111111111111111111111111111111111111111111111111111111111111111111111111111111111111111111111111111111111111111	4	1512134324
228.000000	228.000000	1588042	7	1588042	1.000000	llinkGens:	16	linkTime:	5.30	linkFFE:	1511607	totalInd:	10		1111111111111111111111111111111111111111111111111111111111111111111111111111111111111111111111111111111111111111111111111111111111111111111111111111111111111111111111111111111111111111111111111111111111111111111111111111111111111111111111111111111111111111111111111111111111111111111111111111111111111111111111111111111111111111111111111111111	7	1512134332
228.000000	228.000000	1276720	5	1276720	1.000000	llinkGens:	9	linkTime:	4.19	linkFFE:	1221473	totalInd:	8		1111111111111111111111111111111111111111111111111111111111111111111111111111111111111111111111111111111111111111111111111111111111111111111111111111111111111111111111111111111111111111111111111111111111111111111111111111111111111111111111111111111111111111111111111111111111111111111111111111111111111111111111111111111111111111111111111111111	5	1512134340
228.000000	228.000000	1009298	4	1009298	1.000000	llinkGens:	7	linkTime:	3.34	linkFFE:	969213	totalInd:	6		1111111111111111111111111111111111111111111111111111111111111111111111111111111111111111111111111111111111111111111111111111111111111111111111111111111111111111111111111111111111111111111111111111111111111111111111111111111111111111111111111111111111111111111111111111111111111111111111111111111111111111111111111111111111111111111111111111111	4	1512134348
228.000000	228.000000	1567802	7	1567802	1.000000	llinkGens:	16	linkTime:	5.20	linkFFE:	1493927	totalInd:	10		1111111111111111111111111111111111111111111111111111111111111111111111111111111111111111111111111111111111111111111111111111111111111111111111111111111111111111111111111111111111111111111111111111111111111111111111111111111111111111111111111111111111111111111111111111111111111111111111111111111111111111111111111111111111111111111111111111111	7	1512134356
228.000000	228.000000	1054385	5	1054385	1.000000	llinkGens:	10	linkTime:	3.54	linkFFE:	1011094	totalInd:	6		1111111111111111111111111111111111111111111111111111111111111111111111111111111111111111111111111111111111111111111111111111111111111111111111111111111111111111111111111111111111111111111111111111111111111111111111111111111111111111111111111111111111111111111111111111111111111111111111111111111111111111111111111111111111111111111111111111111	5	1512134364
228.000000	228.000000	1303600	6	1303600	1.000000	llinkGens:	13	linkTime:	4.35	linkFFE:	1245439	totalInd:	8		1111111111111111111111111111111111111111111111111111111111111111111111111111111111111111111111111111111111111111111111111111111111111111111111111111111111111111111111111111111111111111111111111111111111111111111111111111111111111111111111111111111111111111111111111111111111111111111111111111111111111111111111111111111111111111111111111111111	6	1512134372
228.000000	228.000000	1585033	7	1585033	1.000000	llinkGens:	15	linkTime:	5.29	linkFFE:	1509261	totalInd:	10		1111111111111111111111111111111111111111111111111111111111111111111111111111111111111111111111111111111111111111111111111111111111111111111111111111111111111111111111111111111111111111111111111111111111111111111111111111111111111111111111111111111111111111111111111111111111111111111111111111111111111111111111111111111111111111111111111111111	7	1512134380
228.000000	228.000000	1865204	9	1865204	1.000000	llinkGens:	17	linkTime:	6.11	linkFFE:	1770333	totalInd:	13		1111111111111111111111111111111111111111111111111111111111111111111111111111111111111111111111111111111111111111111111111111111111111111111111111111111111111111111111111111111111111111111111111111111111111111111111111111111111111111111111111111111111111111111111111111111111111111111111111111111111111111111111111111111111111111111111111111111	9	1512134388
228.000000	228.000000	1042652	5	1042652	1.000000	llinkGens:	10	linkTime:	3.53	linkFFE:	999595	totalInd:	6		1111111111111111111111111111111111111111111111111111111111111111111111111111111111111111111111111111111111111111111111111111111111111111111111111111111111111111111111111111111111111111111111111111111111111111111111111111111111111111111111111111111111111111111111111111111111111111111111111111111111111111111111111111111111111111111111111111111	5	1512134396
228.000000	228.000000	1066933	5	1066933	1.000000	llinkGens:	10	linkTime:	3.54	linkFFE:	1022005	totalInd:	6		1111111111111111111111111111111111111111111111111111111111111111111111111111111111111111111111111111111111111111111111111111111111111111111111111111111111111111111111111111111111111111111111111111111111111111111111111111111111111111111111111111111111111111111111111111111111111111111111111111111111111111111111111111111111111111111111111111111	5	1512134404
228.000000	228.000000	1273572	6	1273572	1.000000	llinkGens:	9	linkTime:	4.20	linkFFE:	1218430	totalInd:	8		1111111111111111111111111111111111111111111111111111111111111111111111111111111111111111111111111111111111111111111111111111111111111111111111111111111111111111111111111111111111111111111111111111111111111111111111111111111111111111111111111111111111111111111111111111111111111111111111111111111111111111111111111111111111111111111111111111111	6	1512134412
228.000000	228.000000	1308082	6	1308082	1.000000	llinkGens:	13	linkTime:	4.34	linkFFE:	1247428	totalInd:	8		1111111111111111111111111111111111111111111111111111111111111111111111111111111111111111111111111111111111111111111111111111111111111111111111111111111111111111111111111111111111111111111111111111111111111111111111111111111111111111111111111111111111111111111111111111111111111111111111111111111111111111111111111111111111111111111111111111111	6	1512134420
228.000000	228.000000	1587674	8	1587674	1.000000	llinkGens:	16	linkTime:	5.31	linkFFE:	1511309	totalInd:	10		1111111111111111111111111111111111111111111111111111111111111111111111111111111111111111111111111111111111111111111111111111111111111111111111111111111111111111111111111111111111111111111111111111111111111111111111111111111111111111111111111111111111111111111111111111111111111111111111111111111111111111111111111111111111111111111111111111111	8	1512134428
228.000000	228.000000	2126296	10	2126296	1.000000	llinkGens:	20	linkTime:	6.95	linkFFE:	2006869	totalInd:	17		1111111111111111111111111111111111111111111111111111111111111111111111111111111111111111111111111111111111111111111111111111111111111111111111111111111111111111111111111111111111111111111111111111111111111111111111111111111111111111111111111111111111111111111111111111111111111111111111111111111111111111111111111111111111111111111111111111111	10	1512134436
228.000000	228.000000	2104063	10	2104063	1.000000	llinkGens:	20	linkTime:	6.92	linkFFE:	1995595	totalInd:	15		1111111111111111111111111111111111111111111111111111111111111111111111111111111111111111111111111111111111111111111111111111111111111111111111111111111111111111111111111111111111111111111111111111111111111111111111111111111111111111111111111111111111111111111111111111111111111111111111111111111111111111111111111111111111111111111111111111111	10	1512134444
228.000000	228.000000	1339367	6	1339367	1.000000	llinkGens:	13	linkTime:	4.49	linkFFE:	1277407	totalInd:	8		1111111111111111111111111111111111111111111111111111111111111111111111111111111111111111111111111111111111111111111111111111111111111111111111111111111111111111111111111111111111111111111111111111111111111111111111111111111111111111111111111111111111111111111111111111111111111111111111111111111111111111111111111111111111111111111111111111111	6	1512134452
228.000000	228.000000	756542	3	756542	1.000000	llinkGens:	5	linkTime:	2.50	linkFFE:	731386	totalInd:	4		1111111111111111111111111111111111111111111111111111111111111111111111111111111111111111111111111111111111111111111111111111111111111111111111111111111111111111111111111111111111111111111111111111111111111111111111111111111111111111111111111111111111111111111111111111111111111111111111111111111111111111111111111111111111111111111111111111111	3	1512134460
228.000000	228.000000	2131200	10	2131200	1.000000	llinkGens:	20	linkTime:	6.97	linkFFE:	2020705	totalInd:	15		1111111111111111111111111111111111111111111111111111111111111111111111111111111111111111111111111111111111111111111111111111111111111111111111111111111111111111111111111111111111111111111111111111111111111111111111111111111111111111111111111111111111111111111111111111111111111111111111111111111111111111111111111111111111111111111111111111111	10	1512134468
228.000000	228.000000	1864915	9	1864915	1.000000	llinkGens:	17	linkTime:	6.09	linkFFE:	1770615	totalInd:	13		1111111111111111111111111111111111111111111111111111111111111111111111111111111111111111111111111111111111111111111111111111111111111111111111111111111111111111111111111111111111111111111111111111111111111111111111111111111111111111111111111111111111111111111111111111111111111111111111111111111111111111111111111111111111111111111111111111111	9	1512134476
228.000000	228.000000	1321124	6	1321124	1.000000	llinkGens:	13	linkTime:	4.37	linkFFE:	1260655	totalInd:	8		1111111111111111111111111111111111111111111111111111111111111111111111111111111111111111111111111111111111111111111111111111111111111111111111111111111111111111111111111111111111111111111111111111111111111111111111111111111111111111111111111111111111111111111111111111111111111111111111111111111111111111111111111111111111111111111111111111111	6	1512134484
228.000000	228.000000	1326224	6	1326224	1.000000	llinkGens:	13	linkTime:	4.43	linkFFE:	1265023	totalInd:	8		1111111111111111111111111111111111111111111111111111111111111111111111111111111111111111111111111111111111111111111111111111111111111111111111111111111111111111111111111111111111111111111111111111111111111111111111111111111111111111111111111111111111111111111111111111111111111111111111111111111111111111111111111111111111111111111111111111111	6	1512134493
228.000000	228.000000	1311839	5	1311839	1.000000	llinkGens:	13	linkTime:	4.37	linkFFE:	1252757	totalInd:	8		1111111111111111111111111111111111111111111111111111111111111111111111111111111111111111111111111111111111111111111111111111111111111111111111111111111111111111111111111111111111111111111111111111111111111111111111111111111111111111111111111111111111111111111111111111111111111111111111111111111111111111111111111111111111111111111111111111111	5	1512134501
228.000000	228.000000	1311568	5	1311568	1.000000	llinkGens:	13	linkTime:	4.31	linkFFE:	1250324	totalInd:	8		1111111111111111111111111111111111111111111111111111111111111111111111111111111111111111111111111111111111111111111111111111111111111111111111111111111111111111111111111111111111111111111111111111111111111111111111111111111111111111111111111111111111111111111111111111111111111111111111111111111111111111111111111111111111111111111111111111111	5	1512134506
228.000000	228.000000	756876	3	756876	1.000000	llinkGens:	5	linkTime:	2.65	linkFFE:	732072	totalInd:	4		1111111111111111111111111111111111111111111111111111111111111111111111111111111111111111111111111111111111111111111111111111111111111111111111111111111111111111111111111111111111111111111111111111111111111111111111111111111111111111111111111111111111111111111111111111111111111111111111111111111111111111111111111111111111111111111111111111111	3	1512134514
228.000000	228.000000	1843620	8	1843620	1.000000	llinkGens:	13	linkTime:	4.39	linkFFE:	1261992	totalInd:	13		1111111111111111111111111111111111111111111111111111111111111111111111111111111111111111111111111111111111111111111111111111111111111111111111111111111111111111111111111111111111111111111111111111111111111111111111111111111111111111111111111111111111111111111111111111111111111111111111111111111111111111111111111111111111111111111111111111111	8	1512134519
