99.000000	99.000000	6220884041	12407	6220884041	0.484848  	LogFile:	_3lo_dsm_000.txt	111111000000111111111111000000000000000000000000111111111111111111111111000000000000000000000000111111000000111111111111000000111111000000000000111111111111111111000000111111111111000000000000000000	12407	1558358688
99.000000	99.000000	17994262060	38004	17994262060	0.606061  	LogFile:	_3lo_dsm_001.txt	111111111111111111111111000000111111111111000000111111111111000000111111000000000000111111000000000000000000111111000000111111111111000000111111111111111111111111111111000000111111000000111111000000	38004	1558359368
99.000000	99.000000	10404487086	21427	10404487086	0.484848  	LogFile:	_3lo_dsm_002.txt	000000111111000000000000000000000000111111000000000000111111000000111111000000000000111111111111111111000000000000111111111111000000000000111111111111111111111111111111000000000000111111000000111111	21427	1558361548
99.000000	99.000000	2313829563	4469	2313829563	0.545455  	LogFile:	_3lo_dsm_003.txt	000000000000111111111111000000000000000000111111111111111111111111111111111111000000111111111111111111111111000000000000111111000000000000111111000000000000111111111111000000111111000000111111000000	4469	1558361787
99.000000	99.000000	20321316834	38559	20321316834	0.393939  	LogFile:	_3lo_dsm_004.txt	000000111111000000111111000000000000000000000000000000111111111111000000000000111111111111000000000000000000111111111111000000111111111111000000111111000000000000000000000000000000111111111111000000	38559	1558364159
99.000000	99.000000	8768278219	17220	8768278219	0.666667  	LogFile:	_3lo_dsm_005.txt	000000111111111111111111111111000000111111000000111111111111000000111111111111111111111111111111111111111111000000000000000000000000111111111111000000000000111111111111111111111111111111000000111111	17220	1558366258
99.000000	99.000000	4315777287	9019	4315777287	0.575758  	LogFile:	_3lo_dsm_006.txt	000000111111111111111111111111111111000000111111111111111111000000111111000000000000000000000000111111000000111111111111000000111111000000111111111111111111111111000000111111000000000000000000111111	9019	1558367556
98.000000	99.000000	6618154057	14840	21030312090	0.439394  	LogFile:	_3lo_dsm_007.txt	111111000000000000000000000000111111111111000000000000111111000000111111000000000000111111111111000000110100000000000000111111111111000000111111000000000000111111000000111111111111000000111111000000	52220	1558370585
99.000000	99.000000	12586407550	24994	12586407550	0.454545  	LogFile:	_3lo_dsm_008.txt	111111000000111111111111111111111111000000000000111111000000000000111111000000111111000000000000111111111111000000111111000000111111000000000000111111000000000000000000111111111111000000000000000000	24994	1558371098
99.000000	99.000000	8134126459	16418	8134126459	0.424242  	LogFile:	_3lo_dsm_009.txt	111111111111000000111111000000111111111111000000000000000000000000000000000000000000000000111111111111000000000000111111111111111111111111000000000000000000111111111111000000111111000000000000000000	16418	1558373125
99.000000	99.000000	15595895724	32290	15595895724	0.424242  	LogFile:	_3lo_dsm_010.txt	000000111111000000111111111111000000111111111111111111000000000000000000111111111111111111111111111111000000111111000000000000000000000000111111000000000000000000000000000000111111000000000000000000	32290	1558376319
99.000000	99.000000	5627294869	12354	5627294869	0.393939  	LogFile:	_3lo_dsm_011.txt	000000000000000000111111111111000000111111000000111111000000111111000000000000000000111111000000111111000000111111111111000000111111000000000000000000000000111111111111000000000000000000111111000000	12354	1558376576
99.000000	99.000000	1960666570	5288	1960666570	0.515152  	LogFile:	_3lo_dsm_012.txt	000000111111000000111111000000111111000000000000000000111111111111111111000000000000000000111111111111000000111111000000111111000000111111000000111111111111000000111111111111111111000000000000111111	5288	1558377178
99.000000	99.000000	6501243245	12803	6501243245	0.393939  	LogFile:	_3lo_dsm_013.txt	000000000000000000000000000000111111111111111111111111111111000000000000000000000000111111111111000000111111000000000000000000000000000000000000000000111111000000000000111111111111000000111111111111	12803	1558377294
99.000000	99.000000	4128925984	8473	4128925984	0.515152  	LogFile:	_3lo_dsm_014.txt	111111111111111111000000111111000000000000000000000000111111111111000000111111000000000000000000111111111111000000000000111111000000000000000000111111111111000000111111111111111111111111111111000000	8473	1558377632
99.000000	99.000000	7084176245	14417	7084176245	0.606061  	LogFile:	_3lo_dsm_015.txt	111111111111111111111111000000000000111111111111111111111111111111000000111111111111000000111111111111111111000000111111111111000000111111111111000000000000111111000000000000111111000000000000000000	14417	1558377796
99.000000	99.000000	2967034467	5792	2967034467	0.515152  	LogFile:	_3lo_dsm_016.txt	111111111111000000000000111111000000111111111111111111000000111111111111000000000000111111111111000000111111000000111111111111000000000000000000000000111111000000111111000000000000111111111111000000	5792	1558378635
99.000000	99.000000	3924622325	7727	3924622325	0.515152  	LogFile:	_3lo_dsm_017.txt	111111000000111111111111000000111111111111111111111111000000111111111111000000000000111111111111000000000000111111111111000000111111000000111111000000111111000000000000000000000000111111000000000000	7727	1558380243
99.000000	99.000000	2334623403	4595	2334623403	0.636364  	LogFile:	_3lo_dsm_018.txt	111111111111111111111111000000000000000000111111000000111111111111000000000000111111000000111111111111111111111111111111000000000000111111000000000000111111111111111111111111111111000000111111111111	4595	1558382036
99.000000	99.000000	7478832988	14660	7478832988	0.484848  	LogFile:	_3lo_dsm_019.txt	111111000000111111000000111111111111000000111111111111000000000000111111000000111111000000111111000000111111111111000000111111000000111111111111111111000000111111000000000000000000000000000000000000	14660	1558382467
99.000000	99.000000	7906536029	15934	7906536029	0.454545  	LogFile:	_3lo_dsm_020.txt	000000111111000000111111111111000000111111000000111111000000111111000000111111000000111111000000000000000000111111000000111111111111000000111111000000000000000000111111000000111111000000111111000000	15934	1558382976
99.000000	99.000000	12363587209	24512	12363587209	0.424242  	LogFile:	_3lo_dsm_021.txt	111111000000000000000000000000000000111111000000111111000000000000000000111111000000111111000000111111111111000000111111111111111111111111000000000000111111000000000000000000000000111111111111000000	24512	1558383479
99.000000	99.000000	12824915666	27924	12824915666	0.454545  	LogFile:	_3lo_dsm_022.txt	111111111111000000000000111111111111111111000000111111000000000000000000111111000000000000111111000000000000111111000000000000111111000000000000000000000000000000111111111111111111111111111111000000	27924	1558384429
99.000000	99.000000	3432812220	5863	3432812220	0.606061  	LogFile:	_3lo_dsm_023.txt	111111111111111111111111000000000000000000111111000000111111000000111111000000111111111111000000111111111111000000111111000000111111000000111111000000111111111111111111111111111111000000000000111111	5863	1558386105
99.000000	99.000000	10186296172	17116	10186296172	0.454545  	LogFile:	_3lo_dsm_024.txt	111111111111111111000000000000000000000000111111000000000000111111000000000000000000111111000000000000000000111111000000000000000000111111000000111111111111111111111111000000000000111111111111111111	17116	1558386633
99.000000	99.000000	10176088211	20905	10176088211	0.393939  	LogFile:	_3lo_dsm_025.txt	111111000000111111000000111111000000000000111111000000111111111111000000000000000000000000000000000000000000111111000000111111111111000000000000000000000000111111111111000000111111000000111111000000	20905	1558387277
99.000000	99.000000	10626684711	19988	10626684711	0.393939  	LogFile:	_3lo_dsm_026.txt	000000000000111111000000000000000000111111000000111111111111000000000000000000111111000000111111000000000000000000111111111111000000000000000000111111111111111111000000000000000000111111000000111111	19988	1558387972
99.000000	99.000000	9858318829	19140	9858318829	0.454545  	LogFile:	_3lo_dsm_027.txt	111111111111111111000000111111000000111111111111000000111111000000000000111111000000111111000000000000111111111111000000000000000000000000111111111111000000000000000000111111000000000000111111000000	19140	1558388931
99.000000	99.000000	11599549170	24693	11599549170	0.454545  	LogFile:	_3lo_dsm_028.txt	000000111111000000111111000000000000000000000000000000000000111111111111111111111111000000111111111111111111000000111111111111000000000000000000111111111111000000111111000000000000111111000000000000	24693	1558389545
99.000000	99.000000	4064429891	7989	4064429891	0.424242  	LogFile:	_3lo_dsm_029.txt	111111111111000000000000000000111111111111111111000000111111000000000000000000000000000000000000000000111111111111000000000000111111000000000000000000000000000000111111111111000000111111111111111111	7989	1558390099
