99.000000	99.000000	258887	1	258887	0.515152	llinkGens:	5	linkTime:	0.33	linkFFE:	246670	totalInd:	4		000000111111000000111111111111000000111111111111111111000000111111111111000000111111000000000000000000000000000000000000000000111111111111111111111111000000000000111111111111111111000000111111000000	1	1559221465
99.000000	99.000000	260279	0	260279	0.424242	llinkGens:	5	linkTime:	0.37	linkFFE:	248002	totalInd:	4		111111000000111111000000000000000000111111111111000000000000000000111111000000111111000000000000111111000000000000111111000000000000111111111111111111000000000000000000000000111111111111111111000000	0	1559221471
99.000000	99.000000	258333	0	258333	0.545455	llinkGens:	5	linkTime:	0.32	linkFFE:	246258	totalInd:	4		111111111111111111111111111111000000111111000000000000000000000000111111111111111111000000111111111111111111111111000000111111111111111111000000000000000000111111000000000000000000111111000000000000	0	1559221476
99.000000	99.000000	258908	0	258908	0.636364	llinkGens:	5	linkTime:	0.34	linkFFE:	246670	totalInd:	4		111111111111111111111111111111000000000000000000111111111111111111000000111111000000000000000000111111000000000000111111111111111111000000111111111111111111111111111111000000111111111111111111000000	0	1559221481
99.000000	99.000000	259090	0	259090	0.575758	llinkGens:	5	linkTime:	0.33	linkFFE:	246670	totalInd:	4		000000000000000000111111111111111111000000111111111111111111111111111111000000111111111111111111111111000000000000000000111111000000111111000000000000000000111111000000000000111111111111111111111111	0	1559221486
99.000000	99.000000	258455	0	258455	0.424242	llinkGens:	5	linkTime:	0.32	linkFFE:	246258	totalInd:	4		111111000000000000000000111111000000000000000000000000111111000000111111000000000000111111000000000000111111111111000000111111000000000000111111000000111111111111000000111111000000000000111111111111	0	1559221491
99.000000	99.000000	258845	0	258845	0.484848	llinkGens:	5	linkTime:	0.32	linkFFE:	246670	totalInd:	4		000000111111000000000000111111111111000000000000000000000000000000111111111111111111000000000000111111000000111111111111000000111111000000000000111111111111111111000000111111000000111111111111000000	0	1559221496
99.000000	99.000000	259634	0	259634	0.515152	llinkGens:	5	linkTime:	0.34	linkFFE:	247510	totalInd:	4		111111000000000000000000111111111111111111000000111111111111111111000000000000000000111111000000000000111111000000111111000000000000111111111111111111111111000000111111000000000000111111000000111111	0	1559221504
99.000000	99.000000	258958	0	258958	0.454545	llinkGens:	5	linkTime:	0.33	linkFFE:	246670	totalInd:	4		000000000000111111111111000000000000000000111111000000000000000000000000111111111111111111111111000000111111111111000000000000111111000000000000000000111111111111000000111111000000000000111111111111	0	1559221509
99.000000	99.000000	259057	0	259057	0.454545	llinkGens:	5	linkTime:	0.32	linkFFE:	246670	totalInd:	4		000000111111000000000000000000000000000000111111000000111111000000111111111111000000000000000000111111000000111111111111111111111111111111000000000000111111000000111111111111000000000000111111000000	0	1559221514
99.000000	99.000000	258347	0	258347	0.393939	llinkGens:	5	linkTime:	0.35	linkFFE:	246258	totalInd:	4		000000000000000000111111000000111111000000111111000000111111111111000000000000000000111111000000000000000000000000000000111111000000111111111111000000111111000000111111111111000000000000000000111111	0	1559221519
99.000000	99.000000	259465	0	259465	0.757576	llinkGens:	5	linkTime:	0.32	linkFFE:	247098	totalInd:	4		000000111111000000000000111111111111000000111111111111111111111111111111111111111111111111111111111111111111111111111111000000111111111111111111111111111111111111000000000000111111111111111111000000	0	1559221527
99.000000	99.000000	258623	0	258623	0.484848	llinkGens:	5	linkTime:	0.31	linkFFE:	246258	totalInd:	4		000000000000000000000000000000000000111111111111111111111111000000000000000000000000111111111111000000111111000000000000000000000000000000111111111111111111111111111111111111000000111111111111111111	0	1559221532
99.000000	99.000000	258604	0	258604	0.606061	llinkGens:	5	linkTime:	0.32	linkFFE:	246258	totalInd:	4		111111111111111111000000000000111111111111111111111111111111000000000000111111111111000000111111111111000000111111111111000000000000111111111111111111000000000000111111111111000000000000111111000000	0	1559221537
99.000000	99.000000	258815	0	258815	0.454545	llinkGens:	5	linkTime:	0.32	linkFFE:	246670	totalInd:	4		111111000000111111000000000000000000000000000000000000111111000000000000111111000000111111000000111111111111111111000000111111111111000000111111111111000000000000000000111111000000111111111111000000	0	1559221542
99.000000	99.000000	259204	0	259204	0.484848	llinkGens:	5	linkTime:	0.32	linkFFE:	246670	totalInd:	4		000000111111000000111111000000111111111111111111111111000000000000111111111111111111111111111111000000111111000000000000000000111111000000000000000000000000111111000000111111000000111111000000000000	0	1559221550
99.000000	99.000000	258196	0	258196	0.636364	llinkGens:	5	linkTime:	0.32	linkFFE:	246258	totalInd:	4		111111111111111111111111111111000000111111000000000000000000111111000000000000111111111111111111111111111111111111000000000000111111000000111111000000000000111111111111111111111111111111111111000000	0	1559221555
99.000000	99.000000	258647	0	258647	0.515152	llinkGens:	5	linkTime:	0.32	linkFFE:	246258	totalInd:	4		111111111111111111111111111111000000000000111111000000000000111111111111111111111111111111000000000000000000000000111111000000000000000000000000111111000000000000111111111111111111000000000000111111	0	1559221560
99.000000	99.000000	258953	0	258953	0.424242	llinkGens:	5	linkTime:	0.32	linkFFE:	246670	totalInd:	4		000000111111111111000000111111000000000000111111000000111111000000000000000000000000000000000000000000111111111111111111111111111111111111000000111111000000000000000000000000111111000000111111000000	0	1559221565
99.000000	99.000000	258636	0	258636	0.363636	llinkGens:	5	linkTime:	0.34	linkFFE:	246258	totalInd:	4		111111111111000000000000000000000000000000000000000000000000000000111111000000111111000000000000111111000000111111111111111111000000000000000000000000111111000000000000000000111111111111111111000000	0	1559221573
99.000000	99.000000	259190	0	259190	0.454545	llinkGens:	5	linkTime:	0.32	linkFFE:	246670	totalInd:	4		111111000000111111111111111111111111000000000000000000111111000000111111000000111111000000000000000000111111111111000000000000000000111111000000000000000000000000111111111111111111111111000000000000	0	1559221578
99.000000	99.000000	258353	0	258353	0.484848	llinkGens:	5	linkTime:	0.33	linkFFE:	246258	totalInd:	4		000000111111000000000000000000000000111111111111000000000000111111111111000000000000000000111111111111111111000000000000000000111111000000000000111111111111111111111111111111000000000000111111111111	0	1559221583
99.000000	99.000000	258159	0	258159	0.424242	llinkGens:	5	linkTime:	0.34	linkFFE:	246258	totalInd:	4		000000000000000000111111000000000000000000111111000000111111111111111111000000000000000000000000000000111111000000111111111111111111111111000000000000111111000000111111000000000000111111000000111111	0	1559221588
99.000000	99.000000	258609	0	258609	0.454545	llinkGens:	5	linkTime:	0.32	linkFFE:	246258	totalInd:	4		000000000000111111000000000000000000000000000000000000111111000000111111000000111111000000000000111111000000111111000000111111111111111111000000111111111111111111111111000000111111000000111111000000	0	1559221596
99.000000	99.000000	258465	0	258465	0.545455	llinkGens:	5	linkTime:	0.32	linkFFE:	246258	totalInd:	4		111111000000000000111111000000000000111111111111111111111111000000000000111111000000111111000000000000111111111111111111000000111111111111000000111111000000000000111111111111000000111111111111000000	0	1559221601
99.000000	99.000000	258333	0	258333	0.515152	llinkGens:	5	linkTime:	0.32	linkFFE:	246258	totalInd:	4		000000111111111111000000000000000000000000111111000000111111000000111111111111000000111111000000000000111111111111111111000000111111000000111111000000111111000000111111111111000000000000111111111111	0	1559221606
99.000000	99.000000	258945	0	258945	0.606061	llinkGens:	5	linkTime:	0.32	linkFFE:	246670	totalInd:	4		000000000000000000000000111111111111111111111111111111111111111111111111000000000000111111111111000000111111111111000000111111111111000000000000000000111111111111111111111111000000000000111111111111	0	1559221611
99.000000	99.000000	258340	0	258340	0.424242	llinkGens:	5	linkTime:	0.32	linkFFE:	246258	totalInd:	4		000000111111000000111111000000111111000000111111000000000000000000111111111111111111000000111111111111111111111111111111111111000000000000000000000000000000000000000000000000000000000000111111000000	0	1559221619
99.000000	99.000000	258925	0	258925	0.424242	llinkGens:	5	linkTime:	0.32	linkFFE:	246670	totalInd:	4		111111111111000000000000000000000000000000111111000000000000000000000000111111000000000000000000000000111111000000111111000000111111000000111111111111000000000000000000111111111111111111111111111111	0	1559221624
99.000000	99.000000	258725	0	258725	0.393939	llinkGens:	5	linkTime:	0.32	linkFFE:	246670	totalInd:	4		000000000000000000000000000000000000111111111111000000000000000000111111111111111111111111111111111111000000111111000000000000000000000000000000000000000000000000111111000000111111000000111111111111	0	1559221629
