1.000000	1.000000	5153891	79	5153891	0.555000	11011111100000111101101011111010111111000101011011111001111100010101110001000111001011001001101111101011010011001001011010100011001000001000111101000101110001001111001101110001111101010110100111010100	79	1569851220
1.000000	1.000000	2510069	39	2510069	0.535000	11110110000110011111101010111011100001111001010010111101100011101010010010011011100101100000001100101111011000001001101101010110101101011000111010001011011110101111010111110001001110010101011001001000	39	1569851228
1.000000	1.000000	1870859	29	1870859	0.490000	10010011010001000010101111000010011101001010000111111100011001010110110001110111000011111110000010001011000001111111001100110000100101101010001010001100010011101010001110100100111001110101110010101011	29	1569851269
1.000000	1.000000	10792478	166	10792478	0.490000	10110101000010111110000100000110000110110001000000101011111001101111100101000010100001101100100001000100111001100101010101100001101100011111111010110110000010111011110111011001011000001011110011110100	166	1569851301
1.000000	1.000000	2575525	40	2575525	0.470000	00000010010111110110100111010010000010100100001111011111011010110000000100101011010101011110011100111010011000011001000001110001111001000000001000100011010001110111001000111101101010000111110111001100	40	1569851309
1.000000	1.000000	1431164	23	1431164	0.500000	01100100000010100001100011110100100011011010110010101110111110100111011001100101111111000010001001110011100110000111101001010111101011101101101100100110011111100000101000111010110101001000010001100000	23	1569851350
1.000000	1.000000	2832411	43	2832411	0.555000	01100100100110001000110000110100011011111100001111111000010111100001110110101110011011111011100011000010111111011110001010111101011011011010111110100010110111101101010111111010101000000100111010010010	44	1569851373
1.000000	1.000000	2578490	39	2578490	0.510000	10101100010011110000010000010100100101101000000111110011101011111011011011101100010110000010000001110111010000101010101011011001110110010110000010100101110101111100000011011111101010110000111110111110	40	1569851417
1.000000	1.000000	1813155	28	1813155	0.535000	00001110110010100101010000111101011011011111101101101110110000011101010001100101001010011100011111001000001110101111100111001011010011000110111101100111010011010100101000001001010000111100111011111101	28	1569851459
1.000000	1.000000	1103205	17	1103205	0.565000	10101101011001011011011101101010011111111111100001000100001001011011010101010110111001010110001110001001011001111011011011000010100110010110111110010010100111101100001110111111011111001010110011101001	17	1569851470
1.000000	1.000000	4911413	75	4911413	0.495000	11110101001010001101010001000000110111010110101010000011011001100100110011010100100001101001111010110000101101001010111000100001000111111000110110011110110100100101100000011101011110110110101111010100	75	1569851490
1.000000	1.000000	2782065	43	2782065	0.480000	00011001000111101001011011111110100110101111000100111010000011100010010000110111110001010101111010011101001111101000011101000100000111010010000001000000011011100010000110101000110011101011001101101010	43	1569851498
1.000000	1.000000	1314610	20	1314610	0.460000	10001011111110001011101111100000100110110010000111100000110110100011001000100011011010101001001101101011001110011110011000010010000101111100010001101001100001100010110100000010011011000100010001000111	20	1569851542
1.000000	1.000000	2300365	35	2300365	0.450000	01001001001110011110011110000100010101010010110001100110111010011000001101100100101000001000001100101111000101100000011101010011010010110110001111110010010100000000110010101001000111110100011101001100	35	1569851565
1.000000	1.000000	1918399	29	1918399	0.485000	01011111000110111001101001011101010011001001000000000000000001101101101101100010001111010001001100001011101000110011000001111111110101110000110000011011110011010010100011110100101001110100001111010111	29	1569851573
1.000000	1.000000	1472450	23	1472450	0.505000	01011101101011001011100000100100110011101010110011001101010100011010110010010011100110101111111000110110111101010000101011010010001011001001100101101001010001101110001101010101011100010000011001111100	23	1569851602
1.000000	1.000000	1288626	20	1288626	0.470000	10001011001001011000110000101100001101011011001110100000010110010010010101011110010111100000010111101000100111110001001011011001000111110010001100110110100010110001110001110110110010000001101010000111	20	1569851610
1.000000	1.000000	2826750	43	2826750	0.535000	10100110010101101100111001100000111111101000101110010011101001111110001101110110101101110101101010101010111000110010000001100011101111001101100010000010100011010110010100110100101110111010100011111101	43	1569851627
1.000000	1.000000	2811054	43	2811054	0.510000	01011000010001000011010000101111010111010111101101100000100001101111101011000011001011110010101100010110000100100011010011110001111001001111000110001001011001100011110111111101111011000110011010011100	43	1569851635
1.000000	1.000000	3039606	47	3039606	0.495000	01101100010110110101000000011011111101000110101001100001101100001000011101001101000000111101000101100000101110011011111110100011001100110100000101011000101001010101101110110011001001101011011111010011	47	1569851673
1.000000	1.000000	1357155	21	1357155	0.505000	11110011010101101001111000001001010011110101000111100000101010001010111010010011110010011110100101010110001100101100101111111100001010010100110110011001111000111010001001011011001001011000000110010111	21	1569851681
1.000000	1.000000	2475196	38	2475196	0.455000	01110001010010011100000110011101111100001001100110110101001011110111001010101100000011110000000100001001001000100111101110011001101010000110010100101100000001000111100001011000111101100001100101101100	38	1569851704
1.000000	1.000000	1465158	23	1465158	0.445000	11010000011110001010001000111101000010001001110001111011101101001100010000111100001010010101111001000001101000011000110100011001011100001000110010110010111010010001001000001111110110001101000110110000	23	1569851721
1.000000	1.000000	1548510	24	1548510	0.430000	10010010101110000000101100010100000001011010010101010000001100010111010101011111000110100000010100011000011001001000010010111111100000001100100110101010000010010101100101000001111011011011100111101100	24	1569851744
1.000000	1.000000	4876666	75	4876666	0.485000	11000010000101111100001110110000100011000110011000011111010101011100110111111111111111110000000010110000010001001001101011000010110100101111101110000001111000010101011010011000010100111010010100010010	75	1569851752
1.000000	1.000000	1874770	29	1874770	0.460000	11100000000111010011100010101111000001001100010111011010101111111010100101010010111100001100000000010011001101101111001110110000010101000000011011110111001010001111100100100000001110010010110000100001	29	1569851769
1.000000	1.000000	5333704	82	5333704	0.490000	01011110011101100110100011100111100001011111000101110101010100101001000101011100111110101101000000100010011001000100101110000001011100010101110001000001011010111010011000111100000000011101110110111101	82	1569851801
1.000000	1.000000	2429116	38	2429116	0.520000	11111100010101110101010011101010011110101100011111000101000011011100011011001011111001011011010111011111011110000100100101000001000010010010100010101000110111000111011000111100110100100100101000111101	38	1569851827
1.000000	1.000000	1465634	23	1465634	0.490000	10000000000011101101010000111001010011010111111010011100110000000011110110101010110011110100111110001010110001000110101101011101010110010011101000001000110011000010010000111011111011011101001011100001	23	1569851865
1.000000	1.000000	1339888	21	1339888	0.535000	00000010111001111011011001110001011011101011110111111110111010011111101000111100000011101111011011011001000101101000001110000010101001110100101001111111110110010011101000100000100010111011000100001101	21	1569851885
