27.000000	27.000000	118331302	839	118331302	0.166667  	LogFile:	_3lo_dsm_000.txt	000000000000000000000000000000000000000000000000001111111111	839	1558938263
27.000000	27.000000	53915143	109	53915143	0.500000  	LogFile:	_3lo_dsm_001.txt	000000000000000000001111111111111111111111111111110000000000	109	1558938268
27.000000	27.000000	98020911	235	98020911	0.500000  	LogFile:	_3lo_dsm_002.txt	111111111100000000000000000000000000000011111111111111111111	235	1558938273
27.000000	27.000000	349911754	828	349911754	0.333333  	LogFile:	_3lo_dsm_003.txt	000000000011111111110000000000000000000000000000001111111111	828	1558938278
27.000000	27.000000	82898681	236	82898681	0.666667  	LogFile:	_3lo_dsm_004.txt	111111111100000000001111111111111111111111111111110000000000	236	1558938283
27.000000	27.000000	33988744	117	33988744	0.500000  	LogFile:	_3lo_dsm_005.txt	111111111100000000001111111111111111111100000000000000000000	117	1558938288
27.000000	27.000000	71005932	243	71005932	0.833333  	LogFile:	_3lo_dsm_006.txt	111111111111111111111111111111111111111111111111110000000000	243	1558938293
27.000000	27.000000	65478583	246	65478583	0.666667  	LogFile:	_3lo_dsm_007.txt	111111111111111111111111111111000000000000000000001111111111	246	1558938298
27.000000	27.000000	167467133	511	167467133	0.833333  	LogFile:	_3lo_dsm_008.txt	111111111100000000001111111111111111111111111111111111111111	511	1558938303
27.000000	27.000000	132556761	364	132556761	0.833333  	LogFile:	_3lo_dsm_009.txt	111111111111111111111111111111000000000011111111111111111111	364	1558938308
27.000000	27.000000	148715105	530	148715105	0.666667  	LogFile:	_3lo_dsm_010.txt	111111111111111111111111111111000000000011111111110000000000	530	1558938313
27.000000	27.000000	423395952	960	423395952	0.666667  	LogFile:	_3lo_dsm_011.txt	000000000011111111110000000000111111111111111111111111111111	960	1558938318
27.000000	27.000000	101655400	315	101655400	0.333333  	LogFile:	_3lo_dsm_012.txt	111111111100000000000000000000000000000000000000001111111111	315	1558938323
27.000000	27.000000	135305187	436	135305187	0.166667  	LogFile:	_3lo_dsm_013.txt	000000000000000000000000000000111111111100000000000000000000	436	1558938328
27.000000	27.000000	209983673	536	209983673	0.500000  	LogFile:	_3lo_dsm_014.txt	000000000011111111111111111111000000000000000000001111111111	536	1558938333
27.000000	27.000000	845831039	2151	845831039	0.666667  	LogFile:	_3lo_dsm_015.txt	000000000011111111111111111111000000000011111111111111111111	2151	1558938338
27.000000	27.000000	87975737	324	87975737	0.833333  	LogFile:	_3lo_dsm_016.txt	111111111100000000001111111111111111111111111111111111111111	324	1558938343
27.000000	27.000000	88593245	289	88593245	0.833333  	LogFile:	_3lo_dsm_017.txt	111111111111111111111111111111111111111111111111110000000000	289	1558938348
27.000000	27.000000	123210787	366	123210787	0.500000  	LogFile:	_3lo_dsm_018.txt	111111111111111111110000000000000000000011111111110000000000	366	1558938353
27.000000	27.000000	151534021	493	151534021	0.333333  	LogFile:	_3lo_dsm_019.txt	000000000011111111110000000000000000000011111111110000000000	493	1558938380
27.000000	27.000000	201758567	518	201758567	0.666667  	LogFile:	_3lo_dsm_020.txt	111111111100000000001111111111111111111111111111110000000000	518	1558938406
27.000000	27.000000	228128891	515	228128891	0.333333  	LogFile:	_3lo_dsm_021.txt	000000000011111111110000000000000000000000000000001111111111	515	1558938509
27.000000	27.000000	141520160	333	141520160	0.333333  	LogFile:	_3lo_dsm_022.txt	111111111100000000000000000000000000000011111111110000000000	333	1558938520
27.000000	27.000000	132253823	348	132253823	0.833333  	LogFile:	_3lo_dsm_023.txt	111111111111111111111111111111111111111100000000001111111111	348	1558938537
27.000000	27.000000	82677845	205	82677845	0.500000  	LogFile:	_3lo_dsm_024.txt	111111111100000000000000000000111111111111111111110000000000	205	1558938545
27.000000	27.000000	181340308	390	181340308	0.666667  	LogFile:	_3lo_dsm_025.txt	111111111111111111110000000000111111111100000000001111111111	390	1558938638
27.000000	27.000000	183722136	325	183722136	0.500000  	LogFile:	_3lo_dsm_026.txt	000000000000000000001111111111111111111111111111110000000000	325	1558938643
27.000000	27.000000	65560437	142	65560437	0.666667  	LogFile:	_3lo_dsm_027.txt	000000000011111111111111111111111111111111111111110000000000	142	1558938669
27.000000	27.000000	107518666	233	107518666	0.500000  	LogFile:	_3lo_dsm_028.txt	000000000011111111111111111111111111111100000000000000000000	233	1558938677
27.000000	27.000000	202358764	336	202358764	0.333333  	LogFile:	_3lo_dsm_029.txt	000000000011111111110000000000000000000011111111110000000000	336	1558938722
